
##########################
# Experiment information #
##########################

EXPERIMENT_NAME: binary64
VFC_BACKENDS: libinterflop_ieee.so

SIF_IMG: /mnt/lustre/mathdugre/containers/ants-vprec-no_metric.simg

SUBJECT_ID: s035
INPUT_IMG: /mnt/lustre/mathdugre/fast-interpolate/datasets/ds004513/derivatives/flint/antsBrainExtraction/sub-s035/BrainExtractionBrain.nii.gz
OUTPUT_DIR: /mnt/lustre/mathdugre/fast-interpolate/datasets/ds004513/derivatives/flint/antsRegistration/binary64/sub-s035

FIXED_IMG: /templateflow/tpl-MNI152NLin2009cAsym/tpl-MNI152NLin2009cAsym_res-01_desc-brain_T1w.nii.gz
DATA_DIR: /mnt/lustre/mathdugre/fast-interpolate/datasets/ds004513
TEMPLATEFLOW_DIR: /home/mathdugre/.cache/templateflow
ITK_GLOBAL_DEFAULT_NUMBER_OF_THREADS: 4
##########################

Info [verificarlo]: loaded backend libinterflop_ieee.so
Info [interflop-ieee]: load backend with:
Info [interflop-ieee]: debug = false
Info [interflop-ieee]: debug-binary = false
Info [interflop-ieee]: no-backend-name = false
Info [interflop-ieee]: print-new-line = false
Info [interflop-ieee]: print-subnormal-normalized = false
Info [interflop-ieee]: count-op = false
All_Command_lines_OK
Using double precision for computations.
=============================================================================
The composite transform comprises the following transforms (in order): 
  1. Center of mass alignment using fixed image: /templateflow/tpl-MNI152NLin2009cAsym/tpl-MNI152NLin2009cAsym_res-01_desc-brain_T1w.nii.gz and moving image: /mnt/lustre/mathdugre/fast-interpolate/datasets/ds004513/derivatives/flint/antsBrainExtraction/sub-s035/BrainExtractionBrain.nii.gz (type = Euler3DTransform)
=============================================================================
  number of levels = 4
  number of levels = 4
  number of levels = 4
  fixed image: /templateflow/tpl-MNI152NLin2009cAsym/tpl-MNI152NLin2009cAsym_res-01_desc-brain_T1w.nii.gz
  moving image: /mnt/lustre/mathdugre/fast-interpolate/datasets/ds004513/derivatives/flint/antsBrainExtraction/sub-s035/BrainExtractionBrain.nii.gz
  fixed image: /templateflow/tpl-MNI152NLin2009cAsym/tpl-MNI152NLin2009cAsym_res-01_desc-brain_T1w.nii.gz
  moving image: /mnt/lustre/mathdugre/fast-interpolate/datasets/ds004513/derivatives/flint/antsBrainExtraction/sub-s035/BrainExtractionBrain.nii.gz
  fixed image: /templateflow/tpl-MNI152NLin2009cAsym/tpl-MNI152NLin2009cAsym_res-01_desc-brain_T1w.nii.gz
  moving image: /mnt/lustre/mathdugre/fast-interpolate/datasets/ds004513/derivatives/flint/antsBrainExtraction/sub-s035/BrainExtractionBrain.nii.gz
Dimension = 3
Number of stages = 3
Use histogram matching = false
Winsorize image intensities = true
  Lower quantile = 0.005
  Upper quantile = 0.995


Stage 1 State
   Image metric = MattesMI
     Fixed image = Image (0x4c95e80)
  RTTI typeinfo:   itk::Image<double, 3u>
  Reference Count: 2
  Modified Time: 2385
  Debug: Off
  Object Name: 
  Observers: 
    none
  Source: (none)
  Source output name: (none)
  Release Data: Off
  Data Released: False
  Global Release Data: Off
  PipelineMTime: 0
  UpdateMTime: 1996
  RealTimeStamp: 0 seconds 
  LargestPossibleRegion: 
    Dimension: 3
    Index: [0, 0, 0]
    Size: [193, 229, 193]
  BufferedRegion: 
    Dimension: 3
    Index: [0, 0, 0]
    Size: [193, 229, 193]
  RequestedRegion: 
    Dimension: 3
    Index: [0, 0, 0]
    Size: [193, 229, 193]
  Spacing: [1, 1, 1]
  Origin: [96, 132, -78]
  Direction: 
-1 0 0
0 -1 0
0 0 1

  IndexToPointMatrix: 
-1 0 0
0 -1 0
0 0 1

  PointToIndexMatrix: 
-1 0 0
0 -1 0
0 0 1

  Inverse Direction: 
-1 0 0
0 -1 0
0 0 1

  PixelContainer: 
    ImportImageContainer (0x4c98380)
      RTTI typeinfo:   itk::ImportImageContainer<unsigned long, double>
      Reference Count: 1
      Modified Time: 1993
      Debug: Off
      Object Name: 
      Observers: 
        none
      Pointer: 0x7faa0a738010
      Container manages memory: true
      Size: 8530021
      Capacity: 8530021

     Moving image = Image (0x4c97490)
  RTTI typeinfo:   itk::Image<double, 3u>
  Reference Count: 2
  Modified Time: 2386
  Debug: Off
  Object Name: 
  Observers: 
    none
  Source: (none)
  Source output name: (none)
  Release Data: Off
  Data Released: False
  Global Release Data: Off
  PipelineMTime: 0
  UpdateMTime: 2383
  RealTimeStamp: 0 seconds 
  LargestPossibleRegion: 
    Dimension: 3
    Index: [0, 0, 0]
    Size: [160, 240, 256]
  BufferedRegion: 
    Dimension: 3
    Index: [0, 0, 0]
    Size: [160, 240, 256]
  RequestedRegion: 
    Dimension: 3
    Index: [0, 0, 0]
    Size: [160, 240, 256]
  Spacing: [1, 1, 1]
  Origin: [98.6438, 87.6358, -117.989]
  Direction: 
-0.993515 -0.100993 -0.0522355
0.100854 -0.994887 0.00530255
-0.0525039 1.93537e-08 0.998621

  IndexToPointMatrix: 
-0.993515 -0.100993 -0.0522355
0.100854 -0.994887 0.00530255
-0.0525039 1.93537e-08 0.998621

  PointToIndexMatrix: 
-0.993515 0.100854 -0.0525039
-0.100993 -0.994887 1.93006e-08
-0.0522355 0.00530255 0.998621

  Inverse Direction: 
-0.993515 0.100854 -0.0525039
-0.100993 -0.994887 1.93006e-08
-0.0522355 0.00530255 0.998621

  PixelContainer: 
    ImportImageContainer (0x4d20390)
      RTTI typeinfo:   itk::ImportImageContainer<unsigned long, double>
      Reference Count: 1
      Modified Time: 2380
      Debug: Off
      Object Name: 
      Observers: 
        none
      Pointer: 0x7faa05c37010
      Container manages memory: true
      Size: 9830400
      Capacity: 9830400

     Weighting = 1
     Sampling strategy = regular
     Number of bins = 32
     Radius = 4
     Sampling percentage  = 0.25
   Transform = Rigid
     Gradient step = 0.1
     Update field sigma (voxel space) = 0
     Total field sigma (voxel space) = 0
     Update field time sigma = 0
     Total field time sigma  = 0
     Number of time indices = 0
     Number of time point samples = 0
Stage 2 State
   Image metric = MattesMI
     Fixed image = Image (0x4c97b90)
  RTTI typeinfo:   itk::Image<double, 3u>
  Reference Count: 2
  Modified Time: 3161
  Debug: Off
  Object Name: 
  Observers: 
    none
  Source: (none)
  Source output name: (none)
  Release Data: Off
  Data Released: False
  Global Release Data: Off
  PipelineMTime: 0
  UpdateMTime: 2772
  RealTimeStamp: 0 seconds 
  LargestPossibleRegion: 
    Dimension: 3
    Index: [0, 0, 0]
    Size: [193, 229, 193]
  BufferedRegion: 
    Dimension: 3
    Index: [0, 0, 0]
    Size: [193, 229, 193]
  RequestedRegion: 
    Dimension: 3
    Index: [0, 0, 0]
    Size: [193, 229, 193]
  Spacing: [1, 1, 1]
  Origin: [96, 132, -78]
  Direction: 
-1 0 0
0 -1 0
0 0 1

  IndexToPointMatrix: 
-1 0 0
0 -1 0
0 0 1

  PointToIndexMatrix: 
-1 0 0
0 -1 0
0 0 1

  Inverse Direction: 
-1 0 0
0 -1 0
0 0 1

  PixelContainer: 
    ImportImageContainer (0x4cf0740)
      RTTI typeinfo:   itk::ImportImageContainer<unsigned long, double>
      Reference Count: 1
      Modified Time: 2769
      Debug: Off
      Object Name: 
      Observers: 
        none
      Pointer: 0x7faa01b22010
      Container manages memory: true
      Size: 8530021
      Capacity: 8530021

     Moving image = Image (0x4cef110)
  RTTI typeinfo:   itk::Image<double, 3u>
  Reference Count: 2
  Modified Time: 3162
  Debug: Off
  Object Name: 
  Observers: 
    none
  Source: (none)
  Source output name: (none)
  Release Data: Off
  Data Released: False
  Global Release Data: Off
  PipelineMTime: 0
  UpdateMTime: 3159
  RealTimeStamp: 0 seconds 
  LargestPossibleRegion: 
    Dimension: 3
    Index: [0, 0, 0]
    Size: [160, 240, 256]
  BufferedRegion: 
    Dimension: 3
    Index: [0, 0, 0]
    Size: [160, 240, 256]
  RequestedRegion: 
    Dimension: 3
    Index: [0, 0, 0]
    Size: [160, 240, 256]
  Spacing: [1, 1, 1]
  Origin: [98.6438, 87.6358, -117.989]
  Direction: 
-0.993515 -0.100993 -0.0522355
0.100854 -0.994887 0.00530255
-0.0525039 1.93537e-08 0.998621

  IndexToPointMatrix: 
-0.993515 -0.100993 -0.0522355
0.100854 -0.994887 0.00530255
-0.0525039 1.93537e-08 0.998621

  PointToIndexMatrix: 
-0.993515 0.100854 -0.0525039
-0.100993 -0.994887 1.93006e-08
-0.0522355 0.00530255 0.998621

  Inverse Direction: 
-0.993515 0.100854 -0.0525039
-0.100993 -0.994887 1.93006e-08
-0.0522355 0.00530255 0.998621

  PixelContainer: 
    ImportImageContainer (0x4dc0590)
      RTTI typeinfo:   itk::ImportImageContainer<unsigned long, double>
      Reference Count: 1
      Modified Time: 3156
      Debug: Off
      Object Name: 
      Observers: 
        none
      Pointer: 0x7fa9fd021010
      Container manages memory: true
      Size: 9830400
      Capacity: 9830400

     Weighting = 1
     Sampling strategy = regular
     Number of bins = 32
     Radius = 4
     Sampling percentage  = 0.25
   Transform = Affine
     Gradient step = 0.1
     Update field sigma (voxel space) = 0
     Total field sigma (voxel space) = 0
     Update field time sigma = 0
     Total field time sigma  = 0
     Number of time indices = 0
     Number of time point samples = 0
Stage 3 State
   Image metric = CC
     Fixed image = Image (0x4cea7b0)
  RTTI typeinfo:   itk::Image<double, 3u>
  Reference Count: 2
  Modified Time: 3937
  Debug: Off
  Object Name: 
  Observers: 
    none
  Source: (none)
  Source output name: (none)
  Release Data: Off
  Data Released: False
  Global Release Data: Off
  PipelineMTime: 0
  UpdateMTime: 3548
  RealTimeStamp: 0 seconds 
  LargestPossibleRegion: 
    Dimension: 3
    Index: [0, 0, 0]
    Size: [193, 229, 193]
  BufferedRegion: 
    Dimension: 3
    Index: [0, 0, 0]
    Size: [193, 229, 193]
  RequestedRegion: 
    Dimension: 3
    Index: [0, 0, 0]
    Size: [193, 229, 193]
  Spacing: [1, 1, 1]
  Origin: [96, 132, -78]
  Direction: 
-1 0 0
0 -1 0
0 0 1

  IndexToPointMatrix: 
-1 0 0
0 -1 0
0 0 1

  PointToIndexMatrix: 
-1 0 0
0 -1 0
0 0 1

  Inverse Direction: 
-1 0 0
0 -1 0
0 0 1

  PixelContainer: 
    ImportImageContainer (0x4ced0c0)
      RTTI typeinfo:   itk::ImportImageContainer<unsigned long, double>
      Reference Count: 1
      Modified Time: 3545
      Debug: Off
      Object Name: 
      Observers: 
        none
      Pointer: 0x7fa9f8f0c010
      Container manages memory: true
      Size: 8530021
      Capacity: 8530021

     Moving image = Image (0x4cecc10)
  RTTI typeinfo:   itk::Image<double, 3u>
  Reference Count: 2
  Modified Time: 3938
  Debug: Off
  Object Name: 
  Observers: 
    none
  Source: (none)
  Source output name: (none)
  Release Data: Off
  Data Released: False
  Global Release Data: Off
  PipelineMTime: 0
  UpdateMTime: 3935
  RealTimeStamp: 0 seconds 
  LargestPossibleRegion: 
    Dimension: 3
    Index: [0, 0, 0]
    Size: [160, 240, 256]
  BufferedRegion: 
    Dimension: 3
    Index: [0, 0, 0]
    Size: [160, 240, 256]
  RequestedRegion: 
    Dimension: 3
    Index: [0, 0, 0]
    Size: [160, 240, 256]
  Spacing: [1, 1, 1]
  Origin: [98.6438, 87.6358, -117.989]
  Direction: 
-0.993515 -0.100993 -0.0522355
0.100854 -0.994887 0.00530255
-0.0525039 1.93537e-08 0.998621

  IndexToPointMatrix: 
-0.993515 -0.100993 -0.0522355
0.100854 -0.994887 0.00530255
-0.0525039 1.93537e-08 0.998621

  PointToIndexMatrix: 
-0.993515 0.100854 -0.0525039
-0.100993 -0.994887 1.93006e-08
-0.0522355 0.00530255 0.998621

  Inverse Direction: 
-0.993515 0.100854 -0.0525039
-0.100993 -0.994887 1.93006e-08
-0.0522355 0.00530255 0.998621

  PixelContainer: 
    ImportImageContainer (0x4ce9190)
      RTTI typeinfo:   itk::ImportImageContainer<unsigned long, double>
      Reference Count: 1
      Modified Time: 3932
      Debug: Off
      Object Name: 
      Observers: 
        none
      Pointer: 0x7fa9f440b010
      Container manages memory: true
      Size: 9830400
      Capacity: 9830400

     Weighting = 1
     Sampling strategy = none
     Number of bins = 32
     Radius = 4
     Sampling percentage  = 1
   Transform = SyN
     Gradient step = 0.1
     Update field sigma (voxel space) = 3
     Total field sigma (voxel space) = 0
     Update field time sigma = 0
     Total field time sigma  = 0
     Number of time indices = 0
     Number of time point samples = 0
Registration using 3 total stages.

Stage 0
  iterations = 1000x500x250x100
  convergence threshold = 1e-06
  convergence window size = 10
  number of levels = 4
  using the Mattes MI metric (number of bins = 32, weight = 1, use gradient filter = 0)
  preprocessing:  winsorizing the image intensities
  Shrink factors (level 1 out of 4): [8, 8, 8]
  Shrink factors (level 2 out of 4): [4, 4, 4]
  Shrink factors (level 3 out of 4): [2, 2, 2]
  Shrink factors (level 4 out of 4): [1, 1, 1]
  smoothing sigmas per level: [3, 2, 1, 0]
  regular sampling (percentage = 0.25)

*** Running Euler3DTransform registration ***

DIAGNOSTIC,Iteration,metricValue,convergenceValue,ITERATION_TIME_INDEX,SINCE_LAST
*/mnt/lustre/mathdugre/fast-interpolate/datasets/ds004513/derivatives/flint/antsRegistration/binary64/sub-s035/Stage1_level1_Iter0001.nii.gz
2DIAGNOSTIC,     1, -5.208203172823e-01, 1.797693134862e+308, 5.0435e+00, 5.0435e+00, 
*/mnt/lustre/mathdugre/fast-interpolate/datasets/ds004513/derivatives/flint/antsRegistration/binary64/sub-s035/Stage1_level1_Iter0002.nii.gz
2DIAGNOSTIC,     2, -5.226688588263e-01, 1.797693134862e+308, 5.0719e+00, 2.8466e-02, 
*/mnt/lustre/mathdugre/fast-interpolate/datasets/ds004513/derivatives/flint/antsRegistration/binary64/sub-s035/Stage1_level1_Iter0003.nii.gz
2DIAGNOSTIC,     3, -5.257871122135e-01, 1.797693134862e+308, 5.1009e+00, 2.8938e-02, 
*/mnt/lustre/mathdugre/fast-interpolate/datasets/ds004513/derivatives/flint/antsRegistration/binary64/sub-s035/Stage1_level1_Iter0004.nii.gz
2DIAGNOSTIC,     4, -5.293400931973e-01, 1.797693134862e+308, 5.1307e+00, 2.9835e-02, 
*/mnt/lustre/mathdugre/fast-interpolate/datasets/ds004513/derivatives/flint/antsRegistration/binary64/sub-s035/Stage1_level1_Iter0005.nii.gz
2DIAGNOSTIC,     5, -5.363186030260e-01, 1.797693134862e+308, 5.1584e+00, 2.7733e-02, 
*/mnt/lustre/mathdugre/fast-interpolate/datasets/ds004513/derivatives/flint/antsRegistration/binary64/sub-s035/Stage1_level1_Iter0006.nii.gz
2DIAGNOSTIC,     6, -5.489891801458e-01, 1.797693134862e+308, 5.1886e+00, 3.0157e-02, 
*/mnt/lustre/mathdugre/fast-interpolate/datasets/ds004513/derivatives/flint/antsRegistration/binary64/sub-s035/Stage1_level1_Iter0007.nii.gz
2DIAGNOSTIC,     7, -5.529200011048e-01, 1.797693134862e+308, 5.2181e+00, 2.9493e-02, 
*/mnt/lustre/mathdugre/fast-interpolate/datasets/ds004513/derivatives/flint/antsRegistration/binary64/sub-s035/Stage1_level1_Iter0008.nii.gz
2DIAGNOSTIC,     8, -5.537829585176e-01, 1.797693134862e+308, 5.2474e+00, 2.9317e-02, 
*/mnt/lustre/mathdugre/fast-interpolate/datasets/ds004513/derivatives/flint/antsRegistration/binary64/sub-s035/Stage1_level1_Iter0009.nii.gz
2DIAGNOSTIC,     9, -5.638877604857e-01, 1.797693134862e+308, 5.2849e+00, 3.7483e-02, 
*/mnt/lustre/mathdugre/fast-interpolate/datasets/ds004513/derivatives/flint/antsRegistration/binary64/sub-s035/Stage1_level1_Iter0010.nii.gz
2DIAGNOSTIC,    10, -5.663930489216e-01, 5.997796037579e-03, 5.3262e+00, 4.1277e-02, 
*/mnt/lustre/mathdugre/fast-interpolate/datasets/ds004513/derivatives/flint/antsRegistration/binary64/sub-s035/Stage1_level1_Iter0011.nii.gz
2DIAGNOSTIC,    11, -5.664353030309e-01, 5.333619271562e-03, 5.3573e+00, 3.1086e-02, 
*/mnt/lustre/mathdugre/fast-interpolate/datasets/ds004513/derivatives/flint/antsRegistration/binary64/sub-s035/Stage1_level1_Iter0012.nii.gz
2DIAGNOSTIC,    12, -5.667476146272e-01, 4.407628432488e-03, 5.3861e+00, 2.8854e-02, 
*/mnt/lustre/mathdugre/fast-interpolate/datasets/ds004513/derivatives/flint/antsRegistration/binary64/sub-s035/Stage1_level1_Iter0013.nii.gz
2DIAGNOSTIC,    13, -5.675172264032e-01, 3.393414198860e-03, 5.4182e+00, 3.2099e-02, 
*/mnt/lustre/mathdugre/fast-interpolate/datasets/ds004513/derivatives/flint/antsRegistration/binary64/sub-s035/Stage1_level1_Iter0014.nii.gz
2DIAGNOSTIC,    14, -5.676559462586e-01, 2.351329558546e-03, 5.4479e+00, 2.9727e-02, 
*/mnt/lustre/mathdugre/fast-interpolate/datasets/ds004513/derivatives/flint/antsRegistration/binary64/sub-s035/Stage1_level1_Iter0015.nii.gz
2DIAGNOSTIC,    15, -5.678050604616e-01, 1.471069436426e-03, 5.4772e+00, 2.9288e-02, 
*/mnt/lustre/mathdugre/fast-interpolate/datasets/ds004513/derivatives/flint/antsRegistration/binary64/sub-s035/Stage1_level1_Iter0016.nii.gz
2DIAGNOSTIC,    16, -5.681447044450e-01, 9.905813082069e-04, 5.5072e+00, 2.9967e-02, 
*/mnt/lustre/mathdugre/fast-interpolate/datasets/ds004513/derivatives/flint/antsRegistration/binary64/sub-s035/Stage1_level1_Iter0017.nii.gz
2DIAGNOSTIC,    17, -5.688190723151e-01, 6.204140149419e-04, 5.5362e+00, 2.8956e-02, 
*/mnt/lustre/mathdugre/fast-interpolate/datasets/ds004513/derivatives/flint/antsRegistration/binary64/sub-s035/Stage1_level1_Iter0018.nii.gz
2DIAGNOSTIC,    18, -5.691388249621e-01, 2.610333779301e-04, 5.5730e+00, 3.6880e-02, 
*/mnt/lustre/mathdugre/fast-interpolate/datasets/ds004513/derivatives/flint/antsRegistration/binary64/sub-s035/Stage1_level1_Iter0019.nii.gz
2DIAGNOSTIC,    19, -5.696081534595e-01, 2.000147021982e-04, 5.6042e+00, 3.1207e-02, 
*/mnt/lustre/mathdugre/fast-interpolate/datasets/ds004513/derivatives/flint/antsRegistration/binary64/sub-s035/Stage1_level1_Iter0020.nii.gz
2DIAGNOSTIC,    20, -5.695595168805e-01, 1.900573727908e-04, 5.6330e+00, 2.8789e-02, 
*/mnt/lustre/mathdugre/fast-interpolate/datasets/ds004513/derivatives/flint/antsRegistration/binary64/sub-s035/Stage1_level1_Iter0021.nii.gz
2DIAGNOSTIC,    21, -5.704720596259e-01, 1.869203462425e-04, 5.6634e+00, 3.0402e-02, 
*/mnt/lustre/mathdugre/fast-interpolate/datasets/ds004513/derivatives/flint/antsRegistration/binary64/sub-s035/Stage1_level1_Iter0022.nii.gz
2DIAGNOSTIC,    22, -5.709566127821e-01, 1.840985573344e-04, 5.6926e+00, 2.9181e-02, 
*/mnt/lustre/mathdugre/fast-interpolate/datasets/ds004513/derivatives/flint/antsRegistration/binary64/sub-s035/Stage1_level1_Iter0023.nii.gz
2DIAGNOSTIC,    23, -5.713320710688e-01, 1.896296271502e-04, 5.7218e+00, 2.9236e-02, 
*/mnt/lustre/mathdugre/fast-interpolate/datasets/ds004513/derivatives/flint/antsRegistration/binary64/sub-s035/Stage1_level1_Iter0024.nii.gz
2DIAGNOSTIC,    24, -5.718701012530e-01, 1.916760166955e-04, 5.7508e+00, 2.8916e-02, 
*/mnt/lustre/mathdugre/fast-interpolate/datasets/ds004513/derivatives/flint/antsRegistration/binary64/sub-s035/Stage1_level1_Iter0025.nii.gz
2DIAGNOSTIC,    25, -5.753168015441e-01, 2.487736578974e-04, 5.7834e+00, 3.2660e-02, 
*/mnt/lustre/mathdugre/fast-interpolate/datasets/ds004513/derivatives/flint/antsRegistration/binary64/sub-s035/Stage1_level1_Iter0026.nii.gz
2DIAGNOSTIC,    26, -5.769761114576e-01, 3.149794836179e-04, 5.8234e+00, 3.9930e-02, 
*/mnt/lustre/mathdugre/fast-interpolate/datasets/ds004513/derivatives/flint/antsRegistration/binary64/sub-s035/Stage1_level1_Iter0027.nii.gz
2DIAGNOSTIC,    27, -5.778347368123e-01, 3.751440883474e-04, 5.8530e+00, 2.9637e-02, 
*/mnt/lustre/mathdugre/fast-interpolate/datasets/ds004513/derivatives/flint/antsRegistration/binary64/sub-s035/Stage1_level1_Iter0028.nii.gz
2DIAGNOSTIC,    28, -5.781962577856e-01, 4.087414119530e-04, 5.8825e+00, 2.9521e-02, 
*/mnt/lustre/mathdugre/fast-interpolate/datasets/ds004513/derivatives/flint/antsRegistration/binary64/sub-s035/Stage1_level1_Iter0029.nii.gz
2DIAGNOSTIC,    29, -5.793794907332e-01, 4.307472429001e-04, 5.9127e+00, 3.0212e-02, 
*/mnt/lustre/mathdugre/fast-interpolate/datasets/ds004513/derivatives/flint/antsRegistration/binary64/sub-s035/Stage1_level1_Iter0030.nii.gz
2DIAGNOSTIC,    30, -5.806848960776e-01, 4.301998943073e-04, 5.9553e+00, 4.2602e-02, 
*/mnt/lustre/mathdugre/fast-interpolate/datasets/ds004513/derivatives/flint/antsRegistration/binary64/sub-s035/Stage1_level1_Iter0031.nii.gz
2DIAGNOSTIC,    31, -5.815418609261e-01, 4.169259356241e-04, 5.9849e+00, 2.9576e-02, 
*/mnt/lustre/mathdugre/fast-interpolate/datasets/ds004513/derivatives/flint/antsRegistration/binary64/sub-s035/Stage1_level1_Iter0032.nii.gz
2DIAGNOSTIC,    32, -5.820693961666e-01, 3.817325662963e-04, 6.0135e+00, 2.8607e-02, 
*/mnt/lustre/mathdugre/fast-interpolate/datasets/ds004513/derivatives/flint/antsRegistration/binary64/sub-s035/Stage1_level1_Iter0033.nii.gz
2DIAGNOSTIC,    33, -5.851549106426e-01, 3.663409923080e-04, 6.0464e+00, 3.2856e-02, 
*/mnt/lustre/mathdugre/fast-interpolate/datasets/ds004513/derivatives/flint/antsRegistration/binary64/sub-s035/Stage1_level1_Iter0034.nii.gz
2DIAGNOSTIC,    34, -5.855598073291e-01, 3.288452999519e-04, 6.0750e+00, 2.8657e-02, 
*/mnt/lustre/mathdugre/fast-interpolate/datasets/ds004513/derivatives/flint/antsRegistration/binary64/sub-s035/Stage1_level1_Iter0035.nii.gz
2DIAGNOSTIC,    35, -5.867366661071e-01, 3.284922132455e-04, 6.1040e+00, 2.8977e-02, 
*/mnt/lustre/mathdugre/fast-interpolate/datasets/ds004513/derivatives/flint/antsRegistration/binary64/sub-s035/Stage1_level1_Iter0036.nii.gz
2DIAGNOSTIC,    36, -5.902226196230e-01, 3.687797058818e-04, 6.1420e+00, 3.8027e-02, 
*/mnt/lustre/mathdugre/fast-interpolate/datasets/ds004513/derivatives/flint/antsRegistration/binary64/sub-s035/Stage1_level1_Iter0037.nii.gz
2DIAGNOSTIC,    37, -5.912865719548e-01, 3.968308544256e-04, 6.1716e+00, 2.9594e-02, 
*/mnt/lustre/mathdugre/fast-interpolate/datasets/ds004513/derivatives/flint/antsRegistration/binary64/sub-s035/Stage1_level1_Iter0038.nii.gz
2DIAGNOSTIC,    38, -5.917652938109e-01, 3.963667370364e-04, 6.2012e+00, 2.9543e-02, 
*/mnt/lustre/mathdugre/fast-interpolate/datasets/ds004513/derivatives/flint/antsRegistration/binary64/sub-s035/Stage1_level1_Iter0039.nii.gz
2DIAGNOSTIC,    39, -5.928361871551e-01, 3.873778927087e-04, 6.2397e+00, 3.8558e-02, 
*/mnt/lustre/mathdugre/fast-interpolate/datasets/ds004513/derivatives/flint/antsRegistration/binary64/sub-s035/Stage1_level1_Iter0040.nii.gz
2DIAGNOSTIC,    40, -5.932397609039e-01, 3.632684475469e-04, 6.2710e+00, 3.1278e-02, 
*/mnt/lustre/mathdugre/fast-interpolate/datasets/ds004513/derivatives/flint/antsRegistration/binary64/sub-s035/Stage1_level1_Iter0041.nii.gz
2DIAGNOSTIC,    41, -5.933391697109e-01, 3.171264655793e-04, 6.3008e+00, 2.9820e-02, 
*/mnt/lustre/mathdugre/fast-interpolate/datasets/ds004513/derivatives/flint/antsRegistration/binary64/sub-s035/Stage1_level1_Iter0042.nii.gz
2DIAGNOSTIC,    42, -5.935535142605e-01, 2.509872983949e-04, 6.3300e+00, 2.9189e-02, 
*/mnt/lustre/mathdugre/fast-interpolate/datasets/ds004513/derivatives/flint/antsRegistration/binary64/sub-s035/Stage1_level1_Iter0043.nii.gz
2DIAGNOSTIC,    43, -5.938947173514e-01, 2.044134212780e-04, 6.3602e+00, 3.0222e-02, 
*/mnt/lustre/mathdugre/fast-interpolate/datasets/ds004513/derivatives/flint/antsRegistration/binary64/sub-s035/Stage1_level1_Iter0044.nii.gz
2DIAGNOSTIC,    44, -5.944910329479e-01, 1.519078392024e-04, 6.3924e+00, 3.2188e-02, 
*/mnt/lustre/mathdugre/fast-interpolate/datasets/ds004513/derivatives/flint/antsRegistration/binary64/sub-s035/Stage1_level1_Iter0045.nii.gz
2DIAGNOSTIC,    45, -5.946917986078e-01, 1.015125285186e-04, 6.4305e+00, 3.8047e-02, 
*/mnt/lustre/mathdugre/fast-interpolate/datasets/ds004513/derivatives/flint/antsRegistration/binary64/sub-s035/Stage1_level1_Iter0046.nii.gz
2DIAGNOSTIC,    46, -5.949601442867e-01, 8.428452675219e-05, 6.4590e+00, 2.8571e-02, 
*/mnt/lustre/mathdugre/fast-interpolate/datasets/ds004513/derivatives/flint/antsRegistration/binary64/sub-s035/Stage1_level1_Iter0047.nii.gz
2DIAGNOSTIC,    47, -5.952228903122e-01, 7.389652240462e-05, 6.4886e+00, 2.9532e-02, 
*/mnt/lustre/mathdugre/fast-interpolate/datasets/ds004513/derivatives/flint/antsRegistration/binary64/sub-s035/Stage1_level1_Iter0048.nii.gz
2DIAGNOSTIC,    48, -5.974424714374e-01, 8.448997307326e-05, 6.5211e+00, 3.2564e-02, 
*/mnt/lustre/mathdugre/fast-interpolate/datasets/ds004513/derivatives/flint/antsRegistration/binary64/sub-s035/Stage1_level1_Iter0049.nii.gz
2DIAGNOSTIC,    49, -5.985144457566e-01, 1.075283214564e-04, 6.5539e+00, 3.2778e-02, 
*/mnt/lustre/mathdugre/fast-interpolate/datasets/ds004513/derivatives/flint/antsRegistration/binary64/sub-s035/Stage1_level1_Iter0050.nii.gz
2DIAGNOSTIC,    50, -5.994055919631e-01, 1.321831691811e-04, 6.5839e+00, 3.0029e-02, 
*/mnt/lustre/mathdugre/fast-interpolate/datasets/ds004513/derivatives/flint/antsRegistration/binary64/sub-s035/Stage1_level1_Iter0051.nii.gz
2DIAGNOSTIC,    51, -5.996203890626e-01, 1.465179884190e-04, 6.6132e+00, 2.9255e-02, 
*/mnt/lustre/mathdugre/fast-interpolate/datasets/ds004513/derivatives/flint/antsRegistration/binary64/sub-s035/Stage1_level1_Iter0052.nii.gz
2DIAGNOSTIC,    52, -6.061593359008e-01, 2.105449411383e-04, 6.6433e+00, 3.0089e-02, 
*/mnt/lustre/mathdugre/fast-interpolate/datasets/ds004513/derivatives/flint/antsRegistration/binary64/sub-s035/Stage1_level1_Iter0053.nii.gz
2DIAGNOSTIC,    53, -6.307466544792e-01, 4.816995962542e-04, 6.6854e+00, 4.2159e-02, 
*/mnt/lustre/mathdugre/fast-interpolate/datasets/ds004513/derivatives/flint/antsRegistration/binary64/sub-s035/Stage1_level1_Iter0054.nii.gz
2DIAGNOSTIC,    54, -6.371506051661e-01, 7.535501620326e-04, 6.7179e+00, 3.2451e-02, 
*/mnt/lustre/mathdugre/fast-interpolate/datasets/ds004513/derivatives/flint/antsRegistration/binary64/sub-s035/Stage1_level1_Iter0055.nii.gz
2DIAGNOSTIC,    55, -6.428049455005e-01, 9.965514451470e-04, 6.7476e+00, 2.9685e-02, 
*/mnt/lustre/mathdugre/fast-interpolate/datasets/ds004513/derivatives/flint/antsRegistration/binary64/sub-s035/Stage1_level1_Iter0056.nii.gz
2DIAGNOSTIC,    56, -6.556371495835e-01, 1.251491459580e-03, 6.7787e+00, 3.1163e-02, 
*/mnt/lustre/mathdugre/fast-interpolate/datasets/ds004513/derivatives/flint/antsRegistration/binary64/sub-s035/Stage1_level1_Iter0057.nii.gz
2DIAGNOSTIC,    57, -6.608115515749e-01, 1.419113972287e-03, 6.8084e+00, 2.9677e-02, 
*/mnt/lustre/mathdugre/fast-interpolate/datasets/ds004513/derivatives/flint/antsRegistration/binary64/sub-s035/Stage1_level1_Iter0058.nii.gz
2DIAGNOSTIC,    58, -6.630995359413e-01, 1.478755538468e-03, 6.8398e+00, 3.1395e-02, 
*/mnt/lustre/mathdugre/fast-interpolate/datasets/ds004513/derivatives/flint/antsRegistration/binary64/sub-s035/Stage1_level1_Iter0059.nii.gz
2DIAGNOSTIC,    59, -6.661696716827e-01, 1.428903843741e-03, 6.8746e+00, 3.4740e-02, 
*/mnt/lustre/mathdugre/fast-interpolate/datasets/ds004513/derivatives/flint/antsRegistration/binary64/sub-s035/Stage1_level1_Iter0060.nii.gz
2DIAGNOSTIC,    60, -6.662697414646e-01, 1.254573498664e-03, 6.9176e+00, 4.3092e-02, 
*/mnt/lustre/mathdugre/fast-interpolate/datasets/ds004513/derivatives/flint/antsRegistration/binary64/sub-s035/Stage1_level1_Iter0061.nii.gz
2DIAGNOSTIC,    61, -6.663923099198e-01, 9.692561871853e-04, 6.9465e+00, 2.8842e-02, 
*/mnt/lustre/mathdugre/fast-interpolate/datasets/ds004513/derivatives/flint/antsRegistration/binary64/sub-s035/Stage1_level1_Iter0062.nii.gz
2DIAGNOSTIC,    62, -6.667794124231e-01, 6.504176290993e-04, 6.9766e+00, 3.0152e-02, 
*/mnt/lustre/mathdugre/fast-interpolate/datasets/ds004513/derivatives/flint/antsRegistration/binary64/sub-s035/Stage1_level1_Iter0063.nii.gz
2DIAGNOSTIC,    63, -6.672646039429e-01, 4.726996066306e-04, 7.0084e+00, 3.1760e-02, 
*/mnt/lustre/mathdugre/fast-interpolate/datasets/ds004513/derivatives/flint/antsRegistration/binary64/sub-s035/Stage1_level1_Iter0064.nii.gz
2DIAGNOSTIC,    64, -6.674141858546e-01, 3.052495846843e-04, 7.0373e+00, 2.8919e-02, 
*/mnt/lustre/mathdugre/fast-interpolate/datasets/ds004513/derivatives/flint/antsRegistration/binary64/sub-s035/Stage1_level1_Iter0065.nii.gz
2DIAGNOSTIC,    65, -6.674271683147e-01, 1.541855835655e-04, 7.0660e+00, 2.8709e-02, 
*/mnt/lustre/mathdugre/fast-interpolate/datasets/ds004513/derivatives/flint/antsRegistration/binary64/sub-s035/Stage1_level1_Iter0066.nii.gz
2DIAGNOSTIC,    66, -6.675483029014e-01, 8.713114682342e-05, 7.0946e+00, 2.8554e-02, 
*/mnt/lustre/mathdugre/fast-interpolate/datasets/ds004513/derivatives/flint/antsRegistration/binary64/sub-s035/Stage1_level1_Iter0067.nii.gz
2DIAGNOSTIC,    67, -6.680806912989e-01, 5.449844658101e-05, 7.1257e+00, 3.1116e-02, 
*/mnt/lustre/mathdugre/fast-interpolate/datasets/ds004513/derivatives/flint/antsRegistration/binary64/sub-s035/Stage1_level1_Iter0068.nii.gz
2DIAGNOSTIC,    68, -6.699307520267e-01, 4.605500372879e-05, 7.1605e+00, 3.4828e-02, 
*/mnt/lustre/mathdugre/fast-interpolate/datasets/ds004513/derivatives/flint/antsRegistration/binary64/sub-s035/Stage1_level1_Iter0069.nii.gz
2DIAGNOSTIC,    69, -6.701649837305e-01, 5.603437877107e-05, 7.1957e+00, 3.5223e-02, 
*/mnt/lustre/mathdugre/fast-interpolate/datasets/ds004513/derivatives/flint/antsRegistration/binary64/sub-s035/Stage1_level1_Iter0070.nii.gz
2DIAGNOSTIC,    70, -6.702134143916e-01, 6.157821667045e-05, 7.2239e+00, 2.8180e-02, 
*/mnt/lustre/mathdugre/fast-interpolate/datasets/ds004513/derivatives/flint/antsRegistration/binary64/sub-s035/Stage1_level1_Iter0071.nii.gz
2DIAGNOSTIC,    71, -6.708263569685e-01, 6.615386827830e-05, 7.2530e+00, 2.9027e-02, 
*/mnt/lustre/mathdugre/fast-interpolate/datasets/ds004513/derivatives/flint/antsRegistration/binary64/sub-s035/Stage1_level1_Iter0072.nii.gz
2DIAGNOSTIC,    72, -6.711401965832e-01, 6.860939370808e-05, 7.2825e+00, 2.9573e-02, 
*/mnt/lustre/mathdugre/fast-interpolate/datasets/ds004513/derivatives/flint/antsRegistration/binary64/sub-s035/Stage1_level1_Iter0073.nii.gz
2DIAGNOSTIC,    73, -6.711164425228e-01, 6.718204888303e-05, 7.3112e+00, 2.8711e-02, 
*/mnt/lustre/mathdugre/fast-interpolate/datasets/ds004513/derivatives/flint/antsRegistration/binary64/sub-s035/Stage1_level1_Iter0074.nii.gz
2DIAGNOSTIC,    74, -6.713826645721e-01, 6.211238066513e-05, 7.3491e+00, 3.7870e-02, 
*/mnt/lustre/mathdugre/fast-interpolate/datasets/ds004513/derivatives/flint/antsRegistration/binary64/sub-s035/Stage1_level1_Iter0075.nii.gz
2DIAGNOSTIC,    75, -6.714936715714e-01, 5.220043460357e-05, 7.3824e+00, 3.3331e-02, 
*/mnt/lustre/mathdugre/fast-interpolate/datasets/ds004513/derivatives/flint/antsRegistration/binary64/sub-s035/Stage1_level1_Iter0076.nii.gz
2DIAGNOSTIC,    76, -6.716605590627e-01, 3.937194612831e-05, 7.4101e+00, 2.7657e-02, 
*/mnt/lustre/mathdugre/fast-interpolate/datasets/ds004513/derivatives/flint/antsRegistration/binary64/sub-s035/Stage1_level1_Iter0077.nii.gz
2DIAGNOSTIC,    77, -6.729848531776e-01, 3.416761189433e-05, 7.4398e+00, 2.9669e-02, 
*/mnt/lustre/mathdugre/fast-interpolate/datasets/ds004513/derivatives/flint/antsRegistration/binary64/sub-s035/Stage1_level1_Iter0078.nii.gz
2DIAGNOSTIC,    78, -6.744983862201e-01, 4.593168485008e-05, 7.4814e+00, 4.1591e-02, 
*/mnt/lustre/mathdugre/fast-interpolate/datasets/ds004513/derivatives/flint/antsRegistration/binary64/sub-s035/Stage1_level1_Iter0079.nii.gz
2DIAGNOSTIC,    79, -6.744283691494e-01, 5.384509603653e-05, 7.5112e+00, 2.9813e-02, 
*/mnt/lustre/mathdugre/fast-interpolate/datasets/ds004513/derivatives/flint/antsRegistration/binary64/sub-s035/Stage1_level1_Iter0080.nii.gz
2DIAGNOSTIC,    80, -6.754664373682e-01, 6.289141824634e-05, 7.5407e+00, 2.9491e-02, 
*/mnt/lustre/mathdugre/fast-interpolate/datasets/ds004513/derivatives/flint/antsRegistration/binary64/sub-s035/Stage1_level1_Iter0081.nii.gz
2DIAGNOSTIC,    81, -6.760805637485e-01, 7.264188897354e-05, 7.5674e+00, 2.6784e-02, 
*/mnt/lustre/mathdugre/fast-interpolate/datasets/ds004513/derivatives/flint/antsRegistration/binary64/sub-s035/Stage1_level1_Iter0082.nii.gz
2DIAGNOSTIC,    82, -6.768449179420e-01, 8.113704187689e-05, 7.5955e+00, 2.8048e-02, 
*/mnt/lustre/mathdugre/fast-interpolate/datasets/ds004513/derivatives/flint/antsRegistration/binary64/sub-s035/Stage1_level1_Iter0083.nii.gz
2DIAGNOSTIC,    83, -6.775914732693e-01, 8.550181526660e-05, 7.6398e+00, 4.4292e-02, 
*/mnt/lustre/mathdugre/fast-interpolate/datasets/ds004513/derivatives/flint/antsRegistration/binary64/sub-s035/Stage1_level1_Iter0084.nii.gz
2DIAGNOSTIC,    84, -6.778759797177e-01, 8.464874680672e-05, 7.6750e+00, 3.5220e-02, 
*/mnt/lustre/mathdugre/fast-interpolate/datasets/ds004513/derivatives/flint/antsRegistration/binary64/sub-s035/Stage1_level1_Iter0085.nii.gz
2DIAGNOSTIC,    85, -6.781149225541e-01, 7.776443710909e-05, 7.7064e+00, 3.1376e-02, 
*/mnt/lustre/mathdugre/fast-interpolate/datasets/ds004513/derivatives/flint/antsRegistration/binary64/sub-s035/Stage1_level1_Iter0086.nii.gz
2DIAGNOSTIC,    86, -6.783228806780e-01, 6.545664699280e-05, 7.7379e+00, 3.1535e-02, 
*/mnt/lustre/mathdugre/fast-interpolate/datasets/ds004513/derivatives/flint/antsRegistration/binary64/sub-s035/Stage1_level1_Iter0087.nii.gz
2DIAGNOSTIC,    87, -6.784391975317e-01, 5.463332709456e-05, 7.7690e+00, 3.1105e-02, 
*/mnt/lustre/mathdugre/fast-interpolate/datasets/ds004513/derivatives/flint/antsRegistration/binary64/sub-s035/Stage1_level1_Iter0088.nii.gz
2DIAGNOSTIC,    88, -6.784509677364e-01, 4.693863649833e-05, 7.8007e+00, 3.1637e-02, 
*/mnt/lustre/mathdugre/fast-interpolate/datasets/ds004513/derivatives/flint/antsRegistration/binary64/sub-s035/Stage1_level1_Iter0089.nii.gz
2DIAGNOSTIC,    89, -6.784600349939e-01, 3.454972142729e-05, 7.8322e+00, 3.1541e-02, 
*/mnt/lustre/mathdugre/fast-interpolate/datasets/ds004513/derivatives/flint/antsRegistration/binary64/sub-s035/Stage1_level1_Iter0090.nii.gz
2DIAGNOSTIC,    90, -6.784719132207e-01, 2.455891350502e-05, 7.8661e+00, 3.3910e-02, 
*/mnt/lustre/mathdugre/fast-interpolate/datasets/ds004513/derivatives/flint/antsRegistration/binary64/sub-s035/Stage1_level1_Iter0091.nii.gz
2DIAGNOSTIC,    91, -6.784794405210e-01, 1.556399179976e-05, 7.8980e+00, 3.1922e-02, 
*/mnt/lustre/mathdugre/fast-interpolate/datasets/ds004513/derivatives/flint/antsRegistration/binary64/sub-s035/Stage1_level1_Iter0092.nii.gz
2DIAGNOSTIC,    92, -6.784859151028e-01, 9.099749376199e-06, 7.9282e+00, 3.0201e-02, 
*/mnt/lustre/mathdugre/fast-interpolate/datasets/ds004513/derivatives/flint/antsRegistration/binary64/sub-s035/Stage1_level1_Iter0093.nii.gz
2DIAGNOSTIC,    93, -6.784870032463e-01, 5.639311711868e-06, 7.9602e+00, 3.1938e-02, 
*/mnt/lustre/mathdugre/fast-interpolate/datasets/ds004513/derivatives/flint/antsRegistration/binary64/sub-s035/Stage1_level1_Iter0094.nii.gz
2DIAGNOSTIC,    94, -6.784873147184e-01, 3.133901258216e-06, 7.9894e+00, 2.9280e-02, 
*/mnt/lustre/mathdugre/fast-interpolate/datasets/ds004513/derivatives/flint/antsRegistration/binary64/sub-s035/Stage1_level1_Iter0095.nii.gz
2DIAGNOSTIC,    95, -6.784875700706e-01, 1.555673375436e-06, 8.0205e+00, 3.1097e-02, 
DIAGNOSTIC,Iteration,metricValue,convergenceValue,ITERATION_TIME_INDEX,SINCE_LAST
*/mnt/lustre/mathdugre/fast-interpolate/datasets/ds004513/derivatives/flint/antsRegistration/binary64/sub-s035/Stage1_level2_Iter0001.nii.gz
2DIAGNOSTIC,     1, -5.543631285633e-01, 1.797693134862e+308, 1.3327e+01, 5.3068e+00, 
*/mnt/lustre/mathdugre/fast-interpolate/datasets/ds004513/derivatives/flint/antsRegistration/binary64/sub-s035/Stage1_level2_Iter0002.nii.gz
2DIAGNOSTIC,     2, -5.548159602058e-01, 1.797693134862e+308, 1.3519e+01, 1.9199e-01, 
*/mnt/lustre/mathdugre/fast-interpolate/datasets/ds004513/derivatives/flint/antsRegistration/binary64/sub-s035/Stage1_level2_Iter0003.nii.gz
2DIAGNOSTIC,     3, -5.552525870466e-01, 1.797693134862e+308, 1.3706e+01, 1.8716e-01, 
*/mnt/lustre/mathdugre/fast-interpolate/datasets/ds004513/derivatives/flint/antsRegistration/binary64/sub-s035/Stage1_level2_Iter0004.nii.gz
2DIAGNOSTIC,     4, -5.555906803627e-01, 1.797693134862e+308, 1.3899e+01, 1.9224e-01, 
*/mnt/lustre/mathdugre/fast-interpolate/datasets/ds004513/derivatives/flint/antsRegistration/binary64/sub-s035/Stage1_level2_Iter0005.nii.gz
2DIAGNOSTIC,     5, -5.559884818023e-01, 1.797693134862e+308, 1.4089e+01, 1.8996e-01, 
*/mnt/lustre/mathdugre/fast-interpolate/datasets/ds004513/derivatives/flint/antsRegistration/binary64/sub-s035/Stage1_level2_Iter0006.nii.gz
2DIAGNOSTIC,     6, -5.566260246006e-01, 1.797693134862e+308, 1.4280e+01, 1.9168e-01, 
*/mnt/lustre/mathdugre/fast-interpolate/datasets/ds004513/derivatives/flint/antsRegistration/binary64/sub-s035/Stage1_level2_Iter0007.nii.gz
2DIAGNOSTIC,     7, -5.575715075863e-01, 1.797693134862e+308, 1.4471e+01, 1.9101e-01, 
*/mnt/lustre/mathdugre/fast-interpolate/datasets/ds004513/derivatives/flint/antsRegistration/binary64/sub-s035/Stage1_level2_Iter0008.nii.gz
2DIAGNOSTIC,     8, -5.595963272681e-01, 1.797693134862e+308, 1.4655e+01, 1.8344e-01, 
*/mnt/lustre/mathdugre/fast-interpolate/datasets/ds004513/derivatives/flint/antsRegistration/binary64/sub-s035/Stage1_level2_Iter0009.nii.gz
2DIAGNOSTIC,     9, -5.617239456636e-01, 1.797693134862e+308, 1.4935e+01, 2.7989e-01, 
*/mnt/lustre/mathdugre/fast-interpolate/datasets/ds004513/derivatives/flint/antsRegistration/binary64/sub-s035/Stage1_level2_Iter0010.nii.gz
2DIAGNOSTIC,    10, -5.619062117813e-01, 9.036158007602e-04, 1.5124e+01, 1.8907e-01, 
*/mnt/lustre/mathdugre/fast-interpolate/datasets/ds004513/derivatives/flint/antsRegistration/binary64/sub-s035/Stage1_level2_Iter0011.nii.gz
2DIAGNOSTIC,    11, -5.622325096315e-01, 9.004136691251e-04, 1.5340e+01, 2.1668e-01, 
*/mnt/lustre/mathdugre/fast-interpolate/datasets/ds004513/derivatives/flint/antsRegistration/binary64/sub-s035/Stage1_level2_Iter0012.nii.gz
2DIAGNOSTIC,    12, -5.633807325542e-01, 8.850958342740e-04, 1.5549e+01, 2.0862e-01, 
*/mnt/lustre/mathdugre/fast-interpolate/datasets/ds004513/derivatives/flint/antsRegistration/binary64/sub-s035/Stage1_level2_Iter0013.nii.gz
2DIAGNOSTIC,    13, -5.635389075704e-01, 8.132060761382e-04, 1.5762e+01, 2.1334e-01, 
*/mnt/lustre/mathdugre/fast-interpolate/datasets/ds004513/derivatives/flint/antsRegistration/binary64/sub-s035/Stage1_level2_Iter0014.nii.gz
2DIAGNOSTIC,    14, -5.644144983087e-01, 7.214222499881e-04, 1.5956e+01, 1.9364e-01, 
*/mnt/lustre/mathdugre/fast-interpolate/datasets/ds004513/derivatives/flint/antsRegistration/binary64/sub-s035/Stage1_level2_Iter0015.nii.gz
2DIAGNOSTIC,    15, -5.653491032408e-01, 6.217505420391e-04, 1.6259e+01, 3.0314e-01, 
*/mnt/lustre/mathdugre/fast-interpolate/datasets/ds004513/derivatives/flint/antsRegistration/binary64/sub-s035/Stage1_level2_Iter0016.nii.gz
2DIAGNOSTIC,    16, -5.654468792030e-01, 5.014525529890e-04, 1.6451e+01, 1.9195e-01, 
*/mnt/lustre/mathdugre/fast-interpolate/datasets/ds004513/derivatives/flint/antsRegistration/binary64/sub-s035/Stage1_level2_Iter0017.nii.gz
2DIAGNOSTIC,    17, -5.654830165329e-01, 3.779485171613e-04, 1.6661e+01, 2.0961e-01, 
*/mnt/lustre/mathdugre/fast-interpolate/datasets/ds004513/derivatives/flint/antsRegistration/binary64/sub-s035/Stage1_level2_Iter0018.nii.gz
2DIAGNOSTIC,    18, -5.654669441695e-01, 2.887919893207e-04, 1.6873e+01, 2.1182e-01, 
*/mnt/lustre/mathdugre/fast-interpolate/datasets/ds004513/derivatives/flint/antsRegistration/binary64/sub-s035/Stage1_level2_Iter0019.nii.gz
2DIAGNOSTIC,    19, -5.654619818500e-01, 2.391670878411e-04, 1.7063e+01, 1.9057e-01, 
*/mnt/lustre/mathdugre/fast-interpolate/datasets/ds004513/derivatives/flint/antsRegistration/binary64/sub-s035/Stage1_level2_Iter0020.nii.gz
2DIAGNOSTIC,    20, -5.654417020944e-01, 1.762903013446e-04, 1.7254e+01, 1.9094e-01, 
*/mnt/lustre/mathdugre/fast-interpolate/datasets/ds004513/derivatives/flint/antsRegistration/binary64/sub-s035/Stage1_level2_Iter0021.nii.gz
2DIAGNOSTIC,    21, -5.654752755498e-01, 1.113328498596e-04, 1.7489e+01, 2.3447e-01, 
*/mnt/lustre/mathdugre/fast-interpolate/datasets/ds004513/derivatives/flint/antsRegistration/binary64/sub-s035/Stage1_level2_Iter0022.nii.gz
2DIAGNOSTIC,    22, -5.654809516535e-01, 6.906664227055e-05, 1.7703e+01, 2.1462e-01, 
*/mnt/lustre/mathdugre/fast-interpolate/datasets/ds004513/derivatives/flint/antsRegistration/binary64/sub-s035/Stage1_level2_Iter0023.nii.gz
2DIAGNOSTIC,    23, -5.654679159460e-01, 2.710325715045e-05, 1.7914e+01, 2.1091e-01, 
*/mnt/lustre/mathdugre/fast-interpolate/datasets/ds004513/derivatives/flint/antsRegistration/binary64/sub-s035/Stage1_level2_Iter0024.nii.gz
2DIAGNOSTIC,    24, -5.654641301174e-01, 4.127276851458e-06, 1.8126e+01, 2.1199e-01, 
