
SUBJECT_ID: s017
DATA_DIR: /mnt/lustre/mathdugre/fast-interpolate/datasets/ds004513


Will run Atropos segmentation with K=3. Classes labeled in order of mean intensity. Assuming CSF=1, GM=2, WM=3

The output directory "/data/derivatives/flint/antsBrainExtraction/sub-s017" does not exist. Making it.

    Using antsBrainExtraction with the following arguments:
      image dimension         = 3
      anatomical image        = /data/sub-s017/ses-open/anat/sub-s017_ses-open_T1w.nii.gz
      extraction template     = /opt/templates/OASIS/T_template0.nii.gz
      extraction reg. mask    = 
      extraction prior        = /opt/templates/OASIS/T_template0_BrainCerebellumProbabilityMask.nii.gz
      output prefix           = /data/derivatives/flint/antsBrainExtraction/sub-s017/
      output image suffix     = nii.gz

    antsAI parameters (initial alignment):
      rotation search params  = 20,0.12
      translation search params = 40,0x40x40

    N4 parameters (pre brain extraction):
      convergence             = [ 50x50x50x50,0.0000001 ]
      shrink factor           = 4
      B-spline parameters     = [ 1x1x1, 3 ]

    Atropos parameters (extraction):
       convergence            = [ 3,0.0 ]
       likelihood             = Gaussian
       initialization         = kmeans[ 3 ]
       mrf                    = [ 0.1,1x1x1 ]
       use clock random seed  = 1

---------------------  Running antsBrainExtraction.sh on comp02  ---------------------

--------------------------------------------------------------------------------------
 Bias correction of anatomical images (pre brain extraction)
   1) pre-process by truncating the image intensities
   2) run N4
--------------------------------------------------------------------------------------

BEGIN >>>>>>>>>>>>>>>>>>>>
ImageMath 3 /data/derivatives/flint/antsBrainExtraction/sub-s017/N4Truncated0.nii.gz TruncateImageIntensity /data/sub-s017/ses-open/anat/sub-s017_ses-open_T1w.nii.gz 0.01 0.999 256
END   <<<<<<<<<<<<<<<<<<<<


BEGIN >>>>>>>>>>>>>>>>>>>>
N4BiasFieldCorrection -d 3 -i /data/derivatives/flint/antsBrainExtraction/sub-s017/N4Truncated0.nii.gz -s 4 -c [ 50x50x50x50,0.0000001 ] -b [ 1x1x1, 3 ] -o /data/derivatives/flint/antsBrainExtraction/sub-s017/N4Corrected0.nii.gz --verbose 1

Running N4 for 3-dimensional images.

Mask not read.  Using the entire image as the mask.

Original intensity range:  [0.634246, 730.406]
Current level = 1
  Iteration 1 (of 50).   Current convergence value = 0.000189612 (threshold = 1e-07)
  Iteration 2 (of 50).   Current convergence value = 0.000175823 (threshold = 1e-07)
  Iteration 3 (of 50).   Current convergence value = 0.000165409 (threshold = 1e-07)
  Iteration 4 (of 50).   Current convergence value = 0.00015747 (threshold = 1e-07)
  Iteration 5 (of 50).   Current convergence value = 0.000149282 (threshold = 1e-07)
  Iteration 6 (of 50).   Current convergence value = 0.000143385 (threshold = 1e-07)
  Iteration 7 (of 50).   Current convergence value = 0.000139581 (threshold = 1e-07)
  Iteration 8 (of 50).   Current convergence value = 0.000136318 (threshold = 1e-07)
  Iteration 9 (of 50).   Current convergence value = 0.000132089 (threshold = 1e-07)
  Iteration 10 (of 50).   Current convergence value = 0.000128416 (threshold = 1e-07)
  Iteration 11 (of 50).   Current convergence value = 0.000125375 (threshold = 1e-07)
  Iteration 12 (of 50).   Current convergence value = 0.0001232 (threshold = 1e-07)
  Iteration 13 (of 50).   Current convergence value = 0.00012148 (threshold = 1e-07)
  Iteration 14 (of 50).   Current convergence value = 0.000120282 (threshold = 1e-07)
  Iteration 15 (of 50).   Current convergence value = 0.000119005 (threshold = 1e-07)
  Iteration 16 (of 50).   Current convergence value = 0.000118592 (threshold = 1e-07)
  Iteration 17 (of 50).   Current convergence value = 0.000118265 (threshold = 1e-07)
  Iteration 18 (of 50).   Current convergence value = 0.000118007 (threshold = 1e-07)
  Iteration 19 (of 50).   Current convergence value = 0.00011796 (threshold = 1e-07)
  Iteration 20 (of 50).   Current convergence value = 0.000117903 (threshold = 1e-07)
  Iteration 21 (of 50).   Current convergence value = 0.000117713 (threshold = 1e-07)
  Iteration 22 (of 50).   Current convergence value = 0.000117618 (threshold = 1e-07)
  Iteration 23 (of 50).   Current convergence value = 0.00011766 (threshold = 1e-07)
  Iteration 24 (of 50).   Current convergence value = 0.000117631 (threshold = 1e-07)
  Iteration 25 (of 50).   Current convergence value = 0.000117621 (threshold = 1e-07)
  Iteration 26 (of 50).   Current convergence value = 0.00011764 (threshold = 1e-07)
  Iteration 27 (of 50).   Current convergence value = 0.000117747 (threshold = 1e-07)
  Iteration 28 (of 50).   Current convergence value = 0.000117864 (threshold = 1e-07)
  Iteration 29 (of 50).   Current convergence value = 0.000117906 (threshold = 1e-07)
  Iteration 30 (of 50).   Current convergence value = 0.000118182 (threshold = 1e-07)
  Iteration 31 (of 50).   Current convergence value = 0.000118459 (threshold = 1e-07)
  Iteration 32 (of 50).   Current convergence value = 0.000118689 (threshold = 1e-07)
  Iteration 33 (of 50).   Current convergence value = 0.000119026 (threshold = 1e-07)
  Iteration 34 (of 50).   Current convergence value = 0.000119299 (threshold = 1e-07)
  Iteration 35 (of 50).   Current convergence value = 0.000119489 (threshold = 1e-07)
  Iteration 36 (of 50).   Current convergence value = 0.000119757 (threshold = 1e-07)
  Iteration 37 (of 50).   Current convergence value = 0.000119973 (threshold = 1e-07)
  Iteration 38 (of 50).   Current convergence value = 0.000120242 (threshold = 1e-07)
  Iteration 39 (of 50).   Current convergence value = 0.000120437 (threshold = 1e-07)
  Iteration 40 (of 50).   Current convergence value = 0.000120595 (threshold = 1e-07)
  Iteration 41 (of 50).   Current convergence value = 0.000120595 (threshold = 1e-07)
  Iteration 42 (of 50).   Current convergence value = 0.000120741 (threshold = 1e-07)
  Iteration 43 (of 50).   Current convergence value = 0.00012085 (threshold = 1e-07)
  Iteration 44 (of 50).   Current convergence value = 0.000121011 (threshold = 1e-07)
  Iteration 45 (of 50).   Current convergence value = 0.000121172 (threshold = 1e-07)
  Iteration 46 (of 50).   Current convergence value = 0.000121335 (threshold = 1e-07)
  Iteration 47 (of 50).   Current convergence value = 0.000121464 (threshold = 1e-07)
  Iteration 48 (of 50).   Current convergence value = 0.000121627 (threshold = 1e-07)
  Iteration 49 (of 50).   Current convergence value = 0.000121764 (threshold = 1e-07)
  Iteration 50 (of 50).   Current convergence value = 0.000121883 (threshold = 1e-07)
Current level = 2
  Iteration 1 (of 50).   Current convergence value = 0.000320969 (threshold = 1e-07)
  Iteration 2 (of 50).   Current convergence value = 0.000263701 (threshold = 1e-07)
  Iteration 3 (of 50).   Current convergence value = 0.000223651 (threshold = 1e-07)
  Iteration 4 (of 50).   Current convergence value = 0.000196037 (threshold = 1e-07)
  Iteration 5 (of 50).   Current convergence value = 0.000178221 (threshold = 1e-07)
  Iteration 6 (of 50).   Current convergence value = 0.000167104 (threshold = 1e-07)
  Iteration 7 (of 50).   Current convergence value = 0.000156518 (threshold = 1e-07)
  Iteration 8 (of 50).   Current convergence value = 0.000146996 (threshold = 1e-07)
  Iteration 9 (of 50).   Current convergence value = 0.000139179 (threshold = 1e-07)
  Iteration 10 (of 50).   Current convergence value = 0.000132368 (threshold = 1e-07)
  Iteration 11 (of 50).   Current convergence value = 0.000127384 (threshold = 1e-07)
  Iteration 12 (of 50).   Current convergence value = 0.000123028 (threshold = 1e-07)
  Iteration 13 (of 50).   Current convergence value = 0.000118689 (threshold = 1e-07)
  Iteration 14 (of 50).   Current convergence value = 0.000115324 (threshold = 1e-07)
  Iteration 15 (of 50).   Current convergence value = 0.000112685 (threshold = 1e-07)
  Iteration 16 (of 50).   Current convergence value = 0.000110325 (threshold = 1e-07)
  Iteration 17 (of 50).   Current convergence value = 0.000108155 (threshold = 1e-07)
  Iteration 18 (of 50).   Current convergence value = 0.000106201 (threshold = 1e-07)
  Iteration 19 (of 50).   Current convergence value = 0.000104595 (threshold = 1e-07)
  Iteration 20 (of 50).   Current convergence value = 0.000103112 (threshold = 1e-07)
  Iteration 21 (of 50).   Current convergence value = 0.000101877 (threshold = 1e-07)
  Iteration 22 (of 50).   Current convergence value = 0.000100821 (threshold = 1e-07)
  Iteration 23 (of 50).   Current convergence value = 9.99087e-05 (threshold = 1e-07)
  Iteration 24 (of 50).   Current convergence value = 9.91451e-05 (threshold = 1e-07)
  Iteration 25 (of 50).   Current convergence value = 9.83386e-05 (threshold = 1e-07)
  Iteration 26 (of 50).   Current convergence value = 9.75841e-05 (threshold = 1e-07)
  Iteration 27 (of 50).   Current convergence value = 9.67902e-05 (threshold = 1e-07)
  Iteration 28 (of 50).   Current convergence value = 9.62464e-05 (threshold = 1e-07)
  Iteration 29 (of 50).   Current convergence value = 9.55399e-05 (threshold = 1e-07)
  Iteration 30 (of 50).   Current convergence value = 9.48769e-05 (threshold = 1e-07)
  Iteration 31 (of 50).   Current convergence value = 9.43769e-05 (threshold = 1e-07)
  Iteration 32 (of 50).   Current convergence value = 9.38031e-05 (threshold = 1e-07)
  Iteration 33 (of 50).   Current convergence value = 9.30551e-05 (threshold = 1e-07)
  Iteration 34 (of 50).   Current convergence value = 9.24406e-05 (threshold = 1e-07)
  Iteration 35 (of 50).   Current convergence value = 9.18207e-05 (threshold = 1e-07)
  Iteration 36 (of 50).   Current convergence value = 9.13933e-05 (threshold = 1e-07)
  Iteration 37 (of 50).   Current convergence value = 9.09566e-05 (threshold = 1e-07)
  Iteration 38 (of 50).   Current convergence value = 9.0541e-05 (threshold = 1e-07)
  Iteration 39 (of 50).   Current convergence value = 9.00903e-05 (threshold = 1e-07)
  Iteration 40 (of 50).   Current convergence value = 8.96391e-05 (threshold = 1e-07)
  Iteration 41 (of 50).   Current convergence value = 8.91912e-05 (threshold = 1e-07)
  Iteration 42 (of 50).   Current convergence value = 8.8739e-05 (threshold = 1e-07)
  Iteration 43 (of 50).   Current convergence value = 8.82681e-05 (threshold = 1e-07)
  Iteration 44 (of 50).   Current convergence value = 8.78073e-05 (threshold = 1e-07)
  Iteration 45 (of 50).   Current convergence value = 8.73222e-05 (threshold = 1e-07)
  Iteration 46 (of 50).   Current convergence value = 8.68159e-05 (threshold = 1e-07)
  Iteration 47 (of 50).   Current convergence value = 8.62898e-05 (threshold = 1e-07)
  Iteration 48 (of 50).   Current convergence value = 8.5757e-05 (threshold = 1e-07)
  Iteration 49 (of 50).   Current convergence value = 8.5298e-05 (threshold = 1e-07)
  Iteration 50 (of 50).   Current convergence value = 8.46426e-05 (threshold = 1e-07)
Current level = 3
  Iteration 1 (of 50).   Current convergence value = 0.000816106 (threshold = 1e-07)
  Iteration 2 (of 50).   Current convergence value = 0.000678314 (threshold = 1e-07)
  Iteration 3 (of 50).   Current convergence value = 0.000616173 (threshold = 1e-07)
  Iteration 4 (of 50).   Current convergence value = 0.000573146 (threshold = 1e-07)
  Iteration 5 (of 50).   Current convergence value = 0.000526033 (threshold = 1e-07)
  Iteration 6 (of 50).   Current convergence value = 0.000754812 (threshold = 1e-07)
  Iteration 7 (of 50).   Current convergence value = 0.00121868 (threshold = 1e-07)
  Iteration 8 (of 50).   Current convergence value = 0.00115174 (threshold = 1e-07)
  Iteration 9 (of 50).   Current convergence value = 0.000964993 (threshold = 1e-07)
  Iteration 10 (of 50).   Current convergence value = 0.00075197 (threshold = 1e-07)
  Iteration 11 (of 50).   Current convergence value = 0.000616747 (threshold = 1e-07)
  Iteration 12 (of 50).   Current convergence value = 0.000484869 (threshold = 1e-07)
  Iteration 13 (of 50).   Current convergence value = 0.00041717 (threshold = 1e-07)
  Iteration 14 (of 50).   Current convergence value = 0.000379035 (threshold = 1e-07)
  Iteration 15 (of 50).   Current convergence value = 0.000363952 (threshold = 1e-07)
  Iteration 16 (of 50).   Current convergence value = 0.000372518 (threshold = 1e-07)
  Iteration 17 (of 50).   Current convergence value = 0.00039248 (threshold = 1e-07)
  Iteration 18 (of 50).   Current convergence value = 0.000416667 (threshold = 1e-07)
  Iteration 19 (of 50).   Current convergence value = 0.000440004 (threshold = 1e-07)
  Iteration 20 (of 50).   Current convergence value = 0.000456959 (threshold = 1e-07)
  Iteration 21 (of 50).   Current convergence value = 0.000465287 (threshold = 1e-07)
  Iteration 22 (of 50).   Current convergence value = 0.000466371 (threshold = 1e-07)
  Iteration 23 (of 50).   Current convergence value = 0.000464685 (threshold = 1e-07)
  Iteration 24 (of 50).   Current convergence value = 0.000460481 (threshold = 1e-07)
  Iteration 25 (of 50).   Current convergence value = 0.00045441 (threshold = 1e-07)
  Iteration 26 (of 50).   Current convergence value = 0.000447076 (threshold = 1e-07)
  Iteration 27 (of 50).   Current convergence value = 0.000439869 (threshold = 1e-07)
  Iteration 28 (of 50).   Current convergence value = 0.000433384 (threshold = 1e-07)
  Iteration 29 (of 50).   Current convergence value = 0.000425571 (threshold = 1e-07)
  Iteration 30 (of 50).   Current convergence value = 0.000416786 (threshold = 1e-07)
  Iteration 31 (of 50).   Current convergence value = 0.000407389 (threshold = 1e-07)
  Iteration 32 (of 50).   Current convergence value = 0.000397384 (threshold = 1e-07)
  Iteration 33 (of 50).   Current convergence value = 0.000386795 (threshold = 1e-07)
  Iteration 34 (of 50).   Current convergence value = 0.000284616 (threshold = 1e-07)
  Iteration 35 (of 50).   Current convergence value = 0.000342987 (threshold = 1e-07)
  Iteration 36 (of 50).   Current convergence value = 0.000599191 (threshold = 1e-07)
  Iteration 37 (of 50).   Current convergence value = 0.000870931 (threshold = 1e-07)
  Iteration 38 (of 50).   Current convergence value = 0.000961863 (threshold = 1e-07)
  Iteration 39 (of 50).   Current convergence value = 0.000920109 (threshold = 1e-07)
  Iteration 40 (of 50).   Current convergence value = 0.000852656 (threshold = 1e-07)
  Iteration 41 (of 50).   Current convergence value = 0.000773934 (threshold = 1e-07)
  Iteration 42 (of 50).   Current convergence value = 0.000688765 (threshold = 1e-07)
  Iteration 43 (of 50).   Current convergence value = 0.000597877 (threshold = 1e-07)
  Iteration 44 (of 50).   Current convergence value = 0.000504033 (threshold = 1e-07)
  Iteration 45 (of 50).   Current convergence value = 0.000392502 (threshold = 1e-07)
  Iteration 46 (of 50).   Current convergence value = 0.000287727 (threshold = 1e-07)
  Iteration 47 (of 50).   Current convergence value = 0.000228685 (threshold = 1e-07)
  Iteration 48 (of 50).   Current convergence value = 0.000215492 (threshold = 1e-07)
  Iteration 49 (of 50).   Current convergence value = 0.000215743 (threshold = 1e-07)
  Iteration 50 (of 50).   Current convergence value = 0.000223538 (threshold = 1e-07)
Current level = 4
  Iteration 1 (of 50).   Current convergence value = 0.00142407 (threshold = 1e-07)
  Iteration 2 (of 50).   Current convergence value = 0.0012303 (threshold = 1e-07)
  Iteration 3 (of 50).   Current convergence value = 0.00115889 (threshold = 1e-07)
  Iteration 4 (of 50).   Current convergence value = 0.00113552 (threshold = 1e-07)
  Iteration 5 (of 50).   Current convergence value = 0.00113156 (threshold = 1e-07)
  Iteration 6 (of 50).   Current convergence value = 0.00112811 (threshold = 1e-07)
  Iteration 7 (of 50).   Current convergence value = 0.00112785 (threshold = 1e-07)
  Iteration 8 (of 50).   Current convergence value = 0.00112206 (threshold = 1e-07)
  Iteration 9 (of 50).   Current convergence value = 0.00110837 (threshold = 1e-07)
  Iteration 10 (of 50).   Current convergence value = 0.00105117 (threshold = 1e-07)
  Iteration 11 (of 50).   Current convergence value = 0.00140646 (threshold = 1e-07)
  Iteration 12 (of 50).   Current convergence value = 0.00137244 (threshold = 1e-07)
  Iteration 13 (of 50).   Current convergence value = 0.00128423 (threshold = 1e-07)
  Iteration 14 (of 50).   Current convergence value = 0.00113742 (threshold = 1e-07)
  Iteration 15 (of 50).   Current convergence value = 0.00103259 (threshold = 1e-07)
  Iteration 16 (of 50).   Current convergence value = 0.00102806 (threshold = 1e-07)
  Iteration 17 (of 50).   Current convergence value = 0.00105738 (threshold = 1e-07)
  Iteration 18 (of 50).   Current convergence value = 0.00108555 (threshold = 1e-07)
  Iteration 19 (of 50).   Current convergence value = 0.00109779 (threshold = 1e-07)
  Iteration 20 (of 50).   Current convergence value = 0.0010979 (threshold = 1e-07)
  Iteration 21 (of 50).   Current convergence value = 0.00107892 (threshold = 1e-07)
  Iteration 22 (of 50).   Current convergence value = 0.00104741 (threshold = 1e-07)
  Iteration 23 (of 50).   Current convergence value = 0.00100646 (threshold = 1e-07)
  Iteration 24 (of 50).   Current convergence value = 0.000963422 (threshold = 1e-07)
  Iteration 25 (of 50).   Current convergence value = 0.00089143 (threshold = 1e-07)
  Iteration 26 (of 50).   Current convergence value = 0.00103809 (threshold = 1e-07)
  Iteration 27 (of 50).   Current convergence value = 0.00124197 (threshold = 1e-07)
  Iteration 28 (of 50).   Current convergence value = 0.00119316 (threshold = 1e-07)
  Iteration 29 (of 50).   Current convergence value = 0.001047 (threshold = 1e-07)
  Iteration 30 (of 50).   Current convergence value = 0.000906559 (threshold = 1e-07)
  Iteration 31 (of 50).   Current convergence value = 0.000795364 (threshold = 1e-07)
  Iteration 32 (of 50).   Current convergence value = 0.000823019 (threshold = 1e-07)
  Iteration 33 (of 50).   Current convergence value = 0.000854136 (threshold = 1e-07)
  Iteration 34 (of 50).   Current convergence value = 0.000872488 (threshold = 1e-07)
  Iteration 35 (of 50).   Current convergence value = 0.000881454 (threshold = 1e-07)
  Iteration 36 (of 50).   Current convergence value = 0.000881694 (threshold = 1e-07)
  Iteration 37 (of 50).   Current convergence value = 0.000880423 (threshold = 1e-07)
  Iteration 38 (of 50).   Current convergence value = 0.000860909 (threshold = 1e-07)
  Iteration 39 (of 50).   Current convergence value = 0.000836752 (threshold = 1e-07)
  Iteration 40 (of 50).   Current convergence value = 0.000806224 (threshold = 1e-07)
  Iteration 41 (of 50).   Current convergence value = 0.000777609 (threshold = 1e-07)
  Iteration 42 (of 50).   Current convergence value = 0.000742773 (threshold = 1e-07)
  Iteration 43 (of 50).   Current convergence value = 0.000685548 (threshold = 1e-07)
  Iteration 44 (of 50).   Current convergence value = 0.00104745 (threshold = 1e-07)
  Iteration 45 (of 50).   Current convergence value = 0.00104812 (threshold = 1e-07)
  Iteration 46 (of 50).   Current convergence value = 0.00097566 (threshold = 1e-07)
  Iteration 47 (of 50).   Current convergence value = 0.000815638 (threshold = 1e-07)
  Iteration 48 (of 50).   Current convergence value = 0.00067137 (threshold = 1e-07)
  Iteration 49 (of 50).   Current convergence value = 0.000615721 (threshold = 1e-07)
  Iteration 50 (of 50).   Current convergence value = 0.000687132 (threshold = 1e-07)
   N4BiasFieldCorrectionImageFilter (0x55dd09766830)
     RTTI typeinfo:   itk::N4BiasFieldCorrectionImageFilter<itk::Image<float, 3u>, itk::Image<float, 3u>, itk::Image<float, 3u> >
     Reference Count: 1
     Modified Time: 678
     Debug: Off
     Object Name: 
     Observers: 
       IterationEvent(Command)
     Inputs: 
       ConfidenceImage: (0)
       MaskImage: (0x55dd097c9280)
       Primary: (0x55dd097c9960) *
     Indexed Inputs: 
       0: Primary (0x55dd097c9960)
       1: MaskImage (0x55dd097c9280)
       2: ConfidenceImage (0)
     Required Input Names: Primary
     NumberOfRequiredInputs: 1
     Outputs: 
       Primary: (0x55dd0977a880)
     Indexed Outputs: 
       0: Primary (0x55dd0977a880)
     NumberOfRequiredOutputs: 1
     Number Of Work Units: 128
     ReleaseDataFlag: Off
     ReleaseDataBeforeUpdateFlag: Off
     AbortGenerateData: Off
     Progress: 0
     Multithreader: 
       RTTI typeinfo:   itk::PoolMultiThreader
       Reference Count: 1
       Modified Time: 140
       Debug: Off
       Object Name: 
       Observers: 
         none
       Number of Work Units: 128
       Number of Threads: 64
       Global Maximum Number Of Threads: 128
       Global Default Number Of Threads: 64
       Global Default Threader Type: itk::MultiThreaderBaseEnums::Threader::Pool
       SingleMethod: 0
       SingleData: 0
     DynamicMultiThreading: On
     CoordinateTolerance: 1e-06
     DirectionTolerance: 1e-06
     Use Mask Label: 0
     Mask label: 1
     Number of histogram bins: 200
     Wiener filter noise: 0.01
     Bias field FWHM: 0.15
     Maximum number of iterations: [50, 50, 50, 50]
     Convergence threshold: 1e-07
     Spline order: 3
     Number of fitting levels: [4, 4, 4]
     Number of control points: [4, 4, 4]
     CurrentConvergenceMeasurement: 0.000687132
     CurrentLevel: 4
     ElapsedIterations: 51
     LogBiasFieldControlPointLattice: 
       Image (0x55dd09795440)
         RTTI typeinfo:   itk::Image<itk::Vector<float, 1u>, 3u>
         Reference Count: 1
         Modified Time: 980403
         Debug: Off
         Object Name: 
         Observers: 
           none
         Source: (none)
         Source output name: (none)
         Release Data: Off
         Data Released: False
         Global Release Data: Off
         PipelineMTime: 0
         UpdateMTime: 0
         RealTimeStamp: 0 seconds 
         LargestPossibleRegion: 
           Dimension: 3
           Index: [0, 0, 0]
           Size: [11, 11, 11]
         BufferedRegion: 
           Dimension: 3
           Index: [0, 0, 0]
           Size: [11, 11, 11]
         RequestedRegion: 
           Dimension: 3
           Index: [0, 0, 0]
           Size: [11, 11, 11]
         Spacing: [19.5, 29.5, 31.5]
         Origin: [21.7034, 29.4988, -30.0255]
         Direction: 
-0.997442 -5.36781e-05 -0.0714818
5.35416e-05 -1 3.82465e-06
-0.0714818 -1.23894e-08 0.997442

         IndexToPointMatrix: 
-19.4502 -0.0015835 -2.25168
0.00104406 -29.5 0.000120476
-1.3939 -3.65488e-07 31.4194

         PointToIndexMatrix: 
-0.0511508 2.74572e-06 -0.00366572
-1.8196e-06 -0.0338983 -4.19981e-10
-0.00226926 1.21417e-07 0.0316648

         Inverse Direction: 
-0.997442 5.35416e-05 -0.0714818
-5.36781e-05 -1 -1.23894e-08
-0.0714818 3.82465e-06 0.997442

         PixelContainer: 
           ImportImageContainer (0x55dd09e2c9f0)
             RTTI typeinfo:   itk::ImportImageContainer<unsigned long, itk::Vector<float, 1u> >
             Reference Count: 1
             Modified Time: 980404
             Debug: Off
             Object Name: 
             Observers: 
               none
             Pointer: 0x55dd09b392a0
             Container manages memory: true
             Size: 1331
             Capacity: 1331
Elapsed time: 102.661
END   <<<<<<<<<<<<<<<<<<<<



--------------------------------------------------------------------------------------
 Done with N4 correction (pre brain extraction):  0h 1m 48s
--------------------------------------------------------------------------------------


--------------------------------------------------------------------------------------
 Brain extraction using the following steps:
   1) Register /opt/templates/OASIS/T_template0.nii.gz to /data/derivatives/flint/antsBrainExtraction/sub-s017/N4Corrected0.nii.gz
   2) Warp /opt/templates/OASIS/T_template0_BrainCerebellumProbabilityMask.nii.gz to /data/sub-s017/ses-open/anat/sub-s017_ses-open_T1w.nii.gz using, from 1),
      /data/derivatives/flint/antsBrainExtraction/sub-s017/BrainExtractionWarp/Affine
   3) Refine segmentation results using Atropos
--------------------------------------------------------------------------------------

BEGIN >>>>>>>>>>>>>>>>>>>>
ImageMath 3 /data/derivatives/flint/antsBrainExtraction/sub-s017/BrainExtractionLaplacian.nii.gz Laplacian /data/derivatives/flint/antsBrainExtraction/sub-s017/N4Corrected0.nii.gz 1.5 1
END   <<<<<<<<<<<<<<<<<<<<


BEGIN >>>>>>>>>>>>>>>>>>>>
ImageMath 3 /data/derivatives/flint/antsBrainExtraction/sub-s017/BrainExtractionTemplateLaplacian.nii.gz Laplacian /opt/templates/OASIS/T_template0.nii.gz 1.5 1
END   <<<<<<<<<<<<<<<<<<<<


BEGIN >>>>>>>>>>>>>>>>>>>>
SmoothImage 3 /opt/templates/OASIS/T_template0.nii.gz 4 /data/derivatives/flint/antsBrainExtraction/sub-s017/BrainExtractionInitialAffineFixed.nii.gz
END   <<<<<<<<<<<<<<<<<<<<


BEGIN >>>>>>>>>>>>>>>>>>>>
SmoothImage 3 /data/derivatives/flint/antsBrainExtraction/sub-s017/N4Corrected0.nii.gz 4 /data/derivatives/flint/antsBrainExtraction/sub-s017/BrainExtractionInitialAffineMoving.nii.gz
END   <<<<<<<<<<<<<<<<<<<<


BEGIN >>>>>>>>>>>>>>>>>>>>
ResampleImageBySpacing 3 /data/derivatives/flint/antsBrainExtraction/sub-s017/BrainExtractionInitialAffineFixed.nii.gz /data/derivatives/flint/antsBrainExtraction/sub-s017/BrainExtractionInitialAffineFixed.nii.gz 5 5 5 0
 spacing [1, 1, 1] dim 3
 spacing2 [5, 5, 5]
 out space [5, 5, 5]
 output size [43, 51, 58] spc [5, 5, 5]
END   <<<<<<<<<<<<<<<<<<<<


BEGIN >>>>>>>>>>>>>>>>>>>>
ResampleImageBySpacing 3 /data/derivatives/flint/antsBrainExtraction/sub-s017/BrainExtractionInitialAffineMoving.nii.gz /data/derivatives/flint/antsBrainExtraction/sub-s017/BrainExtractionInitialAffineMoving.nii.gz 5 5 5 0
 spacing [1, 1, 1] dim 3
 spacing2 [5, 5, 5]
 out space [5, 5, 5]
 output size [32, 48, 51] spc [5, 5, 5]
END   <<<<<<<<<<<<<<<<<<<<


BEGIN >>>>>>>>>>>>>>>>>>>>
antsAI -d 3 -v 1 -m Mattes[ /data/derivatives/flint/antsBrainExtraction/sub-s017/BrainExtractionInitialAffineFixed.nii.gz,/data/derivatives/flint/antsBrainExtraction/sub-s017/BrainExtractionInitialAffineMoving.nii.gz,32,Regular,0.2 ] -t Affine[ 0.1 ] -s [ 20,0.12 ] -g [ 40,0x40x40 ] -p 0 -c 10 -o /data/derivatives/flint/antsBrainExtraction/sub-s017/BrainExtractionInitialAffine.mat
Using the Mattes MI metric (number of bins = 32)
Starting optimizer with 243 starting points

Iteration/Total,MetricValue
24/243,-0.524076
48/243,-0.606276
72/243,-0.483076
96/243,-0.537726
120/243,-0.615881
144/243,-0.49112
168/243,-0.541914
192/243,-0.113616
216/243,-0.581075
240/243,-0.591674

Optimization complete. Best metric value: -0.651005
END   <<<<<<<<<<<<<<<<<<<<


BEGIN >>>>>>>>>>>>>>>>>>>>
antsRegistration -d 3 -u 1 -w [ 0.025,0.975 ] -o /data/derivatives/flint/antsBrainExtraction/sub-s017/BrainExtractionPrior -r /data/derivatives/flint/antsBrainExtraction/sub-s017/BrainExtractionInitialAffine.mat -z 1 --float 0 --verbose 1 -m MI[ /opt/templates/OASIS/T_template0.nii.gz,/data/derivatives/flint/antsBrainExtraction/sub-s017/N4Corrected0.nii.gz,1,32,Regular,0.25 ] -c [ 1000x500x250x100,1e-8,10 ] -t Rigid[ 0.1 ] -f 8x4x2x1 -s 4x2x1x0 -m MI[ /opt/templates/OASIS/T_template0.nii.gz,/data/derivatives/flint/antsBrainExtraction/sub-s017/N4Corrected0.nii.gz,1,32,Regular,0.25 ] -c [ 1000x500x250x100,1e-8,10 ] -t Affine[ 0.1 ] -f 8x4x2x1 -s 4x2x1x0 -m CC[ /opt/templates/OASIS/T_template0.nii.gz,/data/derivatives/flint/antsBrainExtraction/sub-s017/N4Corrected0.nii.gz,0.5,4 ] -m CC[ /data/derivatives/flint/antsBrainExtraction/sub-s017/BrainExtractionTemplateLaplacian.nii.gz,/data/derivatives/flint/antsBrainExtraction/sub-s017/BrainExtractionLaplacian.nii.gz,0.5,4 ] -c [ 50x10x0,1e-9,15 ] -t SyN[ 0.1,3,0 ] -f 4x2x1 -s 2x1x0
All_Command_lines_OK
Using double precision for computations.
=============================================================================
The composite transform comprises the following transforms (in order): 
  1. /data/derivatives/flint/antsBrainExtraction/sub-s017/BrainExtractionInitialAffine.mat (type = AffineTransform)
=============================================================================
  number of levels = 4
  number of levels = 4
  number of levels = 3
  fixed image: /opt/templates/OASIS/T_template0.nii.gz
  moving image: /data/derivatives/flint/antsBrainExtraction/sub-s017/N4Corrected0.nii.gz
  fixed image: /opt/templates/OASIS/T_template0.nii.gz
  moving image: /data/derivatives/flint/antsBrainExtraction/sub-s017/N4Corrected0.nii.gz
  fixed image: /opt/templates/OASIS/T_template0.nii.gz
  moving image: /data/derivatives/flint/antsBrainExtraction/sub-s017/N4Corrected0.nii.gz
  fixed image: /data/derivatives/flint/antsBrainExtraction/sub-s017/BrainExtractionTemplateLaplacian.nii.gz
  moving image: /data/derivatives/flint/antsBrainExtraction/sub-s017/BrainExtractionLaplacian.nii.gz
Dimension = 3
Number of stages = 3
Use histogram matching = true
Winsorize image intensities = true
  Lower quantile = 0.025
  Upper quantile = 0.975


Stage 1 State
   Image metric = MattesMI
     Fixed image = Image (0x561b654dca20)
  RTTI typeinfo:   itk::Image<double, 3u>
  Reference Count: 2
  Modified Time: 1612
  Debug: Off
  Object Name: 
  Observers: 
    none
  Source: (none)
  Source output name: (none)
  Release Data: Off
  Data Released: False
  Global Release Data: Off
  PipelineMTime: 0
  UpdateMTime: 1221
  RealTimeStamp: 0 seconds 
  LargestPossibleRegion: 
    Dimension: 3
    Index: [0, 0, 0]
    Size: [216, 256, 291]
  BufferedRegion: 
    Dimension: 3
    Index: [0, 0, 0]
    Size: [216, 256, 291]
  RequestedRegion: 
    Dimension: 3
    Index: [0, 0, 0]
    Size: [216, 256, 291]
  Spacing: [1, 1, 1]
  Origin: [0, 293, 0]
  Direction: 
1 0 0
0 -0 -1
0 -1 0

  IndexToPointMatrix: 
1 0 0
0 0 -1
0 -1 0

  PointToIndexMatrix: 
1 0 0
0 0 -1
0 -1 0

  Inverse Direction: 
1 0 0
0 0 -1
0 -1 0

  PixelContainer: 
    ImportImageContainer (0x561b654f6020)
      RTTI typeinfo:   itk::ImportImageContainer<unsigned long, double>
      Reference Count: 1
      Modified Time: 1218
      Debug: Off
      Object Name: 
      Observers: 
        none
      Pointer: 0x7f1e06575010
      Container manages memory: true
      Size: 16091136
      Capacity: 16091136

     Moving image = Image (0x561b654efac0)
  RTTI typeinfo:   itk::Image<double, 3u>
  Reference Count: 2
  Modified Time: 1613
  Debug: Off
  Object Name: 
  Observers: 
    none
  Source: (none)
  Source output name: (none)
  Release Data: Off
  Data Released: False
  Global Release Data: Off
  PipelineMTime: 0
  UpdateMTime: 1610
  RealTimeStamp: 0 seconds 
  LargestPossibleRegion: 
    Dimension: 3
    Index: [0, 0, 0]
    Size: [160, 240, 256]
  BufferedRegion: 
    Dimension: 3
    Index: [0, 0, 0]
    Size: [160, 240, 256]
  RequestedRegion: 
    Dimension: 3
    Index: [0, 0, 0]
    Size: [160, 240, 256]
  Spacing: [1, 1, 1]
  Origin: [91.3357, 102.231, -120.042]
  Direction: 
-0.997442 -5.36781e-05 -0.0714818
5.35416e-05 -1 3.82465e-06
-0.0714818 -1.23894e-08 0.997442

  IndexToPointMatrix: 
-0.997444 -5.36781e-05 -0.0714818
5.35418e-05 -1 3.82465e-06
-0.0714819 -1.23894e-08 0.997442

  PointToIndexMatrix: 
-0.99744 5.35415e-05 -0.0714816
-5.36781e-05 -1 -1.23894e-08
-0.0714818 3.82465e-06 0.997442

  Inverse Direction: 
-0.997442 5.35416e-05 -0.0714818
-5.36781e-05 -1 -1.23894e-08
-0.0714818 3.82465e-06 0.997442

  PixelContainer: 
    ImportImageContainer (0x561b654f7040)
      RTTI typeinfo:   itk::ImportImageContainer<unsigned long, double>
      Reference Count: 1
      Modified Time: 1607
      Debug: Off
      Object Name: 
      Observers: 
        none
      Pointer: 0x7f1e01a74010
      Container manages memory: true
      Size: 9830400
      Capacity: 9830400

     Weighting = 1
     Sampling strategy = regular
     Number of bins = 32
     Radius = 4
     Sampling percentage  = 0.25
   Transform = Rigid
     Gradient step = 0.1
     Update field sigma (voxel space) = 0
     Total field sigma (voxel space) = 0
     Update field time sigma = 0
     Total field time sigma  = 0
     Number of time indices = 0
     Number of time point samples = 0
Stage 2 State
   Image metric = MattesMI
     Fixed image = Image (0x561b654f1c10)
  RTTI typeinfo:   itk::Image<double, 3u>
  Reference Count: 2
  Modified Time: 2390
  Debug: Off
  Object Name: 
  Observers: 
    none
  Source: (none)
  Source output name: (none)
  Release Data: Off
  Data Released: False
  Global Release Data: Off
  PipelineMTime: 0
  UpdateMTime: 1999
  RealTimeStamp: 0 seconds 
  LargestPossibleRegion: 
    Dimension: 3
    Index: [0, 0, 0]
    Size: [216, 256, 291]
  BufferedRegion: 
    Dimension: 3
    Index: [0, 0, 0]
    Size: [216, 256, 291]
  RequestedRegion: 
    Dimension: 3
    Index: [0, 0, 0]
    Size: [216, 256, 291]
  Spacing: [1, 1, 1]
  Origin: [0, 293, 0]
  Direction: 
1 0 0
0 -0 -1
0 -1 0

  IndexToPointMatrix: 
1 0 0
0 0 -1
0 -1 0

  PointToIndexMatrix: 
1 0 0
0 0 -1
0 -1 0

  Inverse Direction: 
1 0 0
0 0 -1
0 -1 0

  PixelContainer: 
    ImportImageContainer (0x561b65651af0)
      RTTI typeinfo:   itk::ImportImageContainer<unsigned long, double>
      Reference Count: 1
      Modified Time: 1996
      Debug: Off
      Object Name: 
      Observers: 
        none
      Pointer: 0x7f1df9faf010
      Container manages memory: true
      Size: 16091136
      Capacity: 16091136

     Moving image = Image (0x561b654f7ad0)
  RTTI typeinfo:   itk::Image<double, 3u>
  Reference Count: 2
  Modified Time: 2391
  Debug: Off
  Object Name: 
  Observers: 
    none
  Source: (none)
  Source output name: (none)
  Release Data: Off
  Data Released: False
  Global Release Data: Off
  PipelineMTime: 0
  UpdateMTime: 2388
  RealTimeStamp: 0 seconds 
  LargestPossibleRegion: 
    Dimension: 3
    Index: [0, 0, 0]
    Size: [160, 240, 256]
  BufferedRegion: 
    Dimension: 3
    Index: [0, 0, 0]
    Size: [160, 240, 256]
  RequestedRegion: 
    Dimension: 3
    Index: [0, 0, 0]
    Size: [160, 240, 256]
  Spacing: [1, 1, 1]
  Origin: [91.3357, 102.231, -120.042]
  Direction: 
-0.997442 -5.36781e-05 -0.0714818
5.35416e-05 -1 3.82465e-06
-0.0714818 -1.23894e-08 0.997442

  IndexToPointMatrix: 
-0.997444 -5.36781e-05 -0.0714818
5.35418e-05 -1 3.82465e-06
-0.0714819 -1.23894e-08 0.997442

  PointToIndexMatrix: 
-0.99744 5.35415e-05 -0.0714816
-5.36781e-05 -1 -1.23894e-08
-0.0714818 3.82465e-06 0.997442

  Inverse Direction: 
-0.997442 5.35416e-05 -0.0714818
-5.36781e-05 -1 -1.23894e-08
-0.0714818 3.82465e-06 0.997442

  PixelContainer: 
    ImportImageContainer (0x561b65649a50)
      RTTI typeinfo:   itk::ImportImageContainer<unsigned long, double>
      Reference Count: 1
      Modified Time: 2385
      Debug: Off
      Object Name: 
      Observers: 
        none
      Pointer: 0x7f1df54ae010
      Container manages memory: true
      Size: 9830400
      Capacity: 9830400

     Weighting = 1
     Sampling strategy = regular
     Number of bins = 32
     Radius = 4
     Sampling percentage  = 0.25
   Transform = Affine
     Gradient step = 0.1
     Update field sigma (voxel space) = 0
     Total field sigma (voxel space) = 0
     Update field time sigma = 0
     Total field time sigma  = 0
     Number of time indices = 0
     Number of time point samples = 0
Stage 3 State
   Image metric = CC
     Fixed image = Image (0x561b654fb050)
  RTTI typeinfo:   itk::Image<double, 3u>
  Reference Count: 2
  Modified Time: 3168
  Debug: Off
  Object Name: 
  Observers: 
    none
  Source: (none)
  Source output name: (none)
  Release Data: Off
  Data Released: False
  Global Release Data: Off
  PipelineMTime: 0
  UpdateMTime: 2777
  RealTimeStamp: 0 seconds 
  LargestPossibleRegion: 
    Dimension: 3
    Index: [0, 0, 0]
    Size: [216, 256, 291]
  BufferedRegion: 
    Dimension: 3
    Index: [0, 0, 0]
    Size: [216, 256, 291]
  RequestedRegion: 
    Dimension: 3
    Index: [0, 0, 0]
    Size: [216, 256, 291]
  Spacing: [1, 1, 1]
  Origin: [0, 293, 0]
  Direction: 
1 0 0
0 -0 -1
0 -1 0

  IndexToPointMatrix: 
1 0 0
0 0 -1
0 -1 0

  PointToIndexMatrix: 
1 0 0
0 0 -1
0 -1 0

  Inverse Direction: 
1 0 0
0 0 -1
0 -1 0

  PixelContainer: 
    ImportImageContainer (0x561b65749c50)
      RTTI typeinfo:   itk::ImportImageContainer<unsigned long, double>
      Reference Count: 1
      Modified Time: 2774
      Debug: Off
      Object Name: 
      Observers: 
        none
      Pointer: 0x7f1ded9e9010
      Container manages memory: true
      Size: 16091136
      Capacity: 16091136

     Moving image = Image (0x561b654f9660)
  RTTI typeinfo:   itk::Image<double, 3u>
  Reference Count: 2
  Modified Time: 3169
  Debug: Off
  Object Name: 
  Observers: 
    none
  Source: (none)
  Source output name: (none)
  Release Data: Off
  Data Released: False
  Global Release Data: Off
  PipelineMTime: 0
  UpdateMTime: 3166
  RealTimeStamp: 0 seconds 
  LargestPossibleRegion: 
    Dimension: 3
    Index: [0, 0, 0]
    Size: [160, 240, 256]
  BufferedRegion: 
    Dimension: 3
    Index: [0, 0, 0]
    Size: [160, 240, 256]
  RequestedRegion: 
    Dimension: 3
    Index: [0, 0, 0]
    Size: [160, 240, 256]
  Spacing: [1, 1, 1]
  Origin: [91.3357, 102.231, -120.042]
  Direction: 
-0.997442 -5.36781e-05 -0.0714818
5.35416e-05 -1 3.82465e-06
-0.0714818 -1.23894e-08 0.997442

  IndexToPointMatrix: 
-0.997444 -5.36781e-05 -0.0714818
5.35418e-05 -1 3.82465e-06
-0.0714819 -1.23894e-08 0.997442

  PointToIndexMatrix: 
-0.99744 5.35415e-05 -0.0714816
-5.36781e-05 -1 -1.23894e-08
-0.0714818 3.82465e-06 0.997442

  Inverse Direction: 
-0.997442 5.35416e-05 -0.0714818
-5.36781e-05 -1 -1.23894e-08
-0.0714818 3.82465e-06 0.997442

  PixelContainer: 
    ImportImageContainer (0x561b65559970)
      RTTI typeinfo:   itk::ImportImageContainer<unsigned long, double>
      Reference Count: 1
      Modified Time: 3163
      Debug: Off
      Object Name: 
      Observers: 
        none
      Pointer: 0x7f1de8ee8010
      Container manages memory: true
      Size: 9830400
      Capacity: 9830400

     Weighting = 0.5
     Sampling strategy = none
     Number of bins = 32
     Radius = 4
     Sampling percentage  = 1
   Transform = SyN
     Gradient step = 0.1
     Update field sigma (voxel space) = 3
     Total field sigma (voxel space) = 0
     Update field time sigma = 0
     Total field time sigma  = 0
     Number of time indices = 0
     Number of time point samples = 0
Registration using 3 total stages.

Stage 0
  iterations = 1000x500x250x100
  convergence threshold = 1e-08
  convergence window size = 10
  number of levels = 4
  using the Mattes MI metric (number of bins = 32, weight = 1, use gradient filter = 0)
  preprocessing:  winsorizing the image intensities
  preprocessing:  histogram matching the images
  Shrink factors (level 1 out of 4): [8, 8, 8]
  Shrink factors (level 2 out of 4): [4, 4, 4]
  Shrink factors (level 3 out of 4): [2, 2, 2]
  Shrink factors (level 4 out of 4): [1, 1, 1]
  smoothing sigmas per level: [4, 2, 1, 0]
  regular sampling (percentage = 0.25)

*** Running Euler3DTransform registration ***

DIAGNOSTIC,Iteration,metricValue,convergenceValue,ITERATION_TIME_INDEX,SINCE_LAST
 2DIAGNOSTIC,     1, -7.057853984600e-01, 1.797693134862e+308, 1.4080e+00, 1.4080e+00, 
 2DIAGNOSTIC,     2, -7.061373803482e-01, 1.797693134862e+308, 1.4260e+00, 1.7989e-02, 
 2DIAGNOSTIC,     3, -7.065089954955e-01, 1.797693134862e+308, 1.4437e+00, 1.7690e-02, 
 2DIAGNOSTIC,     4, -7.073186877185e-01, 1.797693134862e+308, 1.4617e+00, 1.8048e-02, 
 2DIAGNOSTIC,     5, -7.082082783796e-01, 1.797693134862e+308, 1.4794e+00, 1.7719e-02, 
 2DIAGNOSTIC,     6, -7.091974360978e-01, 1.797693134862e+308, 1.4976e+00, 1.8191e-02, 
 2DIAGNOSTIC,     7, -7.109319312763e-01, 1.797693134862e+308, 1.5158e+00, 1.8164e-02, 
 2DIAGNOSTIC,     8, -7.136277091460e-01, 1.797693134862e+308, 1.5334e+00, 1.7596e-02, 
