
##########################
# Experiment information #
##########################

EXPERIMENT_NAME: binary64
VFC_BACKENDS: libinterflop_ieee.so

SIF_IMG: /mnt/lustre/mathdugre/containers/ants-vprec-no_metric.simg

SUBJECT_ID: s017
INPUT_IMG: /mnt/lustre/mathdugre/fast-interpolate/datasets/ds004513/derivatives/flint/antsBrainExtraction/sub-s017/BrainExtractionBrain.nii.gz
OUTPUT_DIR: /mnt/lustre/mathdugre/fast-interpolate/datasets/ds004513/derivatives/flint/antsRegistration/binary64/sub-s017

FIXED_IMG: /templateflow/tpl-MNI152NLin2009cAsym/tpl-MNI152NLin2009cAsym_res-01_desc-brain_T1w.nii.gz
DATA_DIR: /mnt/lustre/mathdugre/fast-interpolate/datasets/ds004513
TEMPLATEFLOW_DIR: /home/mathdugre/.cache/templateflow
ITK_GLOBAL_DEFAULT_NUMBER_OF_THREADS: 4
##########################

Info [verificarlo]: loaded backend libinterflop_ieee.so
Info [interflop-ieee]: load backend with:
Info [interflop-ieee]: debug = false
Info [interflop-ieee]: debug-binary = false
Info [interflop-ieee]: no-backend-name = false
Info [interflop-ieee]: print-new-line = false
Info [interflop-ieee]: print-subnormal-normalized = false
Info [interflop-ieee]: count-op = false
All_Command_lines_OK
Using double precision for computations.
=============================================================================
The composite transform comprises the following transforms (in order): 
  1. Center of mass alignment using fixed image: /templateflow/tpl-MNI152NLin2009cAsym/tpl-MNI152NLin2009cAsym_res-01_desc-brain_T1w.nii.gz and moving image: /mnt/lustre/mathdugre/fast-interpolate/datasets/ds004513/derivatives/flint/antsBrainExtraction/sub-s017/BrainExtractionBrain.nii.gz (type = Euler3DTransform)
=============================================================================
  number of levels = 4
  number of levels = 4
  number of levels = 4
  fixed image: /templateflow/tpl-MNI152NLin2009cAsym/tpl-MNI152NLin2009cAsym_res-01_desc-brain_T1w.nii.gz
  moving image: /mnt/lustre/mathdugre/fast-interpolate/datasets/ds004513/derivatives/flint/antsBrainExtraction/sub-s017/BrainExtractionBrain.nii.gz
  fixed image: /templateflow/tpl-MNI152NLin2009cAsym/tpl-MNI152NLin2009cAsym_res-01_desc-brain_T1w.nii.gz
  moving image: /mnt/lustre/mathdugre/fast-interpolate/datasets/ds004513/derivatives/flint/antsBrainExtraction/sub-s017/BrainExtractionBrain.nii.gz
  fixed image: /templateflow/tpl-MNI152NLin2009cAsym/tpl-MNI152NLin2009cAsym_res-01_desc-brain_T1w.nii.gz
  moving image: /mnt/lustre/mathdugre/fast-interpolate/datasets/ds004513/derivatives/flint/antsBrainExtraction/sub-s017/BrainExtractionBrain.nii.gz
Dimension = 3
Number of stages = 3
Use histogram matching = false
Winsorize image intensities = true
  Lower quantile = 0.005
  Upper quantile = 0.995


Stage 1 State
   Image metric = MattesMI
     Fixed image = Image (0x4b23e80)
  RTTI typeinfo:   itk::Image<double, 3u>
  Reference Count: 2
  Modified Time: 2389
  Debug: Off
  Object Name: 
  Observers: 
    none
  Source: (none)
  Source output name: (none)
  Release Data: Off
  Data Released: False
  Global Release Data: Off
  PipelineMTime: 0
  UpdateMTime: 1998
  RealTimeStamp: 0 seconds 
  LargestPossibleRegion: 
    Dimension: 3
    Index: [0, 0, 0]
    Size: [193, 229, 193]
  BufferedRegion: 
    Dimension: 3
    Index: [0, 0, 0]
    Size: [193, 229, 193]
  RequestedRegion: 
    Dimension: 3
    Index: [0, 0, 0]
    Size: [193, 229, 193]
  Spacing: [1, 1, 1]
  Origin: [96, 132, -78]
  Direction: 
-1 0 0
0 -1 0
0 0 1

  IndexToPointMatrix: 
-1 0 0
0 -1 0
0 0 1

  PointToIndexMatrix: 
-1 0 0
0 -1 0
0 0 1

  Inverse Direction: 
-1 0 0
0 -1 0
0 0 1

  PixelContainer: 
    ImportImageContainer (0x4b787b0)
      RTTI typeinfo:   itk::ImportImageContainer<unsigned long, double>
      Reference Count: 1
      Modified Time: 1995
      Debug: Off
      Object Name: 
      Observers: 
        none
      Pointer: 0x7f5271ce0010
      Container manages memory: true
      Size: 8530021
      Capacity: 8530021

     Moving image = Image (0x4b25490)
  RTTI typeinfo:   itk::Image<double, 3u>
  Reference Count: 2
  Modified Time: 2390
  Debug: Off
  Object Name: 
  Observers: 
    none
  Source: (none)
  Source output name: (none)
  Release Data: Off
  Data Released: False
  Global Release Data: Off
  PipelineMTime: 0
  UpdateMTime: 2387
  RealTimeStamp: 0 seconds 
  LargestPossibleRegion: 
    Dimension: 3
    Index: [0, 0, 0]
    Size: [160, 240, 256]
  BufferedRegion: 
    Dimension: 3
    Index: [0, 0, 0]
    Size: [160, 240, 256]
  RequestedRegion: 
    Dimension: 3
    Index: [0, 0, 0]
    Size: [160, 240, 256]
  Spacing: [1, 1, 1]
  Origin: [91.3357, 102.231, -120.042]
  Direction: 
-0.997442 -5.36781e-05 -0.0714818
5.35416e-05 -1 3.82465e-06
-0.0714818 -1.23894e-08 0.997442

  IndexToPointMatrix: 
-0.997444 -5.36781e-05 -0.0714818
5.35418e-05 -1 3.82465e-06
-0.0714819 -1.23894e-08 0.997442

  PointToIndexMatrix: 
-0.99744 5.35415e-05 -0.0714816
-5.36781e-05 -1 -1.23894e-08
-0.0714818 3.82465e-06 0.997442

  Inverse Direction: 
-0.997442 5.35416e-05 -0.0714818
-5.36781e-05 -1 -1.23894e-08
-0.0714818 3.82465e-06 0.997442

  PixelContainer: 
    ImportImageContainer (0x4b5bf10)
      RTTI typeinfo:   itk::ImportImageContainer<unsigned long, double>
      Reference Count: 1
      Modified Time: 2384
      Debug: Off
      Object Name: 
      Observers: 
        none
      Pointer: 0x7f526d1df010
      Container manages memory: true
      Size: 9830400
      Capacity: 9830400

     Weighting = 1
     Sampling strategy = regular
     Number of bins = 32
     Radius = 4
     Sampling percentage  = 0.25
   Transform = Rigid
     Gradient step = 0.1
     Update field sigma (voxel space) = 0
     Total field sigma (voxel space) = 0
     Update field time sigma = 0
     Total field time sigma  = 0
     Number of time indices = 0
     Number of time point samples = 0
Stage 2 State
   Image metric = MattesMI
     Fixed image = Image (0x4b25b90)
  RTTI typeinfo:   itk::Image<double, 3u>
  Reference Count: 2
  Modified Time: 3167
  Debug: Off
  Object Name: 
  Observers: 
    none
  Source: (none)
  Source output name: (none)
  Release Data: Off
  Data Released: False
  Global Release Data: Off
  PipelineMTime: 0
  UpdateMTime: 2776
  RealTimeStamp: 0 seconds 
  LargestPossibleRegion: 
    Dimension: 3
    Index: [0, 0, 0]
    Size: [193, 229, 193]
  BufferedRegion: 
    Dimension: 3
    Index: [0, 0, 0]
    Size: [193, 229, 193]
  RequestedRegion: 
    Dimension: 3
    Index: [0, 0, 0]
    Size: [193, 229, 193]
  Spacing: [1, 1, 1]
  Origin: [96, 132, -78]
  Direction: 
-1 0 0
0 -1 0
0 0 1

  IndexToPointMatrix: 
-1 0 0
0 -1 0
0 0 1

  PointToIndexMatrix: 
-1 0 0
0 -1 0
0 0 1

  Inverse Direction: 
-1 0 0
0 -1 0
0 0 1

  PixelContainer: 
    ImportImageContainer (0x4b33df0)
      RTTI typeinfo:   itk::ImportImageContainer<unsigned long, double>
      Reference Count: 1
      Modified Time: 2773
      Debug: Off
      Object Name: 
      Observers: 
        none
      Pointer: 0x7f52690ca010
      Container manages memory: true
      Size: 8530021
      Capacity: 8530021

     Moving image = Image (0x4b7a380)
  RTTI typeinfo:   itk::Image<double, 3u>
  Reference Count: 2
  Modified Time: 3168
  Debug: Off
  Object Name: 
  Observers: 
    none
  Source: (none)
  Source output name: (none)
  Release Data: Off
  Data Released: False
  Global Release Data: Off
  PipelineMTime: 0
  UpdateMTime: 3165
  RealTimeStamp: 0 seconds 
  LargestPossibleRegion: 
    Dimension: 3
    Index: [0, 0, 0]
    Size: [160, 240, 256]
  BufferedRegion: 
    Dimension: 3
    Index: [0, 0, 0]
    Size: [160, 240, 256]
  RequestedRegion: 
    Dimension: 3
    Index: [0, 0, 0]
    Size: [160, 240, 256]
  Spacing: [1, 1, 1]
  Origin: [91.3357, 102.231, -120.042]
  Direction: 
-0.997442 -5.36781e-05 -0.0714818
5.35416e-05 -1 3.82465e-06
-0.0714818 -1.23894e-08 0.997442

  IndexToPointMatrix: 
-0.997444 -5.36781e-05 -0.0714818
5.35418e-05 -1 3.82465e-06
-0.0714819 -1.23894e-08 0.997442

  PointToIndexMatrix: 
-0.99744 5.35415e-05 -0.0714816
-5.36781e-05 -1 -1.23894e-08
-0.0714818 3.82465e-06 0.997442

  Inverse Direction: 
-0.997442 5.35416e-05 -0.0714818
-5.36781e-05 -1 -1.23894e-08
-0.0714818 3.82465e-06 0.997442

  PixelContainer: 
    ImportImageContainer (0x4bae390)
      RTTI typeinfo:   itk::ImportImageContainer<unsigned long, double>
      Reference Count: 1
      Modified Time: 3162
      Debug: Off
      Object Name: 
      Observers: 
        none
      Pointer: 0x7f52645c9010
      Container manages memory: true
      Size: 9830400
      Capacity: 9830400

     Weighting = 1
     Sampling strategy = regular
     Number of bins = 32
     Radius = 4
     Sampling percentage  = 0.25
   Transform = Affine
     Gradient step = 0.1
     Update field sigma (voxel space) = 0
     Total field sigma (voxel space) = 0
     Update field time sigma = 0
     Total field time sigma  = 0
     Number of time indices = 0
     Number of time point samples = 0
Stage 3 State
   Image metric = CC
     Fixed image = Image (0x4b84ae0)
  RTTI typeinfo:   itk::Image<double, 3u>
  Reference Count: 2
  Modified Time: 3945
  Debug: Off
  Object Name: 
  Observers: 
    none
  Source: (none)
  Source output name: (none)
  Release Data: Off
  Data Released: False
  Global Release Data: Off
  PipelineMTime: 0
  UpdateMTime: 3554
  RealTimeStamp: 0 seconds 
  LargestPossibleRegion: 
    Dimension: 3
    Index: [0, 0, 0]
    Size: [193, 229, 193]
  BufferedRegion: 
    Dimension: 3
    Index: [0, 0, 0]
    Size: [193, 229, 193]
  RequestedRegion: 
    Dimension: 3
    Index: [0, 0, 0]
    Size: [193, 229, 193]
  Spacing: [1, 1, 1]
  Origin: [96, 132, -78]
  Direction: 
-1 0 0
0 -1 0
0 0 1

  IndexToPointMatrix: 
-1 0 0
0 -1 0
0 0 1

  PointToIndexMatrix: 
-1 0 0
0 -1 0
0 0 1

  Inverse Direction: 
-1 0 0
0 -1 0
0 0 1

  PixelContainer: 
    ImportImageContainer (0x4c2e510)
      RTTI typeinfo:   itk::ImportImageContainer<unsigned long, double>
      Reference Count: 1
      Modified Time: 3551
      Debug: Off
      Object Name: 
      Observers: 
        none
      Pointer: 0x7f52604b4010
      Container manages memory: true
      Size: 8530021
      Capacity: 8530021

     Moving image = Image (0x4b5bbe0)
  RTTI typeinfo:   itk::Image<double, 3u>
  Reference Count: 2
  Modified Time: 3946
  Debug: Off
  Object Name: 
  Observers: 
    none
  Source: (none)
  Source output name: (none)
  Release Data: Off
  Data Released: False
  Global Release Data: Off
  PipelineMTime: 0
  UpdateMTime: 3943
  RealTimeStamp: 0 seconds 
  LargestPossibleRegion: 
    Dimension: 3
    Index: [0, 0, 0]
    Size: [160, 240, 256]
  BufferedRegion: 
    Dimension: 3
    Index: [0, 0, 0]
    Size: [160, 240, 256]
  RequestedRegion: 
    Dimension: 3
    Index: [0, 0, 0]
    Size: [160, 240, 256]
  Spacing: [1, 1, 1]
  Origin: [91.3357, 102.231, -120.042]
  Direction: 
-0.997442 -5.36781e-05 -0.0714818
5.35416e-05 -1 3.82465e-06
-0.0714818 -1.23894e-08 0.997442

  IndexToPointMatrix: 
-0.997444 -5.36781e-05 -0.0714818
5.35418e-05 -1 3.82465e-06
-0.0714819 -1.23894e-08 0.997442

  PointToIndexMatrix: 
-0.99744 5.35415e-05 -0.0714816
-5.36781e-05 -1 -1.23894e-08
-0.0714818 3.82465e-06 0.997442

  Inverse Direction: 
-0.997442 5.35416e-05 -0.0714818
-5.36781e-05 -1 -1.23894e-08
-0.0714818 3.82465e-06 0.997442

  PixelContainer: 
    ImportImageContainer (0x4bce410)
      RTTI typeinfo:   itk::ImportImageContainer<unsigned long, double>
      Reference Count: 1
      Modified Time: 3940
      Debug: Off
      Object Name: 
      Observers: 
        none
      Pointer: 0x7f525b9b3010
      Container manages memory: true
      Size: 9830400
      Capacity: 9830400

     Weighting = 1
     Sampling strategy = none
     Number of bins = 32
     Radius = 4
     Sampling percentage  = 1
   Transform = SyN
     Gradient step = 0.1
     Update field sigma (voxel space) = 3
     Total field sigma (voxel space) = 0
     Update field time sigma = 0
     Total field time sigma  = 0
     Number of time indices = 0
     Number of time point samples = 0
Registration using 3 total stages.

Stage 0
  iterations = 1000x500x250x100
  convergence threshold = 1e-06
  convergence window size = 10
  number of levels = 4
  using the Mattes MI metric (number of bins = 32, weight = 1, use gradient filter = 0)
  preprocessing:  winsorizing the image intensities
  Shrink factors (level 1 out of 4): [8, 8, 8]
  Shrink factors (level 2 out of 4): [4, 4, 4]
  Shrink factors (level 3 out of 4): [2, 2, 2]
  Shrink factors (level 4 out of 4): [1, 1, 1]
  smoothing sigmas per level: [3, 2, 1, 0]
  regular sampling (percentage = 0.25)

*** Running Euler3DTransform registration ***

DIAGNOSTIC,Iteration,metricValue,convergenceValue,ITERATION_TIME_INDEX,SINCE_LAST
*/mnt/lustre/mathdugre/fast-interpolate/datasets/ds004513/derivatives/flint/antsRegistration/binary64/sub-s017/Stage1_level1_Iter0001.nii.gz
2DIAGNOSTIC,     1, -5.568085815801e-01, 1.797693134862e+308, 5.1018e+00, 5.1018e+00, 
*/mnt/lustre/mathdugre/fast-interpolate/datasets/ds004513/derivatives/flint/antsRegistration/binary64/sub-s017/Stage1_level1_Iter0002.nii.gz
2DIAGNOSTIC,     2, -5.584586595909e-01, 1.797693134862e+308, 5.1298e+00, 2.7953e-02, 
*/mnt/lustre/mathdugre/fast-interpolate/datasets/ds004513/derivatives/flint/antsRegistration/binary64/sub-s017/Stage1_level1_Iter0003.nii.gz
2DIAGNOSTIC,     3, -5.612868126399e-01, 1.797693134862e+308, 5.1585e+00, 2.8668e-02, 
*/mnt/lustre/mathdugre/fast-interpolate/datasets/ds004513/derivatives/flint/antsRegistration/binary64/sub-s017/Stage1_level1_Iter0004.nii.gz
2DIAGNOSTIC,     4, -5.637332173276e-01, 1.797693134862e+308, 5.1858e+00, 2.7352e-02, 
*/mnt/lustre/mathdugre/fast-interpolate/datasets/ds004513/derivatives/flint/antsRegistration/binary64/sub-s017/Stage1_level1_Iter0005.nii.gz
2DIAGNOSTIC,     5, -5.657666498863e-01, 1.797693134862e+308, 5.2138e+00, 2.7987e-02, 
*/mnt/lustre/mathdugre/fast-interpolate/datasets/ds004513/derivatives/flint/antsRegistration/binary64/sub-s017/Stage1_level1_Iter0006.nii.gz
2DIAGNOSTIC,     6, -5.695816548374e-01, 1.797693134862e+308, 5.2418e+00, 2.8035e-02, 
*/mnt/lustre/mathdugre/fast-interpolate/datasets/ds004513/derivatives/flint/antsRegistration/binary64/sub-s017/Stage1_level1_Iter0007.nii.gz
2DIAGNOSTIC,     7, -5.735344388084e-01, 1.797693134862e+308, 5.2687e+00, 2.6825e-02, 
*/mnt/lustre/mathdugre/fast-interpolate/datasets/ds004513/derivatives/flint/antsRegistration/binary64/sub-s017/Stage1_level1_Iter0008.nii.gz
2DIAGNOSTIC,     8, -5.758015850433e-01, 1.797693134862e+308, 5.2993e+00, 3.0695e-02, 
*/mnt/lustre/mathdugre/fast-interpolate/datasets/ds004513/derivatives/flint/antsRegistration/binary64/sub-s017/Stage1_level1_Iter0009.nii.gz
2DIAGNOSTIC,     9, -5.796902998292e-01, 1.797693134862e+308, 5.3321e+00, 3.2733e-02, 
*/mnt/lustre/mathdugre/fast-interpolate/datasets/ds004513/derivatives/flint/antsRegistration/binary64/sub-s017/Stage1_level1_Iter0010.nii.gz
2DIAGNOSTIC,    10, -5.813220074215e-01, 2.925176840913e-03, 5.3603e+00, 2.8193e-02, 
*/mnt/lustre/mathdugre/fast-interpolate/datasets/ds004513/derivatives/flint/antsRegistration/binary64/sub-s017/Stage1_level1_Iter0011.nii.gz
2DIAGNOSTIC,    11, -5.822651892642e-01, 2.625939751958e-03, 5.3864e+00, 2.6120e-02, 
*/mnt/lustre/mathdugre/fast-interpolate/datasets/ds004513/derivatives/flint/antsRegistration/binary64/sub-s017/Stage1_level1_Iter0012.nii.gz
2DIAGNOSTIC,    12, -5.840382584495e-01, 2.282078281399e-03, 5.4173e+00, 3.0931e-02, 
*/mnt/lustre/mathdugre/fast-interpolate/datasets/ds004513/derivatives/flint/antsRegistration/binary64/sub-s017/Stage1_level1_Iter0013.nii.gz
2DIAGNOSTIC,    13, -5.855426018510e-01, 1.949527537600e-03, 5.4582e+00, 4.0898e-02, 
*/mnt/lustre/mathdugre/fast-interpolate/datasets/ds004513/derivatives/flint/antsRegistration/binary64/sub-s017/Stage1_level1_Iter0014.nii.gz
2DIAGNOSTIC,    14, -5.855846255774e-01, 1.575886009156e-03, 5.4857e+00, 2.7477e-02, 
*/mnt/lustre/mathdugre/fast-interpolate/datasets/ds004513/derivatives/flint/antsRegistration/binary64/sub-s017/Stage1_level1_Iter0015.nii.gz
2DIAGNOSTIC,    15, -5.859172121515e-01, 1.186875009398e-03, 5.5131e+00, 2.7382e-02, 
*/mnt/lustre/mathdugre/fast-interpolate/datasets/ds004513/derivatives/flint/antsRegistration/binary64/sub-s017/Stage1_level1_Iter0016.nii.gz
2DIAGNOSTIC,    16, -5.869492505979e-01, 8.875469136518e-04, 5.5406e+00, 2.7485e-02, 
*/mnt/lustre/mathdugre/fast-interpolate/datasets/ds004513/derivatives/flint/antsRegistration/binary64/sub-s017/Stage1_level1_Iter0017.nii.gz
2DIAGNOSTIC,    17, -5.877952095417e-01, 6.804511461080e-04, 5.5752e+00, 3.4622e-02, 
*/mnt/lustre/mathdugre/fast-interpolate/datasets/ds004513/derivatives/flint/antsRegistration/binary64/sub-s017/Stage1_level1_Iter0018.nii.gz
2DIAGNOSTIC,    18, -5.886816019820e-01, 5.174347684843e-04, 5.6088e+00, 3.3593e-02, 
*/mnt/lustre/mathdugre/fast-interpolate/datasets/ds004513/derivatives/flint/antsRegistration/binary64/sub-s017/Stage1_level1_Iter0019.nii.gz
2DIAGNOSTIC,    19, -5.887879761760e-01, 4.274580120498e-04, 5.6392e+00, 3.0385e-02, 
*/mnt/lustre/mathdugre/fast-interpolate/datasets/ds004513/derivatives/flint/antsRegistration/binary64/sub-s017/Stage1_level1_Iter0020.nii.gz
2DIAGNOSTIC,    20, -5.888427729820e-01, 3.493830960188e-04, 5.6670e+00, 2.7843e-02, 
*/mnt/lustre/mathdugre/fast-interpolate/datasets/ds004513/derivatives/flint/antsRegistration/binary64/sub-s017/Stage1_level1_Iter0021.nii.gz
2DIAGNOSTIC,    21, -5.888792078807e-01, 2.685210406700e-04, 5.6955e+00, 2.8516e-02, 
*/mnt/lustre/mathdugre/fast-interpolate/datasets/ds004513/derivatives/flint/antsRegistration/binary64/sub-s017/Stage1_level1_Iter0022.nii.gz
2DIAGNOSTIC,    22, -5.890921712916e-01, 2.132973332376e-04, 5.7232e+00, 2.7674e-02, 
*/mnt/lustre/mathdugre/fast-interpolate/datasets/ds004513/derivatives/flint/antsRegistration/binary64/sub-s017/Stage1_level1_Iter0023.nii.gz
2DIAGNOSTIC,    23, -5.893630869931e-01, 1.809603541564e-04, 5.7536e+00, 3.0406e-02, 
*/mnt/lustre/mathdugre/fast-interpolate/datasets/ds004513/derivatives/flint/antsRegistration/binary64/sub-s017/Stage1_level1_Iter0024.nii.gz
2DIAGNOSTIC,    24, -5.899092490845e-01, 1.466981705801e-04, 5.7923e+00, 3.8678e-02, 
*/mnt/lustre/mathdugre/fast-interpolate/datasets/ds004513/derivatives/flint/antsRegistration/binary64/sub-s017/Stage1_level1_Iter0025.nii.gz
2DIAGNOSTIC,    25, -5.899300760834e-01, 1.082138243241e-04, 5.8197e+00, 2.7434e-02, 
*/mnt/lustre/mathdugre/fast-interpolate/datasets/ds004513/derivatives/flint/antsRegistration/binary64/sub-s017/Stage1_level1_Iter0026.nii.gz
2DIAGNOSTIC,    26, -5.898540280592e-01, 8.064073498250e-05, 5.8468e+00, 2.7102e-02, 
*/mnt/lustre/mathdugre/fast-interpolate/datasets/ds004513/derivatives/flint/antsRegistration/binary64/sub-s017/Stage1_level1_Iter0027.nii.gz
2DIAGNOSTIC,    27, -5.898947379853e-01, 6.344035969969e-05, 5.8743e+00, 2.7490e-02, 
*/mnt/lustre/mathdugre/fast-interpolate/datasets/ds004513/derivatives/flint/antsRegistration/binary64/sub-s017/Stage1_level1_Iter0028.nii.gz
2DIAGNOSTIC,    28, -5.902495171089e-01, 6.311165058264e-05, 5.9016e+00, 2.7247e-02, 
*/mnt/lustre/mathdugre/fast-interpolate/datasets/ds004513/derivatives/flint/antsRegistration/binary64/sub-s017/Stage1_level1_Iter0029.nii.gz
2DIAGNOSTIC,    29, -5.903364066460e-01, 5.989766696746e-05, 5.9324e+00, 3.0891e-02, 
*/mnt/lustre/mathdugre/fast-interpolate/datasets/ds004513/derivatives/flint/antsRegistration/binary64/sub-s017/Stage1_level1_Iter0030.nii.gz
2DIAGNOSTIC,    30, -5.906574707597e-01, 5.756897332609e-05, 5.9709e+00, 3.8476e-02, 
*/mnt/lustre/mathdugre/fast-interpolate/datasets/ds004513/derivatives/flint/antsRegistration/binary64/sub-s017/Stage1_level1_Iter0031.nii.gz
2DIAGNOSTIC,    31, -5.906437209634e-01, 5.048040558094e-05, 5.9982e+00, 2.7317e-02, 
*/mnt/lustre/mathdugre/fast-interpolate/datasets/ds004513/derivatives/flint/antsRegistration/binary64/sub-s017/Stage1_level1_Iter0032.nii.gz
2DIAGNOSTIC,    32, -5.906700150701e-01, 4.285589032402e-05, 6.0248e+00, 2.6517e-02, 
*/mnt/lustre/mathdugre/fast-interpolate/datasets/ds004513/derivatives/flint/antsRegistration/binary64/sub-s017/Stage1_level1_Iter0033.nii.gz
2DIAGNOSTIC,    33, -5.908682494234e-01, 3.839116902044e-05, 6.0509e+00, 2.6140e-02, 
*/mnt/lustre/mathdugre/fast-interpolate/datasets/ds004513/derivatives/flint/antsRegistration/binary64/sub-s017/Stage1_level1_Iter0034.nii.gz
2DIAGNOSTIC,    34, -5.915796816239e-01, 4.853142173853e-05, 6.0886e+00, 3.7653e-02, 
*/mnt/lustre/mathdugre/fast-interpolate/datasets/ds004513/derivatives/flint/antsRegistration/binary64/sub-s017/Stage1_level1_Iter0035.nii.gz
2DIAGNOSTIC,    35, -5.916666109467e-01, 5.485943149709e-05, 6.1166e+00, 2.8049e-02, 
*/mnt/lustre/mathdugre/fast-interpolate/datasets/ds004513/derivatives/flint/antsRegistration/binary64/sub-s017/Stage1_level1_Iter0036.nii.gz
2DIAGNOSTIC,    36, -5.915817153030e-01, 5.369799981007e-05, 6.1474e+00, 3.0778e-02, 
*/mnt/lustre/mathdugre/fast-interpolate/datasets/ds004513/derivatives/flint/antsRegistration/binary64/sub-s017/Stage1_level1_Iter0037.nii.gz
2DIAGNOSTIC,    37, -5.916821101673e-01, 4.956659206417e-05, 6.1774e+00, 3.0018e-02, 
*/mnt/lustre/mathdugre/fast-interpolate/datasets/ds004513/derivatives/flint/antsRegistration/binary64/sub-s017/Stage1_level1_Iter0038.nii.gz
2DIAGNOSTIC,    38, -5.916823634062e-01, 4.547373727904e-05, 6.2051e+00, 2.7660e-02, 
*/mnt/lustre/mathdugre/fast-interpolate/datasets/ds004513/derivatives/flint/antsRegistration/binary64/sub-s017/Stage1_level1_Iter0039.nii.gz
2DIAGNOSTIC,    39, -5.916829228521e-01, 3.815641902679e-05, 6.2318e+00, 2.6768e-02, 
*/mnt/lustre/mathdugre/fast-interpolate/datasets/ds004513/derivatives/flint/antsRegistration/binary64/sub-s017/Stage1_level1_Iter0040.nii.gz
2DIAGNOSTIC,    40, -5.916845649931e-01, 3.159787110648e-05, 6.2590e+00, 2.7139e-02, 
*/mnt/lustre/mathdugre/fast-interpolate/datasets/ds004513/derivatives/flint/antsRegistration/binary64/sub-s017/Stage1_level1_Iter0041.nii.gz
2DIAGNOSTIC,    41, -5.916864047635e-01, 2.244974644159e-05, 6.2856e+00, 2.6626e-02, 
*/mnt/lustre/mathdugre/fast-interpolate/datasets/ds004513/derivatives/flint/antsRegistration/binary64/sub-s017/Stage1_level1_Iter0042.nii.gz
2DIAGNOSTIC,    42, -5.916932839665e-01, 1.209250028750e-05, 6.3274e+00, 4.1776e-02, 
*/mnt/lustre/mathdugre/fast-interpolate/datasets/ds004513/derivatives/flint/antsRegistration/binary64/sub-s017/Stage1_level1_Iter0043.nii.gz
2DIAGNOSTIC,    43, -5.916936571895e-01, 3.146092312178e-06, 6.3540e+00, 2.6679e-02, 
*/mnt/lustre/mathdugre/fast-interpolate/datasets/ds004513/derivatives/flint/antsRegistration/binary64/sub-s017/Stage1_level1_Iter0044.nii.gz
2DIAGNOSTIC,    44, -5.916947330277e-01, 2.232814282202e-06, 6.3817e+00, 2.7617e-02, 
*/mnt/lustre/mathdugre/fast-interpolate/datasets/ds004513/derivatives/flint/antsRegistration/binary64/sub-s017/Stage1_level1_Iter0045.nii.gz
2DIAGNOSTIC,    45, -5.917006498238e-01, 2.259534584402e-06, 6.4089e+00, 2.7231e-02, 
*/mnt/lustre/mathdugre/fast-interpolate/datasets/ds004513/derivatives/flint/antsRegistration/binary64/sub-s017/Stage1_level1_Iter0046.nii.gz
2DIAGNOSTIC,    46, -5.917033756293e-01, 1.237039574203e-06, 6.4390e+00, 3.0133e-02, 
*/mnt/lustre/mathdugre/fast-interpolate/datasets/ds004513/derivatives/flint/antsRegistration/binary64/sub-s017/Stage1_level1_Iter0047.nii.gz
2DIAGNOSTIC,    47, -5.917095302481e-01, 1.307188503170e-06, 6.4842e+00, 4.5191e-02, 
*/mnt/lustre/mathdugre/fast-interpolate/datasets/ds004513/derivatives/flint/antsRegistration/binary64/sub-s017/Stage1_level1_Iter0048.nii.gz
2DIAGNOSTIC,    48, -5.917096796554e-01, 1.318316615019e-06, 6.5650e+00, 8.0761e-02, 
*/mnt/lustre/mathdugre/fast-interpolate/datasets/ds004513/derivatives/flint/antsRegistration/binary64/sub-s017/Stage1_level1_Iter0049.nii.gz
2DIAGNOSTIC,    49, -5.917096796542e-01, 1.273996209868e-06, 6.6434e+00, 7.8460e-02, 
*/mnt/lustre/mathdugre/fast-interpolate/datasets/ds004513/derivatives/flint/antsRegistration/binary64/sub-s017/Stage1_level1_Iter0050.nii.gz
2DIAGNOSTIC,    50, -5.917096796542e-01, 1.188425665682e-06, 6.6752e+00, 3.1790e-02, 
*/mnt/lustre/mathdugre/fast-interpolate/datasets/ds004513/derivatives/flint/antsRegistration/binary64/sub-s017/Stage1_level1_Iter0051.nii.gz
2DIAGNOSTIC,    51, -5.917096796542e-01, 1.068927463037e-06, 6.7083e+00, 3.3097e-02, 
DIAGNOSTIC,Iteration,metricValue,convergenceValue,ITERATION_TIME_INDEX,SINCE_LAST
*/mnt/lustre/mathdugre/fast-interpolate/datasets/ds004513/derivatives/flint/antsRegistration/binary64/sub-s017/Stage1_level2_Iter0001.nii.gz
2DIAGNOSTIC,     1, -4.784268601489e-01, 1.797693134862e+308, 1.1913e+01, 5.2046e+00, 
*/mnt/lustre/mathdugre/fast-interpolate/datasets/ds004513/derivatives/flint/antsRegistration/binary64/sub-s017/Stage1_level2_Iter0002.nii.gz
2DIAGNOSTIC,     2, -4.784811830935e-01, 1.797693134862e+308, 1.2089e+01, 1.7578e-01, 
*/mnt/lustre/mathdugre/fast-interpolate/datasets/ds004513/derivatives/flint/antsRegistration/binary64/sub-s017/Stage1_level2_Iter0003.nii.gz
2DIAGNOSTIC,     3, -4.786681260816e-01, 1.797693134862e+308, 1.2269e+01, 1.7988e-01, 
*/mnt/lustre/mathdugre/fast-interpolate/datasets/ds004513/derivatives/flint/antsRegistration/binary64/sub-s017/Stage1_level2_Iter0004.nii.gz
2DIAGNOSTIC,     4, -4.787975498424e-01, 1.797693134862e+308, 1.2445e+01, 1.7679e-01, 
*/mnt/lustre/mathdugre/fast-interpolate/datasets/ds004513/derivatives/flint/antsRegistration/binary64/sub-s017/Stage1_level2_Iter0005.nii.gz
2DIAGNOSTIC,     5, -4.796823158102e-01, 1.797693134862e+308, 1.2625e+01, 1.7933e-01, 
*/mnt/lustre/mathdugre/fast-interpolate/datasets/ds004513/derivatives/flint/antsRegistration/binary64/sub-s017/Stage1_level2_Iter0006.nii.gz
2DIAGNOSTIC,     6, -4.821293525793e-01, 1.797693134862e+308, 1.2983e+01, 3.5865e-01, 
*/mnt/lustre/mathdugre/fast-interpolate/datasets/ds004513/derivatives/flint/antsRegistration/binary64/sub-s017/Stage1_level2_Iter0007.nii.gz
2DIAGNOSTIC,     7, -4.821752474330e-01, 1.797693134862e+308, 1.3168e+01, 1.8438e-01, 
*/mnt/lustre/mathdugre/fast-interpolate/datasets/ds004513/derivatives/flint/antsRegistration/binary64/sub-s017/Stage1_level2_Iter0008.nii.gz
2DIAGNOSTIC,     8, -4.822518488137e-01, 1.797693134862e+308, 1.3370e+01, 2.0276e-01, 
*/mnt/lustre/mathdugre/fast-interpolate/datasets/ds004513/derivatives/flint/antsRegistration/binary64/sub-s017/Stage1_level2_Iter0009.nii.gz
2DIAGNOSTIC,     9, -4.823322746922e-01, 1.797693134862e+308, 1.3581e+01, 2.1062e-01, 
*/mnt/lustre/mathdugre/fast-interpolate/datasets/ds004513/derivatives/flint/antsRegistration/binary64/sub-s017/Stage1_level2_Iter0010.nii.gz
2DIAGNOSTIC,    10, -4.824400085265e-01, 7.055114235714e-04, 1.3760e+01, 1.7872e-01, 
*/mnt/lustre/mathdugre/fast-interpolate/datasets/ds004513/derivatives/flint/antsRegistration/binary64/sub-s017/Stage1_level2_Iter0011.nii.gz
2DIAGNOSTIC,    11, -4.826602914743e-01, 6.028662076630e-04, 1.3940e+01, 1.8005e-01, 
*/mnt/lustre/mathdugre/fast-interpolate/datasets/ds004513/derivatives/flint/antsRegistration/binary64/sub-s017/Stage1_level2_Iter0012.nii.gz
2DIAGNOSTIC,    12, -4.828458186337e-01, 4.752475492766e-04, 1.4148e+01, 2.0805e-01, 
*/mnt/lustre/mathdugre/fast-interpolate/datasets/ds004513/derivatives/flint/antsRegistration/binary64/sub-s017/Stage1_level2_Iter0013.nii.gz
2DIAGNOSTIC,    13, -4.830264689030e-01, 3.433830025922e-04, 1.4372e+01, 2.2412e-01, 
*/mnt/lustre/mathdugre/fast-interpolate/datasets/ds004513/derivatives/flint/antsRegistration/binary64/sub-s017/Stage1_level2_Iter0014.nii.gz
2DIAGNOSTIC,    14, -4.830718505382e-01, 2.069906401111e-04, 1.4580e+01, 2.0827e-01, 
*/mnt/lustre/mathdugre/fast-interpolate/datasets/ds004513/derivatives/flint/antsRegistration/binary64/sub-s017/Stage1_level2_Iter0015.nii.gz
2DIAGNOSTIC,    15, -4.831099048118e-01, 1.038364867394e-04, 1.4790e+01, 2.0932e-01, 
*/mnt/lustre/mathdugre/fast-interpolate/datasets/ds004513/derivatives/flint/antsRegistration/binary64/sub-s017/Stage1_level2_Iter0016.nii.gz
2DIAGNOSTIC,    16, -4.831179253943e-01, 9.482054540104e-05, 1.4995e+01, 2.0502e-01, 
*/mnt/lustre/mathdugre/fast-interpolate/datasets/ds004513/derivatives/flint/antsRegistration/binary64/sub-s017/Stage1_level2_Iter0017.nii.gz
2DIAGNOSTIC,    17, -4.831577968497e-01, 8.119300477843e-05, 1.5175e+01, 1.7985e-01, 
*/mnt/lustre/mathdugre/fast-interpolate/datasets/ds004513/derivatives/flint/antsRegistration/binary64/sub-s017/Stage1_level2_Iter0018.nii.gz
2DIAGNOSTIC,    18, -4.831611526414e-01, 6.432220333945e-05, 1.5382e+01, 2.0745e-01, 
*/mnt/lustre/mathdugre/fast-interpolate/datasets/ds004513/derivatives/flint/antsRegistration/binary64/sub-s017/Stage1_level2_Iter0019.nii.gz
2DIAGNOSTIC,    19, -4.831655978651e-01, 4.611984948866e-05, 1.5578e+01, 1.9607e-01, 
*/mnt/lustre/mathdugre/fast-interpolate/datasets/ds004513/derivatives/flint/antsRegistration/binary64/sub-s017/Stage1_level2_Iter0020.nii.gz
2DIAGNOSTIC,    20, -4.831899894024e-01, 2.946915635954e-05, 1.5783e+01, 2.0540e-01, 
*/mnt/lustre/mathdugre/fast-interpolate/datasets/ds004513/derivatives/flint/antsRegistration/binary64/sub-s017/Stage1_level2_Iter0021.nii.gz
2DIAGNOSTIC,    21, -4.832070208539e-01, 1.838153111376e-05, 1.6011e+01, 2.2766e-01, 
*/mnt/lustre/mathdugre/fast-interpolate/datasets/ds004513/derivatives/flint/antsRegistration/binary64/sub-s017/Stage1_level2_Iter0022.nii.gz
2DIAGNOSTIC,    22, -4.832067079647e-01, 1.156526419829e-05, 1.6199e+01, 1.8819e-01, 
*/mnt/lustre/mathdugre/fast-interpolate/datasets/ds004513/derivatives/flint/antsRegistration/binary64/sub-s017/Stage1_level2_Iter0023.nii.gz
2DIAGNOSTIC,    23, -4.832023455178e-01, 8.908285278580e-06, 1.6405e+01, 2.0579e-01, 
*/mnt/lustre/mathdugre/fast-interpolate/datasets/ds004513/derivatives/flint/antsRegistration/binary64/sub-s017/Stage1_level2_Iter0024.nii.gz
2DIAGNOSTIC,    24, -4.832007113045e-01, 6.839925369276e-06, 1.6610e+01, 2.0523e-01, 
*/mnt/lustre/mathdugre/fast-interpolate/datasets/ds004513/derivatives/flint/antsRegistration/binary64/sub-s017/Stage1_level2_Iter0025.nii.gz
2DIAGNOSTIC,    25, -4.832024369108e-01, 5.353379647036e-06, 1.6815e+01, 2.0429e-01, 
*/mnt/lustre/mathdugre/fast-interpolate/datasets/ds004513/derivatives/flint/antsRegistration/binary64/sub-s017/Stage1_level2_Iter0026.nii.gz
2DIAGNOSTIC,    26, -4.832070448085e-01, 3.849138339250e-06, 1.6995e+01, 1.8089e-01, 
*/mnt/lustre/mathdugre/fast-interpolate/datasets/ds004513/derivatives/flint/antsRegistration/binary64/sub-s017/Stage1_level2_Iter0027.nii.gz
2DIAGNOSTIC,    27, -4.832186464926e-01, 3.337076541050e-06, 1.7199e+01, 2.0398e-01, 
*/mnt/lustre/mathdugre/fast-interpolate/datasets/ds004513/derivatives/flint/antsRegistration/binary64/sub-s017/Stage1_level2_Iter0028.nii.gz
2DIAGNOSTIC,    28, -4.832334579769e-01, 3.046534364504e-06, 1.7404e+01, 2.0446e-01, 
*/mnt/lustre/mathdugre/fast-interpolate/datasets/ds004513/derivatives/flint/antsRegistration/binary64/sub-s017/Stage1_level2_Iter0029.nii.gz
2DIAGNOSTIC,    29, -4.832356284280e-01, 2.716702024064e-06, 1.7608e+01, 2.0449e-01, 
*/mnt/lustre/mathdugre/fast-interpolate/datasets/ds004513/derivatives/flint/antsRegistration/binary64/sub-s017/Stage1_level2_Iter0030.nii.gz
2DIAGNOSTIC,    30, -4.833026149131e-01, 4.045062680029e-06, 1.7813e+01, 2.0504e-01, 
*/mnt/lustre/mathdugre/fast-interpolate/datasets/ds004513/derivatives/flint/antsRegistration/binary64/sub-s017/Stage1_level2_Iter0031.nii.gz
2DIAGNOSTIC,    31, -4.833072918070e-01, 5.382788734312e-06, 1.8019e+01, 2.0577e-01, 
*/mnt/lustre/mathdugre/fast-interpolate/datasets/ds004513/derivatives/flint/antsRegistration/binary64/sub-s017/Stage1_level2_Iter0032.nii.gz
2DIAGNOSTIC,    32, -4.833486094857e-01, 6.989684303862e-06, 1.8250e+01, 2.3113e-01, 
*/mnt/lustre/mathdugre/fast-interpolate/datasets/ds004513/derivatives/flint/antsRegistration/binary64/sub-s017/Stage1_level2_Iter0033.nii.gz
2DIAGNOSTIC,    33, -4.833581926875e-01, 8.020300450017e-06, 1.8461e+01, 2.1113e-01, 
*/mnt/lustre/mathdugre/fast-interpolate/datasets/ds004513/derivatives/flint/antsRegistration/binary64/sub-s017/Stage1_level2_Iter0034.nii.gz
2DIAGNOSTIC,    34, -4.833476033112e-01, 8.111280388884e-06, 1.8665e+01, 2.0390e-01, 
*/mnt/lustre/mathdugre/fast-interpolate/datasets/ds004513/derivatives/flint/antsRegistration/binary64/sub-s017/Stage1_level2_Iter0035.nii.gz
2DIAGNOSTIC,    35, -4.833088940959e-01, 6.896074240530e-06, 1.8868e+01, 2.0276e-01, 
*/mnt/lustre/mathdugre/fast-interpolate/datasets/ds004513/derivatives/flint/antsRegistration/binary64/sub-s017/Stage1_level2_Iter0036.nii.gz
2DIAGNOSTIC,    36, -4.832953295164e-01, 5.041444581109e-06, 1.9073e+01, 2.0462e-01, 
*/mnt/lustre/mathdugre/fast-interpolate/datasets/ds004513/derivatives/flint/antsRegistration/binary64/sub-s017/Stage1_level2_Iter0037.nii.gz
2DIAGNOSTIC,    37, -4.832828231594e-01, 2.872413158723e-06, 1.9253e+01, 1.8062e-01, 
DIAGNOSTIC,Iteration,metricValue,convergenceValue,ITERATION_TIME_INDEX,SINCE_LAST
*/mnt/lustre/mathdugre/fast-interpolate/datasets/ds004513/derivatives/flint/antsRegistration/binary64/sub-s017/Stage1_level3_Iter0001.nii.gz
2DIAGNOSTIC,     1, -4.159570028460e-01, 1.797693134862e+308, 2.6040e+01, 6.7868e+00, 
*/mnt/lustre/mathdugre/fast-interpolate/datasets/ds004513/derivatives/flint/antsRegistration/binary64/sub-s017/Stage1_level3_Iter0002.nii.gz
2DIAGNOSTIC,     2, -4.159731561988e-01, 1.797693134862e+308, 2.7634e+01, 1.5941e+00, 
*/mnt/lustre/mathdugre/fast-interpolate/datasets/ds004513/derivatives/flint/antsRegistration/binary64/sub-s017/Stage1_level3_Iter0003.nii.gz
2DIAGNOSTIC,     3, -4.159806812925e-01, 1.797693134862e+308, 2.9409e+01, 1.7746e+00, 
*/mnt/lustre/mathdugre/fast-interpolate/datasets/ds004513/derivatives/flint/antsRegistration/binary64/sub-s017/Stage1_level3_Iter0004.nii.gz
2DIAGNOSTIC,     4, -4.159828962050e-01, 1.797693134862e+308, 3.1169e+01, 1.7602e+00, 
*/mnt/lustre/mathdugre/fast-interpolate/datasets/ds004513/derivatives/flint/antsRegistration/binary64/sub-s017/Stage1_level3_Iter0005.nii.gz
2DIAGNOSTIC,     5, -4.159846429383e-01, 1.797693134862e+308, 3.2766e+01, 1.5973e+00, 
*/mnt/lustre/mathdugre/fast-interpolate/datasets/ds004513/derivatives/flint/antsRegistration/binary64/sub-s017/Stage1_level3_Iter0006.nii.gz
2DIAGNOSTIC,     6, -4.159794940261e-01, 1.797693134862e+308, 3.4358e+01, 1.5920e+00, 
*/mnt/lustre/mathdugre/fast-interpolate/datasets/ds004513/derivatives/flint/antsRegistration/binary64/sub-s017/Stage1_level3_Iter0007.nii.gz
2DIAGNOSTIC,     7, -4.159799628277e-01, 1.797693134862e+308, 3.5962e+01, 1.6034e+00, 
*/mnt/lustre/mathdugre/fast-interpolate/datasets/ds004513/derivatives/flint/antsRegistration/binary64/sub-s017/Stage1_level3_Iter0008.nii.gz
2DIAGNOSTIC,     8, -4.159784161200e-01, 1.797693134862e+308, 3.7747e+01, 1.7847e+00, 
*/mnt/lustre/mathdugre/fast-interpolate/datasets/ds004513/derivatives/flint/antsRegistration/binary64/sub-s017/Stage1_level3_Iter0009.nii.gz
2DIAGNOSTIC,     9, -4.159761327212e-01, 1.797693134862e+308, 3.9341e+01, 1.5944e+00, 
*/mnt/lustre/mathdugre/fast-interpolate/datasets/ds004513/derivatives/flint/antsRegistration/binary64/sub-s017/Stage1_level3_Iter0010.nii.gz
2DIAGNOSTIC,    10, -4.159760494415e-01, 4.399611672382e-06, 4.0937e+01, 1.5964e+00, 
*/mnt/lustre/mathdugre/fast-interpolate/datasets/ds004513/derivatives/flint/antsRegistration/binary64/sub-s017/Stage1_level3_Iter0011.nii.gz
2DIAGNOSTIC,    11, -4.159743134083e-01, 2.241687648799e-06, 4.2327e+01, 1.3900e+00, 
*/mnt/lustre/mathdugre/fast-interpolate/datasets/ds004513/derivatives/flint/antsRegistration/binary64/sub-s017/Stage1_level3_Iter0012.nii.gz
2DIAGNOSTIC,    12, -4.159763217515e-01, 1.528253757918e-06, 4.3731e+01, 1.4035e+00, 
*/mnt/lustre/mathdugre/fast-interpolate/datasets/ds004513/derivatives/flint/antsRegistration/binary64/sub-s017/Stage1_level3_Iter0013.nii.gz
2DIAGNOSTIC,    13, -4.159807604307e-01, 1.645597698677e-06, 4.5534e+01, 1.8028e+00, 
*/mnt/lustre/mathdugre/fast-interpolate/datasets/ds004513/derivatives/flint/antsRegistration/binary64/sub-s017/Stage1_level3_Iter0014.nii.gz
2DIAGNOSTIC,    14, -4.159801826780e-01, 1.889541799069e-06, 4.7111e+01, 1.5773e+00, 
*/mnt/lustre/mathdugre/fast-interpolate/datasets/ds004513/derivatives/flint/antsRegistration/binary64/sub-s017/Stage1_level3_Iter0015.nii.gz
2DIAGNOSTIC,    15, -4.159792400512e-01, 2.183784167456e-06, 4.8512e+01, 1.4014e+00, 
*/mnt/lustre/mathdugre/fast-interpolate/datasets/ds004513/derivatives/flint/antsRegistration/binary64/sub-s017/Stage1_level3_Iter0016.nii.gz
2DIAGNOSTIC,    16, -4.159812381185e-01, 2.302828680648e-06, 5.0288e+01, 1.7752e+00, 
*/mnt/lustre/mathdugre/fast-interpolate/datasets/ds004513/derivatives/flint/antsRegistration/binary64/sub-s017/Stage1_level3_Iter0017.nii.gz
2DIAGNOSTIC,    17, -4.159809599730e-01, 2.382279236650e-06, 5.1861e+01, 1.5730e+00, 
*/mnt/lustre/mathdugre/fast-interpolate/datasets/ds004513/derivatives/flint/antsRegistration/binary64/sub-s017/Stage1_level3_Iter0018.nii.gz
2DIAGNOSTIC,    18, -4.159797232443e-01, 2.298996404755e-06, 5.3269e+01, 1.4088e+00, 
*/mnt/lustre/mathdugre/fast-interpolate/datasets/ds004513/derivatives/flint/antsRegistration/binary64/sub-s017/Stage1_level3_Iter0019.nii.gz
2DIAGNOSTIC,    19, -4.159803911158e-01, 2.119818997448e-06, 5.4853e+01, 1.5839e+00, 
*/mnt/lustre/mathdugre/fast-interpolate/datasets/ds004513/derivatives/flint/antsRegistration/binary64/sub-s017/Stage1_level3_Iter0020.nii.gz
2DIAGNOSTIC,    20, -4.159809769876e-01, 1.938365849573e-06, 5.6427e+01, 1.5741e+00, 
*/mnt/lustre/mathdugre/fast-interpolate/datasets/ds004513/derivatives/flint/antsRegistration/binary64/sub-s017/Stage1_level3_Iter0021.nii.gz
2DIAGNOSTIC,    21, -4.159813586781e-01, 1.695398960139e-06, 5.7833e+01, 1.4057e+00, 
*/mnt/lustre/mathdugre/fast-interpolate/datasets/ds004513/derivatives/flint/antsRegistration/binary64/sub-s017/Stage1_level3_Iter0022.nii.gz
2DIAGNOSTIC,    22, -4.159801821163e-01, 1.479116244589e-06, 5.9426e+01, 1.5933e+00, 
*/mnt/lustre/mathdugre/fast-interpolate/datasets/ds004513/derivatives/flint/antsRegistration/binary64/sub-s017/Stage1_level3_Iter0023.nii.gz
2DIAGNOSTIC,    23, -4.159796974414e-01, 1.399110125429e-06, 6.0838e+01, 1.4113e+00, 
*/mnt/lustre/mathdugre/fast-interpolate/datasets/ds004513/derivatives/flint/antsRegistration/binary64/sub-s017/Stage1_level3_Iter0024.nii.gz
2DIAGNOSTIC,    24, -4.159802530786e-01, 1.324878617141e-06, 6.2445e+01, 1.6073e+00, 
*/mnt/lustre/mathdugre/fast-interpolate/datasets/ds004513/derivatives/flint/antsRegistration/binary64/sub-s017/Stage1_level3_Iter0025.nii.gz
2DIAGNOSTIC,    25, -4.159790231202e-01, 1.193557767676e-06, 6.4014e+01, 1.5691e+00, 
*/mnt/lustre/mathdugre/fast-interpolate/datasets/ds004513/derivatives/flint/antsRegistration/binary64/sub-s017/Stage1_level3_Iter0026.nii.gz
2DIAGNOSTIC,    26, -4.159793843213e-01, 1.142636855370e-06, 6.5408e+01, 1.3935e+00, 
*/mnt/lustre/mathdugre/fast-interpolate/datasets/ds004513/derivatives/flint/antsRegistration/binary64/sub-s017/Stage1_level3_Iter0027.nii.gz
2DIAGNOSTIC,    27, -4.159791733066e-01, 1.092171105076e-06, 6.6816e+01, 1.4084e+00, 
*/mnt/lustre/mathdugre/fast-interpolate/datasets/ds004513/derivatives/flint/antsRegistration/binary64/sub-s017/Stage1_level3_Iter0028.nii.gz
2DIAGNOSTIC,    28, -4.159826655654e-01, 1.108330567476e-06, 6.8391e+01, 1.5748e+00, 
*/mnt/lustre/mathdugre/fast-interpolate/datasets/ds004513/derivatives/flint/antsRegistration/binary64/sub-s017/Stage1_level3_Iter0029.nii.gz
2DIAGNOSTIC,    29, -4.159835634662e-01, 1.159801776507e-06, 6.9987e+01, 1.5961e+00, 
*/mnt/lustre/mathdugre/fast-interpolate/datasets/ds004513/derivatives/flint/antsRegistration/binary64/sub-s017/Stage1_level3_Iter0030.nii.gz
2DIAGNOSTIC,    30, -4.159848087876e-01, 1.243533175821e-06, 7.1762e+01, 1.7751e+00, 
*/mnt/lustre/mathdugre/fast-interpolate/datasets/ds004513/derivatives/flint/antsRegistration/binary64/sub-s017/Stage1_level3_Iter0031.nii.gz
2DIAGNOSTIC,    31, -4.159846586454e-01, 1.311132843469e-06, 7.3341e+01, 1.5791e+00, 
