
SUBJECT_ID: s014
DATA_DIR: /mnt/lustre/mathdugre/fast-interpolate/datasets/ds004513


Will run Atropos segmentation with K=3. Classes labeled in order of mean intensity. Assuming CSF=1, GM=2, WM=3

The output directory "/data/derivatives/flint/antsBrainExtraction/sub-s014" does not exist. Making it.

    Using antsBrainExtraction with the following arguments:
      image dimension         = 3
      anatomical image        = /data/sub-s014/ses-open/anat/sub-s014_ses-open_T1w.nii.gz
      extraction template     = /opt/templates/OASIS/T_template0.nii.gz
      extraction reg. mask    = 
      extraction prior        = /opt/templates/OASIS/T_template0_BrainCerebellumProbabilityMask.nii.gz
      output prefix           = /data/derivatives/flint/antsBrainExtraction/sub-s014/
      output image suffix     = nii.gz

    antsAI parameters (initial alignment):
      rotation search params  = 20,0.12
      translation search params = 40,0x40x40

    N4 parameters (pre brain extraction):
      convergence             = [ 50x50x50x50,0.0000001 ]
      shrink factor           = 4
      B-spline parameters     = [ 1x1x1, 3 ]

    Atropos parameters (extraction):
       convergence            = [ 3,0.0 ]
       likelihood             = Gaussian
       initialization         = kmeans[ 3 ]
       mrf                    = [ 0.1,1x1x1 ]
       use clock random seed  = 1

---------------------  Running antsBrainExtraction.sh on comp02  ---------------------

--------------------------------------------------------------------------------------
 Bias correction of anatomical images (pre brain extraction)
   1) pre-process by truncating the image intensities
   2) run N4
--------------------------------------------------------------------------------------

BEGIN >>>>>>>>>>>>>>>>>>>>
ImageMath 3 /data/derivatives/flint/antsBrainExtraction/sub-s014/N4Truncated0.nii.gz TruncateImageIntensity /data/sub-s014/ses-open/anat/sub-s014_ses-open_T1w.nii.gz 0.01 0.999 256
END   <<<<<<<<<<<<<<<<<<<<


BEGIN >>>>>>>>>>>>>>>>>>>>
N4BiasFieldCorrection -d 3 -i /data/derivatives/flint/antsBrainExtraction/sub-s014/N4Truncated0.nii.gz -s 4 -c [ 50x50x50x50,0.0000001 ] -b [ 1x1x1, 3 ] -o /data/derivatives/flint/antsBrainExtraction/sub-s014/N4Corrected0.nii.gz --verbose 1

Running N4 for 3-dimensional images.

Mask not read.  Using the entire image as the mask.

Original intensity range:  [0.654409, 711.938]
Current level = 1
  Iteration 1 (of 50).   Current convergence value = 0.000212318 (threshold = 1e-07)
  Iteration 2 (of 50).   Current convergence value = 0.000201965 (threshold = 1e-07)
  Iteration 3 (of 50).   Current convergence value = 0.000192842 (threshold = 1e-07)
  Iteration 4 (of 50).   Current convergence value = 0.000186717 (threshold = 1e-07)
  Iteration 5 (of 50).   Current convergence value = 0.000181728 (threshold = 1e-07)
  Iteration 6 (of 50).   Current convergence value = 0.000176888 (threshold = 1e-07)
  Iteration 7 (of 50).   Current convergence value = 0.000173092 (threshold = 1e-07)
  Iteration 8 (of 50).   Current convergence value = 0.000170468 (threshold = 1e-07)
  Iteration 9 (of 50).   Current convergence value = 0.000169035 (threshold = 1e-07)
  Iteration 10 (of 50).   Current convergence value = 0.000168145 (threshold = 1e-07)
  Iteration 11 (of 50).   Current convergence value = 0.000167826 (threshold = 1e-07)
  Iteration 12 (of 50).   Current convergence value = 0.000167838 (threshold = 1e-07)
  Iteration 13 (of 50).   Current convergence value = 0.000167374 (threshold = 1e-07)
  Iteration 14 (of 50).   Current convergence value = 0.000166336 (threshold = 1e-07)
  Iteration 15 (of 50).   Current convergence value = 0.000165637 (threshold = 1e-07)
  Iteration 16 (of 50).   Current convergence value = 0.000165264 (threshold = 1e-07)
  Iteration 17 (of 50).   Current convergence value = 0.000165117 (threshold = 1e-07)
  Iteration 18 (of 50).   Current convergence value = 0.000165443 (threshold = 1e-07)
  Iteration 19 (of 50).   Current convergence value = 0.000165553 (threshold = 1e-07)
  Iteration 20 (of 50).   Current convergence value = 0.000166127 (threshold = 1e-07)
  Iteration 21 (of 50).   Current convergence value = 0.000166567 (threshold = 1e-07)
  Iteration 22 (of 50).   Current convergence value = 0.000167216 (threshold = 1e-07)
  Iteration 23 (of 50).   Current convergence value = 0.000167735 (threshold = 1e-07)
  Iteration 24 (of 50).   Current convergence value = 0.000168074 (threshold = 1e-07)
  Iteration 25 (of 50).   Current convergence value = 0.000169129 (threshold = 1e-07)
  Iteration 26 (of 50).   Current convergence value = 0.000169793 (threshold = 1e-07)
  Iteration 27 (of 50).   Current convergence value = 0.000170859 (threshold = 1e-07)
  Iteration 28 (of 50).   Current convergence value = 0.000171906 (threshold = 1e-07)
  Iteration 29 (of 50).   Current convergence value = 0.00017261 (threshold = 1e-07)
  Iteration 30 (of 50).   Current convergence value = 0.000173406 (threshold = 1e-07)
  Iteration 31 (of 50).   Current convergence value = 0.000174489 (threshold = 1e-07)
  Iteration 32 (of 50).   Current convergence value = 0.00017567 (threshold = 1e-07)
  Iteration 33 (of 50).   Current convergence value = 0.000176722 (threshold = 1e-07)
  Iteration 34 (of 50).   Current convergence value = 0.000176995 (threshold = 1e-07)
  Iteration 35 (of 50).   Current convergence value = 0.000177079 (threshold = 1e-07)
  Iteration 36 (of 50).   Current convergence value = 0.000177196 (threshold = 1e-07)
  Iteration 37 (of 50).   Current convergence value = 0.00017746 (threshold = 1e-07)
  Iteration 38 (of 50).   Current convergence value = 0.000177651 (threshold = 1e-07)
  Iteration 39 (of 50).   Current convergence value = 0.000178079 (threshold = 1e-07)
  Iteration 40 (of 50).   Current convergence value = 0.000178314 (threshold = 1e-07)
  Iteration 41 (of 50).   Current convergence value = 0.000178592 (threshold = 1e-07)
  Iteration 42 (of 50).   Current convergence value = 0.000179153 (threshold = 1e-07)
  Iteration 43 (of 50).   Current convergence value = 0.000179478 (threshold = 1e-07)
  Iteration 44 (of 50).   Current convergence value = 0.000179864 (threshold = 1e-07)
  Iteration 45 (of 50).   Current convergence value = 0.00018025 (threshold = 1e-07)
  Iteration 46 (of 50).   Current convergence value = 0.000180551 (threshold = 1e-07)
  Iteration 47 (of 50).   Current convergence value = 0.000180537 (threshold = 1e-07)
  Iteration 48 (of 50).   Current convergence value = 0.000180482 (threshold = 1e-07)
  Iteration 49 (of 50).   Current convergence value = 0.000180471 (threshold = 1e-07)
  Iteration 50 (of 50).   Current convergence value = 0.000180379 (threshold = 1e-07)
Current level = 2
  Iteration 1 (of 50).   Current convergence value = 0.000320478 (threshold = 1e-07)
  Iteration 2 (of 50).   Current convergence value = 0.000275897 (threshold = 1e-07)
  Iteration 3 (of 50).   Current convergence value = 0.000243024 (threshold = 1e-07)
  Iteration 4 (of 50).   Current convergence value = 0.000218421 (threshold = 1e-07)
  Iteration 5 (of 50).   Current convergence value = 0.000199539 (threshold = 1e-07)
  Iteration 6 (of 50).   Current convergence value = 0.000184859 (threshold = 1e-07)
  Iteration 7 (of 50).   Current convergence value = 0.000174759 (threshold = 1e-07)
  Iteration 8 (of 50).   Current convergence value = 0.000166222 (threshold = 1e-07)
  Iteration 9 (of 50).   Current convergence value = 0.000159557 (threshold = 1e-07)
  Iteration 10 (of 50).   Current convergence value = 0.000153752 (threshold = 1e-07)
  Iteration 11 (of 50).   Current convergence value = 0.000149028 (threshold = 1e-07)
  Iteration 12 (of 50).   Current convergence value = 0.000145929 (threshold = 1e-07)
  Iteration 13 (of 50).   Current convergence value = 0.00014277 (threshold = 1e-07)
  Iteration 14 (of 50).   Current convergence value = 0.000139173 (threshold = 1e-07)
  Iteration 15 (of 50).   Current convergence value = 0.000136259 (threshold = 1e-07)
  Iteration 16 (of 50).   Current convergence value = 0.00013437 (threshold = 1e-07)
  Iteration 17 (of 50).   Current convergence value = 0.000131504 (threshold = 1e-07)
  Iteration 18 (of 50).   Current convergence value = 0.000129596 (threshold = 1e-07)
  Iteration 19 (of 50).   Current convergence value = 0.000126667 (threshold = 1e-07)
  Iteration 20 (of 50).   Current convergence value = 0.000125167 (threshold = 1e-07)
  Iteration 21 (of 50).   Current convergence value = 0.000123538 (threshold = 1e-07)
  Iteration 22 (of 50).   Current convergence value = 0.000121833 (threshold = 1e-07)
  Iteration 23 (of 50).   Current convergence value = 0.000120736 (threshold = 1e-07)
  Iteration 24 (of 50).   Current convergence value = 0.000119319 (threshold = 1e-07)
  Iteration 25 (of 50).   Current convergence value = 0.000118581 (threshold = 1e-07)
  Iteration 26 (of 50).   Current convergence value = 0.000117222 (threshold = 1e-07)
  Iteration 27 (of 50).   Current convergence value = 0.00011595 (threshold = 1e-07)
  Iteration 28 (of 50).   Current convergence value = 0.000114958 (threshold = 1e-07)
  Iteration 29 (of 50).   Current convergence value = 0.000114038 (threshold = 1e-07)
  Iteration 30 (of 50).   Current convergence value = 0.000113329 (threshold = 1e-07)
  Iteration 31 (of 50).   Current convergence value = 0.00011245 (threshold = 1e-07)
  Iteration 32 (of 50).   Current convergence value = 0.000111571 (threshold = 1e-07)
  Iteration 33 (of 50).   Current convergence value = 0.000110876 (threshold = 1e-07)
  Iteration 34 (of 50).   Current convergence value = 0.000110108 (threshold = 1e-07)
  Iteration 35 (of 50).   Current convergence value = 0.000109502 (threshold = 1e-07)
  Iteration 36 (of 50).   Current convergence value = 0.000109197 (threshold = 1e-07)
  Iteration 37 (of 50).   Current convergence value = 0.000108906 (threshold = 1e-07)
  Iteration 38 (of 50).   Current convergence value = 0.000108502 (threshold = 1e-07)
  Iteration 39 (of 50).   Current convergence value = 0.000107654 (threshold = 1e-07)
  Iteration 40 (of 50).   Current convergence value = 0.000106816 (threshold = 1e-07)
  Iteration 41 (of 50).   Current convergence value = 0.000106252 (threshold = 1e-07)
  Iteration 42 (of 50).   Current convergence value = 0.000105651 (threshold = 1e-07)
  Iteration 43 (of 50).   Current convergence value = 0.000105166 (threshold = 1e-07)
  Iteration 44 (of 50).   Current convergence value = 0.00010472 (threshold = 1e-07)
  Iteration 45 (of 50).   Current convergence value = 0.000104377 (threshold = 1e-07)
  Iteration 46 (of 50).   Current convergence value = 0.000104095 (threshold = 1e-07)
  Iteration 47 (of 50).   Current convergence value = 0.000103874 (threshold = 1e-07)
  Iteration 48 (of 50).   Current convergence value = 0.000103694 (threshold = 1e-07)
  Iteration 49 (of 50).   Current convergence value = 0.000103629 (threshold = 1e-07)
  Iteration 50 (of 50).   Current convergence value = 0.000103143 (threshold = 1e-07)
Current level = 3
  Iteration 1 (of 50).   Current convergence value = 0.000871515 (threshold = 1e-07)
  Iteration 2 (of 50).   Current convergence value = 0.000774538 (threshold = 1e-07)
  Iteration 3 (of 50).   Current convergence value = 0.000831186 (threshold = 1e-07)
  Iteration 4 (of 50).   Current convergence value = 0.00106899 (threshold = 1e-07)
  Iteration 5 (of 50).   Current convergence value = 0.000843497 (threshold = 1e-07)
  Iteration 6 (of 50).   Current convergence value = 0.000686842 (threshold = 1e-07)
  Iteration 7 (of 50).   Current convergence value = 0.000595796 (threshold = 1e-07)
  Iteration 8 (of 50).   Current convergence value = 0.000527392 (threshold = 1e-07)
  Iteration 9 (of 50).   Current convergence value = 0.000477138 (threshold = 1e-07)
  Iteration 10 (of 50).   Current convergence value = 0.00044817 (threshold = 1e-07)
  Iteration 11 (of 50).   Current convergence value = 0.000427345 (threshold = 1e-07)
  Iteration 12 (of 50).   Current convergence value = 0.000413656 (threshold = 1e-07)
  Iteration 13 (of 50).   Current convergence value = 0.000403195 (threshold = 1e-07)
  Iteration 14 (of 50).   Current convergence value = 0.000395762 (threshold = 1e-07)
  Iteration 15 (of 50).   Current convergence value = 0.000396172 (threshold = 1e-07)
  Iteration 16 (of 50).   Current convergence value = 0.000401522 (threshold = 1e-07)
  Iteration 17 (of 50).   Current convergence value = 0.000404 (threshold = 1e-07)
  Iteration 18 (of 50).   Current convergence value = 0.000404318 (threshold = 1e-07)
  Iteration 19 (of 50).   Current convergence value = 0.000402128 (threshold = 1e-07)
  Iteration 20 (of 50).   Current convergence value = 0.000398935 (threshold = 1e-07)
  Iteration 21 (of 50).   Current convergence value = 0.000393322 (threshold = 1e-07)
  Iteration 22 (of 50).   Current convergence value = 0.000386188 (threshold = 1e-07)
  Iteration 23 (of 50).   Current convergence value = 0.000378976 (threshold = 1e-07)
  Iteration 24 (of 50).   Current convergence value = 0.000372134 (threshold = 1e-07)
  Iteration 25 (of 50).   Current convergence value = 0.000365791 (threshold = 1e-07)
  Iteration 26 (of 50).   Current convergence value = 0.000359802 (threshold = 1e-07)
  Iteration 27 (of 50).   Current convergence value = 0.000354169 (threshold = 1e-07)
  Iteration 28 (of 50).   Current convergence value = 0.000348356 (threshold = 1e-07)
  Iteration 29 (of 50).   Current convergence value = 0.000343047 (threshold = 1e-07)
  Iteration 30 (of 50).   Current convergence value = 0.000339786 (threshold = 1e-07)
  Iteration 31 (of 50).   Current convergence value = 0.000335771 (threshold = 1e-07)
  Iteration 32 (of 50).   Current convergence value = 0.000330735 (threshold = 1e-07)
  Iteration 33 (of 50).   Current convergence value = 0.000325352 (threshold = 1e-07)
  Iteration 34 (of 50).   Current convergence value = 0.000319505 (threshold = 1e-07)
  Iteration 35 (of 50).   Current convergence value = 0.000313582 (threshold = 1e-07)
  Iteration 36 (of 50).   Current convergence value = 0.000289676 (threshold = 1e-07)
  Iteration 37 (of 50).   Current convergence value = 0.000296486 (threshold = 1e-07)
  Iteration 38 (of 50).   Current convergence value = 0.000413278 (threshold = 1e-07)
  Iteration 39 (of 50).   Current convergence value = 0.000547176 (threshold = 1e-07)
  Iteration 40 (of 50).   Current convergence value = 0.000699681 (threshold = 1e-07)
  Iteration 41 (of 50).   Current convergence value = 0.000733903 (threshold = 1e-07)
  Iteration 42 (of 50).   Current convergence value = 0.000657884 (threshold = 1e-07)
  Iteration 43 (of 50).   Current convergence value = 0.000584878 (threshold = 1e-07)
  Iteration 44 (of 50).   Current convergence value = 0.000518892 (threshold = 1e-07)
  Iteration 45 (of 50).   Current convergence value = 0.000468471 (threshold = 1e-07)
  Iteration 46 (of 50).   Current convergence value = 0.000427376 (threshold = 1e-07)
  Iteration 47 (of 50).   Current convergence value = 0.000365566 (threshold = 1e-07)
  Iteration 48 (of 50).   Current convergence value = 0.00030882 (threshold = 1e-07)
  Iteration 49 (of 50).   Current convergence value = 0.000284877 (threshold = 1e-07)
  Iteration 50 (of 50).   Current convergence value = 0.000266147 (threshold = 1e-07)
Current level = 4
  Iteration 1 (of 50).   Current convergence value = 0.00120808 (threshold = 1e-07)
  Iteration 2 (of 50).   Current convergence value = 0.00109522 (threshold = 1e-07)
  Iteration 3 (of 50).   Current convergence value = 0.00106232 (threshold = 1e-07)
  Iteration 4 (of 50).   Current convergence value = 0.00104557 (threshold = 1e-07)
  Iteration 5 (of 50).   Current convergence value = 0.00103445 (threshold = 1e-07)
  Iteration 6 (of 50).   Current convergence value = 0.00104274 (threshold = 1e-07)
  Iteration 7 (of 50).   Current convergence value = 0.00105374 (threshold = 1e-07)
  Iteration 8 (of 50).   Current convergence value = 0.00106107 (threshold = 1e-07)
  Iteration 9 (of 50).   Current convergence value = 0.00106361 (threshold = 1e-07)
  Iteration 10 (of 50).   Current convergence value = 0.0010629 (threshold = 1e-07)
  Iteration 11 (of 50).   Current convergence value = 0.00105764 (threshold = 1e-07)
  Iteration 12 (of 50).   Current convergence value = 0.00104864 (threshold = 1e-07)
  Iteration 13 (of 50).   Current convergence value = 0.00103518 (threshold = 1e-07)
  Iteration 14 (of 50).   Current convergence value = 0.00101919 (threshold = 1e-07)
  Iteration 15 (of 50).   Current convergence value = 0.00100133 (threshold = 1e-07)
  Iteration 16 (of 50).   Current convergence value = 0.000946816 (threshold = 1e-07)
  Iteration 17 (of 50).   Current convergence value = 0.00091322 (threshold = 1e-07)
  Iteration 18 (of 50).   Current convergence value = 0.00120244 (threshold = 1e-07)
  Iteration 19 (of 50).   Current convergence value = 0.00106061 (threshold = 1e-07)
  Iteration 20 (of 50).   Current convergence value = 0.000978935 (threshold = 1e-07)
  Iteration 21 (of 50).   Current convergence value = 0.000901488 (threshold = 1e-07)
  Iteration 22 (of 50).   Current convergence value = 0.00084085 (threshold = 1e-07)
  Iteration 23 (of 50).   Current convergence value = 0.000821207 (threshold = 1e-07)
  Iteration 24 (of 50).   Current convergence value = 0.000815365 (threshold = 1e-07)
  Iteration 25 (of 50).   Current convergence value = 0.000828224 (threshold = 1e-07)
  Iteration 26 (of 50).   Current convergence value = 0.000848333 (threshold = 1e-07)
  Iteration 27 (of 50).   Current convergence value = 0.000860613 (threshold = 1e-07)
  Iteration 28 (of 50).   Current convergence value = 0.000863605 (threshold = 1e-07)
  Iteration 29 (of 50).   Current convergence value = 0.000859968 (threshold = 1e-07)
  Iteration 30 (of 50).   Current convergence value = 0.000849808 (threshold = 1e-07)
  Iteration 31 (of 50).   Current convergence value = 0.000838552 (threshold = 1e-07)
  Iteration 32 (of 50).   Current convergence value = 0.000824369 (threshold = 1e-07)
  Iteration 33 (of 50).   Current convergence value = 0.000807197 (threshold = 1e-07)
  Iteration 34 (of 50).   Current convergence value = 0.000788116 (threshold = 1e-07)
  Iteration 35 (of 50).   Current convergence value = 0.000766121 (threshold = 1e-07)
  Iteration 36 (of 50).   Current convergence value = 0.000743118 (threshold = 1e-07)
  Iteration 37 (of 50).   Current convergence value = 0.00071866 (threshold = 1e-07)
  Iteration 38 (of 50).   Current convergence value = 0.000646277 (threshold = 1e-07)
  Iteration 39 (of 50).   Current convergence value = 0.00064608 (threshold = 1e-07)
  Iteration 40 (of 50).   Current convergence value = 0.000977996 (threshold = 1e-07)
  Iteration 41 (of 50).   Current convergence value = 0.000863033 (threshold = 1e-07)
  Iteration 42 (of 50).   Current convergence value = 0.000785782 (threshold = 1e-07)
  Iteration 43 (of 50).   Current convergence value = 0.00070543 (threshold = 1e-07)
  Iteration 44 (of 50).   Current convergence value = 0.00062189 (threshold = 1e-07)
  Iteration 45 (of 50).   Current convergence value = 0.000552377 (threshold = 1e-07)
  Iteration 46 (of 50).   Current convergence value = 0.00053964 (threshold = 1e-07)
  Iteration 47 (of 50).   Current convergence value = 0.000575596 (threshold = 1e-07)
  Iteration 48 (of 50).   Current convergence value = 0.000622774 (threshold = 1e-07)
  Iteration 49 (of 50).   Current convergence value = 0.000658651 (threshold = 1e-07)
  Iteration 50 (of 50).   Current convergence value = 0.000676153 (threshold = 1e-07)
   N4BiasFieldCorrectionImageFilter (0x560561623830)
     RTTI typeinfo:   itk::N4BiasFieldCorrectionImageFilter<itk::Image<float, 3u>, itk::Image<float, 3u>, itk::Image<float, 3u> >
     Reference Count: 1
     Modified Time: 678
     Debug: Off
     Object Name: 
     Observers: 
       IterationEvent(Command)
     Inputs: 
       ConfidenceImage: (0)
       MaskImage: (0x56056168c3e0)
       Primary: (0x56056168cac0) *
     Indexed Inputs: 
       0: Primary (0x56056168cac0)
       1: MaskImage (0x56056168c3e0)
       2: ConfidenceImage (0)
     Required Input Names: Primary
     NumberOfRequiredInputs: 1
     Outputs: 
       Primary: (0x560561637880)
     Indexed Outputs: 
       0: Primary (0x560561637880)
     NumberOfRequiredOutputs: 1
     Number Of Work Units: 128
     ReleaseDataFlag: Off
     ReleaseDataBeforeUpdateFlag: Off
     AbortGenerateData: Off
     Progress: 0
     Multithreader: 
       RTTI typeinfo:   itk::PoolMultiThreader
       Reference Count: 1
       Modified Time: 140
       Debug: Off
       Object Name: 
       Observers: 
         none
       Number of Work Units: 128
       Number of Threads: 64
       Global Maximum Number Of Threads: 128
       Global Default Number Of Threads: 64
       Global Default Threader Type: itk::MultiThreaderBaseEnums::Threader::Pool
       SingleMethod: 0
       SingleData: 0
     DynamicMultiThreading: On
     CoordinateTolerance: 1e-06
     DirectionTolerance: 1e-06
     Use Mask Label: 0
     Mask label: 1
     Number of histogram bins: 200
     Wiener filter noise: 0.01
     Bias field FWHM: 0.15
     Maximum number of iterations: [50, 50, 50, 50]
     Convergence threshold: 1e-07
     Spline order: 3
     Number of fitting levels: [4, 4, 4]
     Number of control points: [4, 4, 4]
     CurrentConvergenceMeasurement: 0.000676153
     CurrentLevel: 4
     ElapsedIterations: 51
     LogBiasFieldControlPointLattice: 
       Image (0x56056166ba90)
         RTTI typeinfo:   itk::Image<itk::Vector<float, 1u>, 3u>
         Reference Count: 1
         Modified Time: 980403
         Debug: Off
         Object Name: 
         Observers: 
           none
         Source: (none)
         Source output name: (none)
         Release Data: Off
         Data Released: False
         Global Release Data: Off
         PipelineMTime: 0
         UpdateMTime: 0
         RealTimeStamp: 0 seconds 
         LargestPossibleRegion: 
           Dimension: 3
           Index: [0, 0, 0]
           Size: [11, 11, 11]
         BufferedRegion: 
           Dimension: 3
           Index: [0, 0, 0]
           Size: [11, 11, 11]
         RequestedRegion: 
           Dimension: 3
           Index: [0, 0, 0]
           Size: [11, 11, 11]
         Spacing: [19.5, 29.5, 31.5]
         Origin: [20.6565, 29.0388, -31.1898]
         Direction: 
-0.999619 -0.0226874 -0.0157033
0.0226846 -0.999743 0.00035635
-0.0157073 -7.8229e-09 0.999877

         IndexToPointMatrix: 
-19.4926 -0.669277 -0.494654
0.442349 -29.4924 0.011225
-0.306293 -2.30776e-07 31.4961

         PointToIndexMatrix: 
-0.0512626 0.00116331 -0.000805505
-0.000769063 -0.0338896 -2.65467e-10
-0.000498517 1.13127e-05 0.0317421

         Inverse Direction: 
-0.999619 0.0226846 -0.0157073
-0.0226874 -0.999743 -7.83127e-09
-0.0157033 0.00035635 0.999877

         PixelContainer: 
           ImportImageContainer (0x560561b218d0)
             RTTI typeinfo:   itk::ImportImageContainer<unsigned long, itk::Vector<float, 1u> >
             Reference Count: 1
             Modified Time: 980404
             Debug: Off
             Object Name: 
             Observers: 
               none
             Pointer: 0x5605616d9700
             Container manages memory: true
             Size: 1331
             Capacity: 1331
Elapsed time: 102.869
END   <<<<<<<<<<<<<<<<<<<<



--------------------------------------------------------------------------------------
 Done with N4 correction (pre brain extraction):  0h 1m 48s
--------------------------------------------------------------------------------------


--------------------------------------------------------------------------------------
 Brain extraction using the following steps:
   1) Register /opt/templates/OASIS/T_template0.nii.gz to /data/derivatives/flint/antsBrainExtraction/sub-s014/N4Corrected0.nii.gz
   2) Warp /opt/templates/OASIS/T_template0_BrainCerebellumProbabilityMask.nii.gz to /data/sub-s014/ses-open/anat/sub-s014_ses-open_T1w.nii.gz using, from 1),
      /data/derivatives/flint/antsBrainExtraction/sub-s014/BrainExtractionWarp/Affine
   3) Refine segmentation results using Atropos
--------------------------------------------------------------------------------------

BEGIN >>>>>>>>>>>>>>>>>>>>
ImageMath 3 /data/derivatives/flint/antsBrainExtraction/sub-s014/BrainExtractionLaplacian.nii.gz Laplacian /data/derivatives/flint/antsBrainExtraction/sub-s014/N4Corrected0.nii.gz 1.5 1
END   <<<<<<<<<<<<<<<<<<<<


BEGIN >>>>>>>>>>>>>>>>>>>>
ImageMath 3 /data/derivatives/flint/antsBrainExtraction/sub-s014/BrainExtractionTemplateLaplacian.nii.gz Laplacian /opt/templates/OASIS/T_template0.nii.gz 1.5 1
END   <<<<<<<<<<<<<<<<<<<<


BEGIN >>>>>>>>>>>>>>>>>>>>
SmoothImage 3 /opt/templates/OASIS/T_template0.nii.gz 4 /data/derivatives/flint/antsBrainExtraction/sub-s014/BrainExtractionInitialAffineFixed.nii.gz
END   <<<<<<<<<<<<<<<<<<<<


BEGIN >>>>>>>>>>>>>>>>>>>>
SmoothImage 3 /data/derivatives/flint/antsBrainExtraction/sub-s014/N4Corrected0.nii.gz 4 /data/derivatives/flint/antsBrainExtraction/sub-s014/BrainExtractionInitialAffineMoving.nii.gz
END   <<<<<<<<<<<<<<<<<<<<


BEGIN >>>>>>>>>>>>>>>>>>>>
ResampleImageBySpacing 3 /data/derivatives/flint/antsBrainExtraction/sub-s014/BrainExtractionInitialAffineFixed.nii.gz /data/derivatives/flint/antsBrainExtraction/sub-s014/BrainExtractionInitialAffineFixed.nii.gz 5 5 5 0
 spacing [1, 1, 1] dim 3
 spacing2 [5, 5, 5]
 out space [5, 5, 5]
 output size [43, 51, 58] spc [5, 5, 5]
END   <<<<<<<<<<<<<<<<<<<<


BEGIN >>>>>>>>>>>>>>>>>>>>
ResampleImageBySpacing 3 /data/derivatives/flint/antsBrainExtraction/sub-s014/BrainExtractionInitialAffineMoving.nii.gz /data/derivatives/flint/antsBrainExtraction/sub-s014/BrainExtractionInitialAffineMoving.nii.gz 5 5 5 0
 spacing [0.999999, 1, 1] dim 3
 spacing2 [5, 5, 5]
 out space [5, 5, 5]
 output size [31, 48, 51] spc [5, 5, 5]
END   <<<<<<<<<<<<<<<<<<<<


BEGIN >>>>>>>>>>>>>>>>>>>>
antsAI -d 3 -v 1 -m Mattes[ /data/derivatives/flint/antsBrainExtraction/sub-s014/BrainExtractionInitialAffineFixed.nii.gz,/data/derivatives/flint/antsBrainExtraction/sub-s014/BrainExtractionInitialAffineMoving.nii.gz,32,Regular,0.2 ] -t Affine[ 0.1 ] -s [ 20,0.12 ] -g [ 40,0x40x40 ] -p 0 -c 10 -o /data/derivatives/flint/antsBrainExtraction/sub-s014/BrainExtractionInitialAffine.mat
Using the Mattes MI metric (number of bins = 32)
Starting optimizer with 243 starting points

Iteration/Total,MetricValue
24/243,-0.562148
48/243,-0.564437
72/243,-0.516715
96/243,-0.575519
120/243,-0.561628
144/243,-0.502046
168/243,-0.573663
192/243,-0.57448
216/243,-0.614695
240/243,-0.618488

Optimization complete. Best metric value: -0.662965
END   <<<<<<<<<<<<<<<<<<<<


BEGIN >>>>>>>>>>>>>>>>>>>>
antsRegistration -d 3 -u 1 -w [ 0.025,0.975 ] -o /data/derivatives/flint/antsBrainExtraction/sub-s014/BrainExtractionPrior -r /data/derivatives/flint/antsBrainExtraction/sub-s014/BrainExtractionInitialAffine.mat -z 1 --float 0 --verbose 1 -m MI[ /opt/templates/OASIS/T_template0.nii.gz,/data/derivatives/flint/antsBrainExtraction/sub-s014/N4Corrected0.nii.gz,1,32,Regular,0.25 ] -c [ 1000x500x250x100,1e-8,10 ] -t Rigid[ 0.1 ] -f 8x4x2x1 -s 4x2x1x0 -m MI[ /opt/templates/OASIS/T_template0.nii.gz,/data/derivatives/flint/antsBrainExtraction/sub-s014/N4Corrected0.nii.gz,1,32,Regular,0.25 ] -c [ 1000x500x250x100,1e-8,10 ] -t Affine[ 0.1 ] -f 8x4x2x1 -s 4x2x1x0 -m CC[ /opt/templates/OASIS/T_template0.nii.gz,/data/derivatives/flint/antsBrainExtraction/sub-s014/N4Corrected0.nii.gz,0.5,4 ] -m CC[ /data/derivatives/flint/antsBrainExtraction/sub-s014/BrainExtractionTemplateLaplacian.nii.gz,/data/derivatives/flint/antsBrainExtraction/sub-s014/BrainExtractionLaplacian.nii.gz,0.5,4 ] -c [ 50x10x0,1e-9,15 ] -t SyN[ 0.1,3,0 ] -f 4x2x1 -s 2x1x0
All_Command_lines_OK
Using double precision for computations.
=============================================================================
The composite transform comprises the following transforms (in order): 
  1. /data/derivatives/flint/antsBrainExtraction/sub-s014/BrainExtractionInitialAffine.mat (type = AffineTransform)
=============================================================================
  number of levels = 4
  number of levels = 4
  number of levels = 3
  fixed image: /opt/templates/OASIS/T_template0.nii.gz
  moving image: /data/derivatives/flint/antsBrainExtraction/sub-s014/N4Corrected0.nii.gz
  fixed image: /opt/templates/OASIS/T_template0.nii.gz
  moving image: /data/derivatives/flint/antsBrainExtraction/sub-s014/N4Corrected0.nii.gz
  fixed image: /opt/templates/OASIS/T_template0.nii.gz
  moving image: /data/derivatives/flint/antsBrainExtraction/sub-s014/N4Corrected0.nii.gz
  fixed image: /data/derivatives/flint/antsBrainExtraction/sub-s014/BrainExtractionTemplateLaplacian.nii.gz
  moving image: /data/derivatives/flint/antsBrainExtraction/sub-s014/BrainExtractionLaplacian.nii.gz
Dimension = 3
Number of stages = 3
Use histogram matching = true
Winsorize image intensities = true
  Lower quantile = 0.025
  Upper quantile = 0.975


Stage 1 State
   Image metric = MattesMI
     Fixed image = Image (0x55e38145aa20)
  RTTI typeinfo:   itk::Image<double, 3u>
  Reference Count: 2
  Modified Time: 1612
  Debug: Off
  Object Name: 
  Observers: 
    none
  Source: (none)
  Source output name: (none)
  Release Data: Off
  Data Released: False
  Global Release Data: Off
  PipelineMTime: 0
  UpdateMTime: 1221
  RealTimeStamp: 0 seconds 
  LargestPossibleRegion: 
    Dimension: 3
    Index: [0, 0, 0]
    Size: [216, 256, 291]
  BufferedRegion: 
    Dimension: 3
    Index: [0, 0, 0]
    Size: [216, 256, 291]
  RequestedRegion: 
    Dimension: 3
    Index: [0, 0, 0]
    Size: [216, 256, 291]
  Spacing: [1, 1, 1]
  Origin: [0, 293, 0]
  Direction: 
1 0 0
0 -0 -1
0 -1 0

  IndexToPointMatrix: 
1 0 0
0 0 -1
0 -1 0

  PointToIndexMatrix: 
1 0 0
0 0 -1
0 -1 0

  Inverse Direction: 
1 0 0
0 0 -1
0 -1 0

  PixelContainer: 
    ImportImageContainer (0x55e381474020)
      RTTI typeinfo:   itk::ImportImageContainer<unsigned long, double>
      Reference Count: 1
      Modified Time: 1218
      Debug: Off
      Object Name: 
      Observers: 
        none
      Pointer: 0x7f43ed5d3010
      Container manages memory: true
      Size: 16091136
      Capacity: 16091136

     Moving image = Image (0x55e38146dac0)
  RTTI typeinfo:   itk::Image<double, 3u>
  Reference Count: 2
  Modified Time: 1613
  Debug: Off
  Object Name: 
  Observers: 
    none
  Source: (none)
  Source output name: (none)
  Release Data: Off
  Data Released: False
  Global Release Data: Off
  PipelineMTime: 0
  UpdateMTime: 1610
  RealTimeStamp: 0 seconds 
  LargestPossibleRegion: 
    Dimension: 3
    Index: [0, 0, 0]
    Size: [160, 240, 256]
  BufferedRegion: 
    Dimension: 3
    Index: [0, 0, 0]
    Size: [160, 240, 256]
  RequestedRegion: 
    Dimension: 3
    Index: [0, 0, 0]
    Size: [160, 240, 256]
  Spacing: [0.999999, 1, 1]
  Origin: [84.1637, 106.709, -120.531]
  Direction: 
-0.999619 -0.0226874 -0.0157033
0.0226846 -0.999743 0.00035635
-0.0157073 -7.82726e-09 0.999877

  IndexToPointMatrix: 
-0.999619 -0.0226874 -0.0157033
0.0226845 -0.999743 0.00035635
-0.0157073 -7.82726e-09 0.999877

  PointToIndexMatrix: 
-0.99962 0.0226846 -0.0157073
-0.0226874 -0.999743 -7.83127e-09
-0.0157033 0.00035635 0.999877

  Inverse Direction: 
-0.999619 0.0226846 -0.0157073
-0.0226874 -0.999743 -7.83127e-09
-0.0157033 0.00035635 0.999877

  PixelContainer: 
    ImportImageContainer (0x55e381475040)
      RTTI typeinfo:   itk::ImportImageContainer<unsigned long, double>
      Reference Count: 1
      Modified Time: 1607
      Debug: Off
      Object Name: 
      Observers: 
        none
      Pointer: 0x7f43e8ad2010
      Container manages memory: true
      Size: 9830400
      Capacity: 9830400

     Weighting = 1
     Sampling strategy = regular
     Number of bins = 32
     Radius = 4
     Sampling percentage  = 0.25
   Transform = Rigid
     Gradient step = 0.1
     Update field sigma (voxel space) = 0
     Total field sigma (voxel space) = 0
     Update field time sigma = 0
     Total field time sigma  = 0
     Number of time indices = 0
     Number of time point samples = 0
Stage 2 State
   Image metric = MattesMI
     Fixed image = Image (0x55e38146fc10)
  RTTI typeinfo:   itk::Image<double, 3u>
  Reference Count: 2
  Modified Time: 2390
  Debug: Off
  Object Name: 
  Observers: 
    none
  Source: (none)
  Source output name: (none)
  Release Data: Off
  Data Released: False
  Global Release Data: Off
  PipelineMTime: 0
  UpdateMTime: 1999
  RealTimeStamp: 0 seconds 
  LargestPossibleRegion: 
    Dimension: 3
    Index: [0, 0, 0]
    Size: [216, 256, 291]
  BufferedRegion: 
    Dimension: 3
    Index: [0, 0, 0]
    Size: [216, 256, 291]
  RequestedRegion: 
    Dimension: 3
    Index: [0, 0, 0]
    Size: [216, 256, 291]
  Spacing: [1, 1, 1]
  Origin: [0, 293, 0]
  Direction: 
1 0 0
0 -0 -1
0 -1 0

  IndexToPointMatrix: 
1 0 0
0 0 -1
0 -1 0

  PointToIndexMatrix: 
1 0 0
0 0 -1
0 -1 0

  Inverse Direction: 
1 0 0
0 0 -1
0 -1 0

  PixelContainer: 
    ImportImageContainer (0x55e381607ad0)
      RTTI typeinfo:   itk::ImportImageContainer<unsigned long, double>
      Reference Count: 1
      Modified Time: 1996
      Debug: Off
      Object Name: 
      Observers: 
        none
      Pointer: 0x7f43e100d010
      Container manages memory: true
      Size: 16091136
      Capacity: 16091136

     Moving image = Image (0x55e381475500)
  RTTI typeinfo:   itk::Image<double, 3u>
  Reference Count: 2
  Modified Time: 2391
  Debug: Off
  Object Name: 
  Observers: 
    none
  Source: (none)
  Source output name: (none)
  Release Data: Off
  Data Released: False
  Global Release Data: Off
  PipelineMTime: 0
  UpdateMTime: 2388
  RealTimeStamp: 0 seconds 
  LargestPossibleRegion: 
    Dimension: 3
    Index: [0, 0, 0]
    Size: [160, 240, 256]
  BufferedRegion: 
    Dimension: 3
    Index: [0, 0, 0]
    Size: [160, 240, 256]
  RequestedRegion: 
    Dimension: 3
    Index: [0, 0, 0]
    Size: [160, 240, 256]
  Spacing: [0.999999, 1, 1]
  Origin: [84.1637, 106.709, -120.531]
  Direction: 
-0.999619 -0.0226874 -0.0157033
0.0226846 -0.999743 0.00035635
-0.0157073 -7.82726e-09 0.999877

  IndexToPointMatrix: 
-0.999619 -0.0226874 -0.0157033
0.0226845 -0.999743 0.00035635
-0.0157073 -7.82726e-09 0.999877

  PointToIndexMatrix: 
-0.99962 0.0226846 -0.0157073
-0.0226874 -0.999743 -7.83127e-09
-0.0157033 0.00035635 0.999877

  Inverse Direction: 
-0.999619 0.0226846 -0.0157073
-0.0226874 -0.999743 -7.83127e-09
-0.0157033 0.00035635 0.999877

  PixelContainer: 
    ImportImageContainer (0x55e3814bf790)
      RTTI typeinfo:   itk::ImportImageContainer<unsigned long, double>
      Reference Count: 1
      Modified Time: 2385
      Debug: Off
      Object Name: 
      Observers: 
        none
      Pointer: 0x7f43dc50c010
      Container manages memory: true
      Size: 9830400
      Capacity: 9830400

     Weighting = 1
     Sampling strategy = regular
     Number of bins = 32
     Radius = 4
     Sampling percentage  = 0.25
   Transform = Affine
     Gradient step = 0.1
     Update field sigma (voxel space) = 0
     Total field sigma (voxel space) = 0
     Update field time sigma = 0
     Total field time sigma  = 0
     Number of time indices = 0
     Number of time point samples = 0
Stage 3 State
   Image metric = CC
     Fixed image = Image (0x55e38149ee80)
  RTTI typeinfo:   itk::Image<double, 3u>
  Reference Count: 2
  Modified Time: 3168
  Debug: Off
  Object Name: 
  Observers: 
    none
  Source: (none)
  Source output name: (none)
  Release Data: Off
  Data Released: False
  Global Release Data: Off
  PipelineMTime: 0
  UpdateMTime: 2777
  RealTimeStamp: 0 seconds 
  LargestPossibleRegion: 
    Dimension: 3
    Index: [0, 0, 0]
    Size: [216, 256, 291]
  BufferedRegion: 
    Dimension: 3
    Index: [0, 0, 0]
    Size: [216, 256, 291]
  RequestedRegion: 
    Dimension: 3
    Index: [0, 0, 0]
    Size: [216, 256, 291]
  Spacing: [1, 1, 1]
  Origin: [0, 293, 0]
  Direction: 
1 0 0
0 -0 -1
0 -1 0

  IndexToPointMatrix: 
1 0 0
0 0 -1
0 -1 0

  PointToIndexMatrix: 
1 0 0
0 0 -1
0 -1 0

  Inverse Direction: 
1 0 0
0 0 -1
0 -1 0

  PixelContainer: 
    ImportImageContainer (0x55e3814d7970)
      RTTI typeinfo:   itk::ImportImageContainer<unsigned long, double>
      Reference Count: 1
      Modified Time: 2774
      Debug: Off
      Object Name: 
      Observers: 
        none
      Pointer: 0x7f43d4a47010
      Container manages memory: true
      Size: 16091136
      Capacity: 16091136

     Moving image = Image (0x55e381477d90)
  RTTI typeinfo:   itk::Image<double, 3u>
  Reference Count: 2
  Modified Time: 3169
  Debug: Off
  Object Name: 
  Observers: 
    none
  Source: (none)
  Source output name: (none)
  Release Data: Off
  Data Released: False
  Global Release Data: Off
  PipelineMTime: 0
  UpdateMTime: 3166
  RealTimeStamp: 0 seconds 
  LargestPossibleRegion: 
    Dimension: 3
    Index: [0, 0, 0]
    Size: [160, 240, 256]
  BufferedRegion: 
    Dimension: 3
    Index: [0, 0, 0]
    Size: [160, 240, 256]
  RequestedRegion: 
    Dimension: 3
    Index: [0, 0, 0]
    Size: [160, 240, 256]
  Spacing: [0.999999, 1, 1]
  Origin: [84.1637, 106.709, -120.531]
  Direction: 
-0.999619 -0.0226874 -0.0157033
0.0226846 -0.999743 0.00035635
-0.0157073 -7.82726e-09 0.999877

  IndexToPointMatrix: 
-0.999619 -0.0226874 -0.0157033
0.0226845 -0.999743 0.00035635
-0.0157073 -7.82726e-09 0.999877

  PointToIndexMatrix: 
-0.99962 0.0226846 -0.0157073
-0.0226874 -0.999743 -7.83127e-09
-0.0157033 0.00035635 0.999877

  Inverse Direction: 
-0.999619 0.0226846 -0.0157073
-0.0226874 -0.999743 -7.83127e-09
-0.0157033 0.00035635 0.999877

  PixelContainer: 
    ImportImageContainer (0x55e381787dd0)
      RTTI typeinfo:   itk::ImportImageContainer<unsigned long, double>
      Reference Count: 1
      Modified Time: 3163
      Debug: Off
      Object Name: 
      Observers: 
        none
      Pointer: 0x7f43cff46010
      Container manages memory: true
      Size: 9830400
      Capacity: 9830400

     Weighting = 0.5
     Sampling strategy = none
     Number of bins = 32
     Radius = 4
     Sampling percentage  = 1
   Transform = SyN
     Gradient step = 0.1
     Update field sigma (voxel space) = 3
     Total field sigma (voxel space) = 0
     Update field time sigma = 0
     Total field time sigma  = 0
     Number of time indices = 0
     Number of time point samples = 0
Registration using 3 total stages.

Stage 0
  iterations = 1000x500x250x100
  convergence threshold = 1e-08
  convergence window size = 10
  number of levels = 4
  using the Mattes MI metric (number of bins = 32, weight = 1, use gradient filter = 0)
  preprocessing:  winsorizing the image intensities
  preprocessing:  histogram matching the images
  Shrink factors (level 1 out of 4): [8, 8, 8]
  Shrink factors (level 2 out of 4): [4, 4, 4]
  Shrink factors (level 3 out of 4): [2, 2, 2]
  Shrink factors (level 4 out of 4): [1, 1, 1]
  smoothing sigmas per level: [4, 2, 1, 0]
  regular sampling (percentage = 0.25)

*** Running Euler3DTransform registration ***

DIAGNOSTIC,Iteration,metricValue,convergenceValue,ITERATION_TIME_INDEX,SINCE_LAST
 2DIAGNOSTIC,     1, -6.815574381570e-01, 1.797693134862e+308, 1.4027e+00, 1.4027e+00, 
 2DIAGNOSTIC,     2, -6.827053255926e-01, 1.797693134862e+308, 1.4211e+00, 1.8405e-02, 
 2DIAGNOSTIC,     3, -6.846320574754e-01, 1.797693134862e+308, 1.4401e+00, 1.9007e-02, 
 2DIAGNOSTIC,     4, -6.873619450371e-01, 1.797693134862e+308, 1.4592e+00, 1.9078e-02, 
 2DIAGNOSTIC,     5, -6.898784892931e-01, 1.797693134862e+308, 1.4782e+00, 1.8998e-02, 
 2DIAGNOSTIC,     6, -6.917981454502e-01, 1.797693134862e+308, 1.4992e+00, 2.0959e-02, 
 2DIAGNOSTIC,     7, -6.928362992668e-01, 1.797693134862e+308, 1.5174e+00, 1.8237e-02, 
 2DIAGNOSTIC,     8, -6.931403617330e-01, 1.797693134862e+308, 1.5355e+00, 1.8096e-02, 
