
SUBJECT_ID: s033
DATA_DIR: /mnt/lustre/mathdugre/fast-interpolate/datasets/ds004513


Will run Atropos segmentation with K=3. Classes labeled in order of mean intensity. Assuming CSF=1, GM=2, WM=3

The output directory "/data/derivatives/flint/antsBrainExtraction/sub-s033" does not exist. Making it.

    Using antsBrainExtraction with the following arguments:
      image dimension         = 3
      anatomical image        = /data/sub-s033/ses-open/anat/sub-s033_ses-open_T1w.nii.gz
      extraction template     = /opt/templates/OASIS/T_template0.nii.gz
      extraction reg. mask    = 
      extraction prior        = /opt/templates/OASIS/T_template0_BrainCerebellumProbabilityMask.nii.gz
      output prefix           = /data/derivatives/flint/antsBrainExtraction/sub-s033/
      output image suffix     = nii.gz

    antsAI parameters (initial alignment):
      rotation search params  = 20,0.12
      translation search params = 40,0x40x40

    N4 parameters (pre brain extraction):
      convergence             = [ 50x50x50x50,0.0000001 ]
      shrink factor           = 4
      B-spline parameters     = [ 1x1x1, 3 ]

    Atropos parameters (extraction):
       convergence            = [ 3,0.0 ]
       likelihood             = Gaussian
       initialization         = kmeans[ 3 ]
       mrf                    = [ 0.1,1x1x1 ]
       use clock random seed  = 1

---------------------  Running antsBrainExtraction.sh on comp02  ---------------------

--------------------------------------------------------------------------------------
 Bias correction of anatomical images (pre brain extraction)
   1) pre-process by truncating the image intensities
   2) run N4
--------------------------------------------------------------------------------------

BEGIN >>>>>>>>>>>>>>>>>>>>
ImageMath 3 /data/derivatives/flint/antsBrainExtraction/sub-s033/N4Truncated0.nii.gz TruncateImageIntensity /data/sub-s033/ses-open/anat/sub-s033_ses-open_T1w.nii.gz 0.01 0.999 256
END   <<<<<<<<<<<<<<<<<<<<


BEGIN >>>>>>>>>>>>>>>>>>>>
N4BiasFieldCorrection -d 3 -i /data/derivatives/flint/antsBrainExtraction/sub-s033/N4Truncated0.nii.gz -s 4 -c [ 50x50x50x50,0.0000001 ] -b [ 1x1x1, 3 ] -o /data/derivatives/flint/antsBrainExtraction/sub-s033/N4Corrected0.nii.gz --verbose 1

Running N4 for 3-dimensional images.

Mask not read.  Using the entire image as the mask.

Original intensity range:  [1.16288, 589.823]
Current level = 1
  Iteration 1 (of 50).   Current convergence value = 0.00031535 (threshold = 1e-07)
  Iteration 2 (of 50).   Current convergence value = 0.000309832 (threshold = 1e-07)
  Iteration 3 (of 50).   Current convergence value = 0.000303996 (threshold = 1e-07)
  Iteration 4 (of 50).   Current convergence value = 0.000299523 (threshold = 1e-07)
  Iteration 5 (of 50).   Current convergence value = 0.00029438 (threshold = 1e-07)
  Iteration 6 (of 50).   Current convergence value = 0.00028758 (threshold = 1e-07)
  Iteration 7 (of 50).   Current convergence value = 0.000279412 (threshold = 1e-07)
  Iteration 8 (of 50).   Current convergence value = 0.000272662 (threshold = 1e-07)
  Iteration 9 (of 50).   Current convergence value = 0.000268053 (threshold = 1e-07)
  Iteration 10 (of 50).   Current convergence value = 0.000261668 (threshold = 1e-07)
  Iteration 11 (of 50).   Current convergence value = 0.000255248 (threshold = 1e-07)
  Iteration 12 (of 50).   Current convergence value = 0.000248884 (threshold = 1e-07)
  Iteration 13 (of 50).   Current convergence value = 0.000243192 (threshold = 1e-07)
  Iteration 14 (of 50).   Current convergence value = 0.000237058 (threshold = 1e-07)
  Iteration 15 (of 50).   Current convergence value = 0.000231427 (threshold = 1e-07)
  Iteration 16 (of 50).   Current convergence value = 0.000226236 (threshold = 1e-07)
  Iteration 17 (of 50).   Current convergence value = 0.000220611 (threshold = 1e-07)
  Iteration 18 (of 50).   Current convergence value = 0.000215379 (threshold = 1e-07)
  Iteration 19 (of 50).   Current convergence value = 0.000209994 (threshold = 1e-07)
  Iteration 20 (of 50).   Current convergence value = 0.00020346 (threshold = 1e-07)
  Iteration 21 (of 50).   Current convergence value = 0.000197142 (threshold = 1e-07)
  Iteration 22 (of 50).   Current convergence value = 0.0001912 (threshold = 1e-07)
  Iteration 23 (of 50).   Current convergence value = 0.000184694 (threshold = 1e-07)
  Iteration 24 (of 50).   Current convergence value = 0.000177756 (threshold = 1e-07)
  Iteration 25 (of 50).   Current convergence value = 0.000172104 (threshold = 1e-07)
  Iteration 26 (of 50).   Current convergence value = 0.000167365 (threshold = 1e-07)
  Iteration 27 (of 50).   Current convergence value = 0.000163136 (threshold = 1e-07)
  Iteration 28 (of 50).   Current convergence value = 0.00015958 (threshold = 1e-07)
  Iteration 29 (of 50).   Current convergence value = 0.000156332 (threshold = 1e-07)
  Iteration 30 (of 50).   Current convergence value = 0.000153716 (threshold = 1e-07)
  Iteration 31 (of 50).   Current convergence value = 0.000151414 (threshold = 1e-07)
  Iteration 32 (of 50).   Current convergence value = 0.000150138 (threshold = 1e-07)
  Iteration 33 (of 50).   Current convergence value = 0.000148793 (threshold = 1e-07)
  Iteration 34 (of 50).   Current convergence value = 0.000147699 (threshold = 1e-07)
  Iteration 35 (of 50).   Current convergence value = 0.000146704 (threshold = 1e-07)
  Iteration 36 (of 50).   Current convergence value = 0.000145813 (threshold = 1e-07)
  Iteration 37 (of 50).   Current convergence value = 0.000145117 (threshold = 1e-07)
  Iteration 38 (of 50).   Current convergence value = 0.000144277 (threshold = 1e-07)
  Iteration 39 (of 50).   Current convergence value = 0.00014356 (threshold = 1e-07)
  Iteration 40 (of 50).   Current convergence value = 0.000142892 (threshold = 1e-07)
  Iteration 41 (of 50).   Current convergence value = 0.000142368 (threshold = 1e-07)
  Iteration 42 (of 50).   Current convergence value = 0.000141648 (threshold = 1e-07)
  Iteration 43 (of 50).   Current convergence value = 0.000141127 (threshold = 1e-07)
  Iteration 44 (of 50).   Current convergence value = 0.000140551 (threshold = 1e-07)
  Iteration 45 (of 50).   Current convergence value = 0.00013968 (threshold = 1e-07)
  Iteration 46 (of 50).   Current convergence value = 0.000138578 (threshold = 1e-07)
  Iteration 47 (of 50).   Current convergence value = 0.000137706 (threshold = 1e-07)
  Iteration 48 (of 50).   Current convergence value = 0.000136801 (threshold = 1e-07)
  Iteration 49 (of 50).   Current convergence value = 0.000136084 (threshold = 1e-07)
  Iteration 50 (of 50).   Current convergence value = 0.000132544 (threshold = 1e-07)
Current level = 2
  Iteration 1 (of 50).   Current convergence value = 0.000285593 (threshold = 1e-07)
  Iteration 2 (of 50).   Current convergence value = 0.000249222 (threshold = 1e-07)
  Iteration 3 (of 50).   Current convergence value = 0.000218413 (threshold = 1e-07)
  Iteration 4 (of 50).   Current convergence value = 0.000200002 (threshold = 1e-07)
  Iteration 5 (of 50).   Current convergence value = 0.000189292 (threshold = 1e-07)
  Iteration 6 (of 50).   Current convergence value = 0.000182304 (threshold = 1e-07)
  Iteration 7 (of 50).   Current convergence value = 0.000176256 (threshold = 1e-07)
  Iteration 8 (of 50).   Current convergence value = 0.000170936 (threshold = 1e-07)
  Iteration 9 (of 50).   Current convergence value = 0.000166213 (threshold = 1e-07)
  Iteration 10 (of 50).   Current convergence value = 0.000162493 (threshold = 1e-07)
  Iteration 11 (of 50).   Current convergence value = 0.000160906 (threshold = 1e-07)
  Iteration 12 (of 50).   Current convergence value = 0.000160851 (threshold = 1e-07)
  Iteration 13 (of 50).   Current convergence value = 0.000159547 (threshold = 1e-07)
  Iteration 14 (of 50).   Current convergence value = 0.000154789 (threshold = 1e-07)
  Iteration 15 (of 50).   Current convergence value = 0.000151494 (threshold = 1e-07)
  Iteration 16 (of 50).   Current convergence value = 0.000150282 (threshold = 1e-07)
  Iteration 17 (of 50).   Current convergence value = 0.000151694 (threshold = 1e-07)
  Iteration 18 (of 50).   Current convergence value = 0.000154733 (threshold = 1e-07)
  Iteration 19 (of 50).   Current convergence value = 0.00016044 (threshold = 1e-07)
  Iteration 20 (of 50).   Current convergence value = 0.00016674 (threshold = 1e-07)
  Iteration 21 (of 50).   Current convergence value = 0.000172945 (threshold = 1e-07)
  Iteration 22 (of 50).   Current convergence value = 0.000179384 (threshold = 1e-07)
  Iteration 23 (of 50).   Current convergence value = 0.000185929 (threshold = 1e-07)
  Iteration 24 (of 50).   Current convergence value = 0.000192164 (threshold = 1e-07)
  Iteration 25 (of 50).   Current convergence value = 0.000198391 (threshold = 1e-07)
  Iteration 26 (of 50).   Current convergence value = 0.000204416 (threshold = 1e-07)
  Iteration 27 (of 50).   Current convergence value = 0.000210365 (threshold = 1e-07)
  Iteration 28 (of 50).   Current convergence value = 0.000218694 (threshold = 1e-07)
  Iteration 29 (of 50).   Current convergence value = 0.000227284 (threshold = 1e-07)
  Iteration 30 (of 50).   Current convergence value = 0.000235677 (threshold = 1e-07)
  Iteration 31 (of 50).   Current convergence value = 0.000243881 (threshold = 1e-07)
  Iteration 32 (of 50).   Current convergence value = 0.000251982 (threshold = 1e-07)
  Iteration 33 (of 50).   Current convergence value = 0.000259742 (threshold = 1e-07)
  Iteration 34 (of 50).   Current convergence value = 0.000267411 (threshold = 1e-07)
  Iteration 35 (of 50).   Current convergence value = 0.000275029 (threshold = 1e-07)
  Iteration 36 (of 50).   Current convergence value = 0.000282284 (threshold = 1e-07)
  Iteration 37 (of 50).   Current convergence value = 0.000289153 (threshold = 1e-07)
  Iteration 38 (of 50).   Current convergence value = 0.000296 (threshold = 1e-07)
  Iteration 39 (of 50).   Current convergence value = 0.000302693 (threshold = 1e-07)
  Iteration 40 (of 50).   Current convergence value = 0.000328494 (threshold = 1e-07)
  Iteration 41 (of 50).   Current convergence value = 0.000363023 (threshold = 1e-07)
  Iteration 42 (of 50).   Current convergence value = 0.000402059 (threshold = 1e-07)
  Iteration 43 (of 50).   Current convergence value = 0.000442639 (threshold = 1e-07)
  Iteration 44 (of 50).   Current convergence value = 0.000486328 (threshold = 1e-07)
  Iteration 45 (of 50).   Current convergence value = 0.000531978 (threshold = 1e-07)
  Iteration 46 (of 50).   Current convergence value = 0.000580672 (threshold = 1e-07)
  Iteration 47 (of 50).   Current convergence value = 0.000626567 (threshold = 1e-07)
  Iteration 48 (of 50).   Current convergence value = 0.000656896 (threshold = 1e-07)
  Iteration 49 (of 50).   Current convergence value = 0.000686638 (threshold = 1e-07)
  Iteration 50 (of 50).   Current convergence value = 0.000713864 (threshold = 1e-07)
Current level = 3
  Iteration 1 (of 50).   Current convergence value = 0.00118534 (threshold = 1e-07)
  Iteration 2 (of 50).   Current convergence value = 0.000912724 (threshold = 1e-07)
  Iteration 3 (of 50).   Current convergence value = 0.00080492 (threshold = 1e-07)
  Iteration 4 (of 50).   Current convergence value = 0.000806426 (threshold = 1e-07)
  Iteration 5 (of 50).   Current convergence value = 0.000840106 (threshold = 1e-07)
  Iteration 6 (of 50).   Current convergence value = 0.000870147 (threshold = 1e-07)
  Iteration 7 (of 50).   Current convergence value = 0.000894184 (threshold = 1e-07)
  Iteration 8 (of 50).   Current convergence value = 0.000916713 (threshold = 1e-07)
  Iteration 9 (of 50).   Current convergence value = 0.000938521 (threshold = 1e-07)
  Iteration 10 (of 50).   Current convergence value = 0.000953698 (threshold = 1e-07)
  Iteration 11 (of 50).   Current convergence value = 0.000961938 (threshold = 1e-07)
  Iteration 12 (of 50).   Current convergence value = 0.000962262 (threshold = 1e-07)
  Iteration 13 (of 50).   Current convergence value = 0.000946441 (threshold = 1e-07)
  Iteration 14 (of 50).   Current convergence value = 0.000881878 (threshold = 1e-07)
  Iteration 15 (of 50).   Current convergence value = 0.000813722 (threshold = 1e-07)
  Iteration 16 (of 50).   Current convergence value = 0.000742589 (threshold = 1e-07)
  Iteration 17 (of 50).   Current convergence value = 0.000688903 (threshold = 1e-07)
  Iteration 18 (of 50).   Current convergence value = 0.000678304 (threshold = 1e-07)
  Iteration 19 (of 50).   Current convergence value = 0.000752115 (threshold = 1e-07)
  Iteration 20 (of 50).   Current convergence value = 0.000932307 (threshold = 1e-07)
  Iteration 21 (of 50).   Current convergence value = 0.00113408 (threshold = 1e-07)
  Iteration 22 (of 50).   Current convergence value = 0.00103644 (threshold = 1e-07)
  Iteration 23 (of 50).   Current convergence value = 0.000782636 (threshold = 1e-07)
  Iteration 24 (of 50).   Current convergence value = 0.000690525 (threshold = 1e-07)
  Iteration 25 (of 50).   Current convergence value = 0.000668519 (threshold = 1e-07)
  Iteration 26 (of 50).   Current convergence value = 0.000690421 (threshold = 1e-07)
  Iteration 27 (of 50).   Current convergence value = 0.000725426 (threshold = 1e-07)
  Iteration 28 (of 50).   Current convergence value = 0.000761084 (threshold = 1e-07)
  Iteration 29 (of 50).   Current convergence value = 0.000793103 (threshold = 1e-07)
  Iteration 30 (of 50).   Current convergence value = 0.00081876 (threshold = 1e-07)
  Iteration 31 (of 50).   Current convergence value = 0.00084557 (threshold = 1e-07)
  Iteration 32 (of 50).   Current convergence value = 0.000861682 (threshold = 1e-07)
  Iteration 33 (of 50).   Current convergence value = 0.00079891 (threshold = 1e-07)
  Iteration 34 (of 50).   Current convergence value = 0.000736055 (threshold = 1e-07)
  Iteration 35 (of 50).   Current convergence value = 0.000673326 (threshold = 1e-07)
  Iteration 36 (of 50).   Current convergence value = 0.000639971 (threshold = 1e-07)
  Iteration 37 (of 50).   Current convergence value = 0.000681902 (threshold = 1e-07)
  Iteration 38 (of 50).   Current convergence value = 0.000836304 (threshold = 1e-07)
  Iteration 39 (of 50).   Current convergence value = 0.00103491 (threshold = 1e-07)
  Iteration 40 (of 50).   Current convergence value = 0.00111202 (threshold = 1e-07)
  Iteration 41 (of 50).   Current convergence value = 0.000841733 (threshold = 1e-07)
  Iteration 42 (of 50).   Current convergence value = 0.00068604 (threshold = 1e-07)
  Iteration 43 (of 50).   Current convergence value = 0.000620051 (threshold = 1e-07)
  Iteration 44 (of 50).   Current convergence value = 0.000610779 (threshold = 1e-07)
  Iteration 45 (of 50).   Current convergence value = 0.000632283 (threshold = 1e-07)
  Iteration 46 (of 50).   Current convergence value = 0.000664084 (threshold = 1e-07)
  Iteration 47 (of 50).   Current convergence value = 0.00069779 (threshold = 1e-07)
  Iteration 48 (of 50).   Current convergence value = 0.000728781 (threshold = 1e-07)
  Iteration 49 (of 50).   Current convergence value = 0.000758838 (threshold = 1e-07)
  Iteration 50 (of 50).   Current convergence value = 0.00078701 (threshold = 1e-07)
Current level = 4
  Iteration 1 (of 50).   Current convergence value = 0.00162472 (threshold = 1e-07)
  Iteration 2 (of 50).   Current convergence value = 0.0015515 (threshold = 1e-07)
  Iteration 3 (of 50).   Current convergence value = 0.00154459 (threshold = 1e-07)
  Iteration 4 (of 50).   Current convergence value = 0.00176336 (threshold = 1e-07)
  Iteration 5 (of 50).   Current convergence value = 0.00192312 (threshold = 1e-07)
  Iteration 6 (of 50).   Current convergence value = 0.00161039 (threshold = 1e-07)
  Iteration 7 (of 50).   Current convergence value = 0.00156147 (threshold = 1e-07)
  Iteration 8 (of 50).   Current convergence value = 0.00156808 (threshold = 1e-07)
  Iteration 9 (of 50).   Current convergence value = 0.00156793 (threshold = 1e-07)
  Iteration 10 (of 50).   Current convergence value = 0.00149322 (threshold = 1e-07)
  Iteration 11 (of 50).   Current convergence value = 0.00145722 (threshold = 1e-07)
  Iteration 12 (of 50).   Current convergence value = 0.00171243 (threshold = 1e-07)
  Iteration 13 (of 50).   Current convergence value = 0.00167973 (threshold = 1e-07)
  Iteration 14 (of 50).   Current convergence value = 0.00146878 (threshold = 1e-07)
  Iteration 15 (of 50).   Current convergence value = 0.00147205 (threshold = 1e-07)
  Iteration 16 (of 50).   Current convergence value = 0.00150871 (threshold = 1e-07)
  Iteration 17 (of 50).   Current convergence value = 0.00152197 (threshold = 1e-07)
  Iteration 18 (of 50).   Current convergence value = 0.00142112 (threshold = 1e-07)
  Iteration 19 (of 50).   Current convergence value = 0.00133126 (threshold = 1e-07)
  Iteration 20 (of 50).   Current convergence value = 0.00161969 (threshold = 1e-07)
  Iteration 21 (of 50).   Current convergence value = 0.0015068 (threshold = 1e-07)
  Iteration 22 (of 50).   Current convergence value = 0.00130143 (threshold = 1e-07)
  Iteration 23 (of 50).   Current convergence value = 0.00129761 (threshold = 1e-07)
  Iteration 24 (of 50).   Current convergence value = 0.00133162 (threshold = 1e-07)
  Iteration 25 (of 50).   Current convergence value = 0.00137447 (threshold = 1e-07)
  Iteration 26 (of 50).   Current convergence value = 0.00126749 (threshold = 1e-07)
  Iteration 27 (of 50).   Current convergence value = 0.00118531 (threshold = 1e-07)
  Iteration 28 (of 50).   Current convergence value = 0.0013946 (threshold = 1e-07)
  Iteration 29 (of 50).   Current convergence value = 0.0015449 (threshold = 1e-07)
  Iteration 30 (of 50).   Current convergence value = 0.00120382 (threshold = 1e-07)
  Iteration 31 (of 50).   Current convergence value = 0.0011218 (threshold = 1e-07)
  Iteration 32 (of 50).   Current convergence value = 0.00116712 (threshold = 1e-07)
  Iteration 33 (of 50).   Current convergence value = 0.00123479 (threshold = 1e-07)
  Iteration 34 (of 50).   Current convergence value = 0.00123283 (threshold = 1e-07)
  Iteration 35 (of 50).   Current convergence value = 0.00108232 (threshold = 1e-07)
  Iteration 36 (of 50).   Current convergence value = 0.00102741 (threshold = 1e-07)
  Iteration 37 (of 50).   Current convergence value = 0.00140853 (threshold = 1e-07)
  Iteration 38 (of 50).   Current convergence value = 0.00133047 (threshold = 1e-07)
  Iteration 39 (of 50).   Current convergence value = 0.00103689 (threshold = 1e-07)
  Iteration 40 (of 50).   Current convergence value = 0.00100925 (threshold = 1e-07)
  Iteration 41 (of 50).   Current convergence value = 0.00108075 (threshold = 1e-07)
  Iteration 42 (of 50).   Current convergence value = 0.00116231 (threshold = 1e-07)
  Iteration 43 (of 50).   Current convergence value = 0.00119907 (threshold = 1e-07)
  Iteration 44 (of 50).   Current convergence value = 0.00103919 (threshold = 1e-07)
  Iteration 45 (of 50).   Current convergence value = 0.00090316 (threshold = 1e-07)
  Iteration 46 (of 50).   Current convergence value = 0.00115644 (threshold = 1e-07)
  Iteration 47 (of 50).   Current convergence value = 0.00147725 (threshold = 1e-07)
  Iteration 48 (of 50).   Current convergence value = 0.00100261 (threshold = 1e-07)
  Iteration 49 (of 50).   Current convergence value = 0.000852162 (threshold = 1e-07)
  Iteration 50 (of 50).   Current convergence value = 0.000887198 (threshold = 1e-07)
   N4BiasFieldCorrectionImageFilter (0x5605bbe95830)
     RTTI typeinfo:   itk::N4BiasFieldCorrectionImageFilter<itk::Image<float, 3u>, itk::Image<float, 3u>, itk::Image<float, 3u> >
     Reference Count: 1
     Modified Time: 668
     Debug: Off
     Object Name: 
     Observers: 
       IterationEvent(Command)
     Inputs: 
       ConfidenceImage: (0)
       MaskImage: (0x5605bbf02210)
       Primary: (0x5605bbefb870) *
     Indexed Inputs: 
       0: Primary (0x5605bbefb870)
       1: MaskImage (0x5605bbf02210)
       2: ConfidenceImage (0)
     Required Input Names: Primary
     NumberOfRequiredInputs: 1
     Outputs: 
       Primary: (0x5605bbea9880)
     Indexed Outputs: 
       0: Primary (0x5605bbea9880)
     NumberOfRequiredOutputs: 1
     Number Of Work Units: 128
     ReleaseDataFlag: Off
     ReleaseDataBeforeUpdateFlag: Off
     AbortGenerateData: Off
     Progress: 0
     Multithreader: 
       RTTI typeinfo:   itk::PoolMultiThreader
       Reference Count: 1
       Modified Time: 140
       Debug: Off
       Object Name: 
       Observers: 
         none
       Number of Work Units: 128
       Number of Threads: 64
       Global Maximum Number Of Threads: 128
       Global Default Number Of Threads: 64
       Global Default Threader Type: itk::MultiThreaderBaseEnums::Threader::Pool
       SingleMethod: 0
       SingleData: 0
     DynamicMultiThreading: On
     CoordinateTolerance: 1e-06
     DirectionTolerance: 1e-06
     Use Mask Label: 0
     Mask label: 1
     Number of histogram bins: 200
     Wiener filter noise: 0.01
     Bias field FWHM: 0.15
     Maximum number of iterations: [50, 50, 50, 50]
     Convergence threshold: 1e-07
     Spline order: 3
     Number of fitting levels: [4, 4, 4]
     Number of control points: [4, 4, 4]
     CurrentConvergenceMeasurement: 0.000887198
     CurrentLevel: 4
     ElapsedIterations: 51
     LogBiasFieldControlPointLattice: 
       Image (0x5605bbf4a510)
         RTTI typeinfo:   itk::Image<itk::Vector<float, 1u>, 3u>
         Reference Count: 1
         Modified Time: 980393
         Debug: Off
         Object Name: 
         Observers: 
           none
         Source: (none)
         Source output name: (none)
         Release Data: Off
         Data Released: False
         Global Release Data: Off
         PipelineMTime: 0
         UpdateMTime: 0
         RealTimeStamp: 0 seconds 
         LargestPossibleRegion: 
           Dimension: 3
           Index: [0, 0, 0]
           Size: [11, 11, 11]
         BufferedRegion: 
           Dimension: 3
           Index: [0, 0, 0]
           Size: [11, 11, 11]
         RequestedRegion: 
           Dimension: 3
           Index: [0, 0, 0]
           Size: [11, 11, 11]
         Spacing: [19.5, 29.5, 31.5]
         Origin: [23.2859, 27.9413, -30.3283]
         Direction: 
-0.99591 -0.0698718 -0.0572835
0.0697565 -0.997556 0.00401236
-0.0574239 5.01125e-08 0.99835

         IndexToPointMatrix: 
-19.4202 -2.06122 -1.80443
1.36025 -29.4279 0.126389
-1.11977 1.47832e-06 31.448

         PointToIndexMatrix: 
-0.0510723 0.00357726 -0.00294481
-0.00236854 -0.0338155 1.69994e-09
-0.00181852 0.000127376 0.0316936

         Inverse Direction: 
-0.99591 0.0697565 -0.0574239
-0.0698718 -0.997556 5.01483e-08
-0.0572835 0.00401236 0.99835

         PixelContainer: 
           ImportImageContainer (0x5605bc24a4b0)
             RTTI typeinfo:   itk::ImportImageContainer<unsigned long, itk::Vector<float, 1u> >
             Reference Count: 1
             Modified Time: 980394
             Debug: Off
             Object Name: 
             Observers: 
               none
             Pointer: 0x5605bbf2a870
             Container manages memory: true
             Size: 1331
             Capacity: 1331
Elapsed time: 85.0115
END   <<<<<<<<<<<<<<<<<<<<



--------------------------------------------------------------------------------------
 Done with N4 correction (pre brain extraction):  0h 1m 30s
--------------------------------------------------------------------------------------


--------------------------------------------------------------------------------------
 Brain extraction using the following steps:
   1) Register /opt/templates/OASIS/T_template0.nii.gz to /data/derivatives/flint/antsBrainExtraction/sub-s033/N4Corrected0.nii.gz
   2) Warp /opt/templates/OASIS/T_template0_BrainCerebellumProbabilityMask.nii.gz to /data/sub-s033/ses-open/anat/sub-s033_ses-open_T1w.nii.gz using, from 1),
      /data/derivatives/flint/antsBrainExtraction/sub-s033/BrainExtractionWarp/Affine
   3) Refine segmentation results using Atropos
--------------------------------------------------------------------------------------

BEGIN >>>>>>>>>>>>>>>>>>>>
ImageMath 3 /data/derivatives/flint/antsBrainExtraction/sub-s033/BrainExtractionLaplacian.nii.gz Laplacian /data/derivatives/flint/antsBrainExtraction/sub-s033/N4Corrected0.nii.gz 1.5 1
END   <<<<<<<<<<<<<<<<<<<<


BEGIN >>>>>>>>>>>>>>>>>>>>
ImageMath 3 /data/derivatives/flint/antsBrainExtraction/sub-s033/BrainExtractionTemplateLaplacian.nii.gz Laplacian /opt/templates/OASIS/T_template0.nii.gz 1.5 1
END   <<<<<<<<<<<<<<<<<<<<


BEGIN >>>>>>>>>>>>>>>>>>>>
SmoothImage 3 /opt/templates/OASIS/T_template0.nii.gz 4 /data/derivatives/flint/antsBrainExtraction/sub-s033/BrainExtractionInitialAffineFixed.nii.gz
END   <<<<<<<<<<<<<<<<<<<<


BEGIN >>>>>>>>>>>>>>>>>>>>
SmoothImage 3 /data/derivatives/flint/antsBrainExtraction/sub-s033/N4Corrected0.nii.gz 4 /data/derivatives/flint/antsBrainExtraction/sub-s033/BrainExtractionInitialAffineMoving.nii.gz
END   <<<<<<<<<<<<<<<<<<<<


BEGIN >>>>>>>>>>>>>>>>>>>>
ResampleImageBySpacing 3 /data/derivatives/flint/antsBrainExtraction/sub-s033/BrainExtractionInitialAffineFixed.nii.gz /data/derivatives/flint/antsBrainExtraction/sub-s033/BrainExtractionInitialAffineFixed.nii.gz 5 5 5 0
 spacing [1, 1, 1] dim 3
 spacing2 [5, 5, 5]
 out space [5, 5, 5]
 output size [43, 51, 58] spc [5, 5, 5]
END   <<<<<<<<<<<<<<<<<<<<


BEGIN >>>>>>>>>>>>>>>>>>>>
ResampleImageBySpacing 3 /data/derivatives/flint/antsBrainExtraction/sub-s033/BrainExtractionInitialAffineMoving.nii.gz /data/derivatives/flint/antsBrainExtraction/sub-s033/BrainExtractionInitialAffineMoving.nii.gz 5 5 5 0
 spacing [1, 1, 1] dim 3
 spacing2 [5, 5, 5]
 out space [5, 5, 5]
 output size [32, 48, 51] spc [5, 5, 5]
END   <<<<<<<<<<<<<<<<<<<<


BEGIN >>>>>>>>>>>>>>>>>>>>
antsAI -d 3 -v 1 -m Mattes[ /data/derivatives/flint/antsBrainExtraction/sub-s033/BrainExtractionInitialAffineFixed.nii.gz,/data/derivatives/flint/antsBrainExtraction/sub-s033/BrainExtractionInitialAffineMoving.nii.gz,32,Regular,0.2 ] -t Affine[ 0.1 ] -s [ 20,0.12 ] -g [ 40,0x40x40 ] -p 0 -c 10 -o /data/derivatives/flint/antsBrainExtraction/sub-s033/BrainExtractionInitialAffine.mat
Using the Mattes MI metric (number of bins = 32)
Starting optimizer with 243 starting points

Iteration/Total,MetricValue
24/243,-0.516548
48/243,-0.537953
72/243,-0.471725
96/243,-0.529608
120/243,-0.532314
144/243,-0.499267
168/243,-0.548573
192/243,-0.527638
216/243,-0.557016
240/243,-0.604099

Optimization complete. Best metric value: -0.630969
END   <<<<<<<<<<<<<<<<<<<<


BEGIN >>>>>>>>>>>>>>>>>>>>
antsRegistration -d 3 -u 1 -w [ 0.025,0.975 ] -o /data/derivatives/flint/antsBrainExtraction/sub-s033/BrainExtractionPrior -r /data/derivatives/flint/antsBrainExtraction/sub-s033/BrainExtractionInitialAffine.mat -z 1 --float 0 --verbose 1 -m MI[ /opt/templates/OASIS/T_template0.nii.gz,/data/derivatives/flint/antsBrainExtraction/sub-s033/N4Corrected0.nii.gz,1,32,Regular,0.25 ] -c [ 1000x500x250x100,1e-8,10 ] -t Rigid[ 0.1 ] -f 8x4x2x1 -s 4x2x1x0 -m MI[ /opt/templates/OASIS/T_template0.nii.gz,/data/derivatives/flint/antsBrainExtraction/sub-s033/N4Corrected0.nii.gz,1,32,Regular,0.25 ] -c [ 1000x500x250x100,1e-8,10 ] -t Affine[ 0.1 ] -f 8x4x2x1 -s 4x2x1x0 -m CC[ /opt/templates/OASIS/T_template0.nii.gz,/data/derivatives/flint/antsBrainExtraction/sub-s033/N4Corrected0.nii.gz,0.5,4 ] -m CC[ /data/derivatives/flint/antsBrainExtraction/sub-s033/BrainExtractionTemplateLaplacian.nii.gz,/data/derivatives/flint/antsBrainExtraction/sub-s033/BrainExtractionLaplacian.nii.gz,0.5,4 ] -c [ 50x10x0,1e-9,15 ] -t SyN[ 0.1,3,0 ] -f 4x2x1 -s 2x1x0
All_Command_lines_OK
Using double precision for computations.
=============================================================================
The composite transform comprises the following transforms (in order): 
  1. /data/derivatives/flint/antsBrainExtraction/sub-s033/BrainExtractionInitialAffine.mat (type = AffineTransform)
=============================================================================
  number of levels = 4
  number of levels = 4
  number of levels = 3
  fixed image: /opt/templates/OASIS/T_template0.nii.gz
  moving image: /data/derivatives/flint/antsBrainExtraction/sub-s033/N4Corrected0.nii.gz
  fixed image: /opt/templates/OASIS/T_template0.nii.gz
  moving image: /data/derivatives/flint/antsBrainExtraction/sub-s033/N4Corrected0.nii.gz
  fixed image: /opt/templates/OASIS/T_template0.nii.gz
  moving image: /data/derivatives/flint/antsBrainExtraction/sub-s033/N4Corrected0.nii.gz
  fixed image: /data/derivatives/flint/antsBrainExtraction/sub-s033/BrainExtractionTemplateLaplacian.nii.gz
  moving image: /data/derivatives/flint/antsBrainExtraction/sub-s033/BrainExtractionLaplacian.nii.gz
Dimension = 3
Number of stages = 3
Use histogram matching = true
Winsorize image intensities = true
  Lower quantile = 0.025
  Upper quantile = 0.975


Stage 1 State
   Image metric = MattesMI
     Fixed image = Image (0x56201cd97a20)
  RTTI typeinfo:   itk::Image<double, 3u>
  Reference Count: 2
  Modified Time: 1610
  Debug: Off
  Object Name: 
  Observers: 
    none
  Source: (none)
  Source output name: (none)
  Release Data: Off
  Data Released: False
  Global Release Data: Off
  PipelineMTime: 0
  UpdateMTime: 1221
  RealTimeStamp: 0 seconds 
  LargestPossibleRegion: 
    Dimension: 3
    Index: [0, 0, 0]
    Size: [216, 256, 291]
  BufferedRegion: 
    Dimension: 3
    Index: [0, 0, 0]
    Size: [216, 256, 291]
  RequestedRegion: 
    Dimension: 3
    Index: [0, 0, 0]
    Size: [216, 256, 291]
  Spacing: [1, 1, 1]
  Origin: [0, 293, 0]
  Direction: 
1 0 0
0 -0 -1
0 -1 0

  IndexToPointMatrix: 
1 0 0
0 0 -1
0 -1 0

  PointToIndexMatrix: 
1 0 0
0 0 -1
0 -1 0

  Inverse Direction: 
1 0 0
0 0 -1
0 -1 0

  PixelContainer: 
    ImportImageContainer (0x56201cdb1020)
      RTTI typeinfo:   itk::ImportImageContainer<unsigned long, double>
      Reference Count: 1
      Modified Time: 1218
      Debug: Off
      Object Name: 
      Observers: 
        none
      Pointer: 0x7fe2bb01a010
      Container manages memory: true
      Size: 16091136
      Capacity: 16091136

     Moving image = Image (0x56201cdaaac0)
  RTTI typeinfo:   itk::Image<double, 3u>
  Reference Count: 2
  Modified Time: 1611
  Debug: Off
  Object Name: 
  Observers: 
    none
  Source: (none)
  Source output name: (none)
  Release Data: Off
  Data Released: False
  Global Release Data: Off
  PipelineMTime: 0
  UpdateMTime: 1608
  RealTimeStamp: 0 seconds 
  LargestPossibleRegion: 
    Dimension: 3
    Index: [0, 0, 0]
    Size: [160, 240, 256]
  BufferedRegion: 
    Dimension: 3
    Index: [0, 0, 0]
    Size: [160, 240, 256]
  RequestedRegion: 
    Dimension: 3
    Index: [0, 0, 0]
    Size: [160, 240, 256]
  Spacing: [1, 1, 1]
  Origin: [91.5134, 94.282, -109.927]
  Direction: 
-0.99591 -0.0698718 -0.0572835
0.0697565 -0.997556 0.00401236
-0.0574239 5.01304e-08 0.99835

  IndexToPointMatrix: 
-0.99591 -0.0698718 -0.0572835
0.0697565 -0.997556 0.00401236
-0.0574239 5.01304e-08 0.99835

  PointToIndexMatrix: 
-0.99591 0.0697565 -0.0574239
-0.0698718 -0.997556 5.01483e-08
-0.0572835 0.00401236 0.99835

  Inverse Direction: 
-0.99591 0.0697565 -0.0574239
-0.0698718 -0.997556 5.01483e-08
-0.0572835 0.00401236 0.99835

  PixelContainer: 
    ImportImageContainer (0x56201cdb2040)
      RTTI typeinfo:   itk::ImportImageContainer<unsigned long, double>
      Reference Count: 1
      Modified Time: 1605
      Debug: Off
      Object Name: 
      Observers: 
        none
      Pointer: 0x7fe2b6519010
      Container manages memory: true
      Size: 9830400
      Capacity: 9830400

     Weighting = 1
     Sampling strategy = regular
     Number of bins = 32
     Radius = 4
     Sampling percentage  = 0.25
   Transform = Rigid
     Gradient step = 0.1
     Update field sigma (voxel space) = 0
     Total field sigma (voxel space) = 0
     Update field time sigma = 0
     Total field time sigma  = 0
     Number of time indices = 0
     Number of time point samples = 0
Stage 2 State
   Image metric = MattesMI
     Fixed image = Image (0x56201cdacc10)
  RTTI typeinfo:   itk::Image<double, 3u>
  Reference Count: 2
  Modified Time: 2386
  Debug: Off
  Object Name: 
  Observers: 
    none
  Source: (none)
  Source output name: (none)
  Release Data: Off
  Data Released: False
  Global Release Data: Off
  PipelineMTime: 0
  UpdateMTime: 1997
  RealTimeStamp: 0 seconds 
  LargestPossibleRegion: 
    Dimension: 3
    Index: [0, 0, 0]
    Size: [216, 256, 291]
  BufferedRegion: 
    Dimension: 3
    Index: [0, 0, 0]
    Size: [216, 256, 291]
  RequestedRegion: 
    Dimension: 3
    Index: [0, 0, 0]
    Size: [216, 256, 291]
  Spacing: [1, 1, 1]
  Origin: [0, 293, 0]
  Direction: 
1 0 0
0 -0 -1
0 -1 0

  IndexToPointMatrix: 
1 0 0
0 0 -1
0 -1 0

  PointToIndexMatrix: 
1 0 0
0 0 -1
0 -1 0

  Inverse Direction: 
1 0 0
0 0 -1
0 -1 0

  PixelContainer: 
    ImportImageContainer (0x56201cf0caf0)
      RTTI typeinfo:   itk::ImportImageContainer<unsigned long, double>
      Reference Count: 1
      Modified Time: 1994
      Debug: Off
      Object Name: 
      Observers: 
        none
      Pointer: 0x7fe2aea54010
      Container manages memory: true
      Size: 16091136
      Capacity: 16091136

     Moving image = Image (0x56201cdb2a00)
  RTTI typeinfo:   itk::Image<double, 3u>
  Reference Count: 2
  Modified Time: 2387
  Debug: Off
  Object Name: 
  Observers: 
    none
  Source: (none)
  Source output name: (none)
  Release Data: Off
  Data Released: False
  Global Release Data: Off
  PipelineMTime: 0
  UpdateMTime: 2384
  RealTimeStamp: 0 seconds 
  LargestPossibleRegion: 
    Dimension: 3
    Index: [0, 0, 0]
    Size: [160, 240, 256]
  BufferedRegion: 
    Dimension: 3
    Index: [0, 0, 0]
    Size: [160, 240, 256]
  RequestedRegion: 
    Dimension: 3
    Index: [0, 0, 0]
    Size: [160, 240, 256]
  Spacing: [1, 1, 1]
  Origin: [91.5134, 94.282, -109.927]
  Direction: 
-0.99591 -0.0698718 -0.0572835
0.0697565 -0.997556 0.00401236
-0.0574239 5.01304e-08 0.99835

  IndexToPointMatrix: 
-0.99591 -0.0698718 -0.0572835
0.0697565 -0.997556 0.00401236
-0.0574239 5.01304e-08 0.99835

  PointToIndexMatrix: 
-0.99591 0.0697565 -0.0574239
-0.0698718 -0.997556 5.01483e-08
-0.0572835 0.00401236 0.99835

  Inverse Direction: 
-0.99591 0.0697565 -0.0574239
-0.0698718 -0.997556 5.01483e-08
-0.0572835 0.00401236 0.99835

  PixelContainer: 
    ImportImageContainer (0x56201ce01010)
      RTTI typeinfo:   itk::ImportImageContainer<unsigned long, double>
      Reference Count: 1
      Modified Time: 2381
      Debug: Off
      Object Name: 
      Observers: 
        none
      Pointer: 0x7fe2a9f53010
      Container manages memory: true
      Size: 9830400
      Capacity: 9830400

     Weighting = 1
     Sampling strategy = regular
     Number of bins = 32
     Radius = 4
     Sampling percentage  = 0.25
   Transform = Affine
     Gradient step = 0.1
     Update field sigma (voxel space) = 0
     Total field sigma (voxel space) = 0
     Update field time sigma = 0
     Total field time sigma  = 0
     Number of time indices = 0
     Number of time point samples = 0
Stage 3 State
   Image metric = CC
     Fixed image = Image (0x56201cdae820)
  RTTI typeinfo:   itk::Image<double, 3u>
  Reference Count: 2
  Modified Time: 3162
  Debug: Off
  Object Name: 
  Observers: 
    none
  Source: (none)
  Source output name: (none)
  Release Data: Off
  Data Released: False
  Global Release Data: Off
  PipelineMTime: 0
  UpdateMTime: 2773
  RealTimeStamp: 0 seconds 
  LargestPossibleRegion: 
    Dimension: 3
    Index: [0, 0, 0]
    Size: [216, 256, 291]
  BufferedRegion: 
    Dimension: 3
    Index: [0, 0, 0]
    Size: [216, 256, 291]
  RequestedRegion: 
    Dimension: 3
    Index: [0, 0, 0]
    Size: [216, 256, 291]
  Spacing: [1, 1, 1]
  Origin: [0, 293, 0]
  Direction: 
1 0 0
0 -0 -1
0 -1 0

  IndexToPointMatrix: 
1 0 0
0 0 -1
0 -1 0

  PointToIndexMatrix: 
1 0 0
0 0 -1
0 -1 0

  Inverse Direction: 
1 0 0
0 0 -1
0 -1 0

  PixelContainer: 
    ImportImageContainer (0x56201cf06e50)
      RTTI typeinfo:   itk::ImportImageContainer<unsigned long, double>
      Reference Count: 1
      Modified Time: 2770
      Debug: Off
      Object Name: 
      Observers: 
        none
      Pointer: 0x7fe2a248e010
      Container manages memory: true
      Size: 16091136
      Capacity: 16091136

     Moving image = Image (0x56201cdd8900)
  RTTI typeinfo:   itk::Image<double, 3u>
  Reference Count: 2
  Modified Time: 3163
  Debug: Off
  Object Name: 
  Observers: 
    none
  Source: (none)
  Source output name: (none)
  Release Data: Off
  Data Released: False
  Global Release Data: Off
  PipelineMTime: 0
  UpdateMTime: 3160
  RealTimeStamp: 0 seconds 
  LargestPossibleRegion: 
    Dimension: 3
    Index: [0, 0, 0]
    Size: [160, 240, 256]
  BufferedRegion: 
    Dimension: 3
    Index: [0, 0, 0]
    Size: [160, 240, 256]
  RequestedRegion: 
    Dimension: 3
    Index: [0, 0, 0]
    Size: [160, 240, 256]
  Spacing: [1, 1, 1]
  Origin: [91.5134, 94.282, -109.927]
  Direction: 
-0.99591 -0.0698718 -0.0572835
0.0697565 -0.997556 0.00401236
-0.0574239 5.01304e-08 0.99835

  IndexToPointMatrix: 
-0.99591 -0.0698718 -0.0572835
0.0697565 -0.997556 0.00401236
-0.0574239 5.01304e-08 0.99835

  PointToIndexMatrix: 
-0.99591 0.0697565 -0.0574239
-0.0698718 -0.997556 5.01483e-08
-0.0572835 0.00401236 0.99835

  Inverse Direction: 
-0.99591 0.0697565 -0.0574239
-0.0698718 -0.997556 5.01483e-08
-0.0572835 0.00401236 0.99835

  PixelContainer: 
    ImportImageContainer (0x56201cf04a50)
      RTTI typeinfo:   itk::ImportImageContainer<unsigned long, double>
      Reference Count: 1
      Modified Time: 3157
      Debug: Off
      Object Name: 
      Observers: 
        none
      Pointer: 0x7fe29d98d010
      Container manages memory: true
      Size: 9830400
      Capacity: 9830400

     Weighting = 0.5
     Sampling strategy = none
     Number of bins = 32
     Radius = 4
     Sampling percentage  = 1
   Transform = SyN
     Gradient step = 0.1
     Update field sigma (voxel space) = 3
     Total field sigma (voxel space) = 0
     Update field time sigma = 0
     Total field time sigma  = 0
     Number of time indices = 0
     Number of time point samples = 0
Registration using 3 total stages.

Stage 0
  iterations = 1000x500x250x100
  convergence threshold = 1e-08
  convergence window size = 10
  number of levels = 4
  using the Mattes MI metric (number of bins = 32, weight = 1, use gradient filter = 0)
  preprocessing:  winsorizing the image intensities
  preprocessing:  histogram matching the images
  Shrink factors (level 1 out of 4): [8, 8, 8]
  Shrink factors (level 2 out of 4): [4, 4, 4]
  Shrink factors (level 3 out of 4): [2, 2, 2]
  Shrink factors (level 4 out of 4): [1, 1, 1]
  smoothing sigmas per level: [4, 2, 1, 0]
  regular sampling (percentage = 0.25)

*** Running Euler3DTransform registration ***

DIAGNOSTIC,Iteration,metricValue,convergenceValue,ITERATION_TIME_INDEX,SINCE_LAST
 2DIAGNOSTIC,     1, -6.744851627081e-01, 1.797693134862e+308, 1.1957e+00, 1.1957e+00, 
 2DIAGNOSTIC,     2, -6.757947103269e-01, 1.797693134862e+308, 1.2092e+00, 1.3562e-02, 
 2DIAGNOSTIC,     3, -6.775182694952e-01, 1.797693134862e+308, 1.2230e+00, 1.3808e-02, 
 2DIAGNOSTIC,     4, -6.794702520288e-01, 1.797693134862e+308, 1.2369e+00, 1.3880e-02, 
 2DIAGNOSTIC,     5, -6.824155274210e-01, 1.797693134862e+308, 1.2531e+00, 1.6149e-02, 
 2DIAGNOSTIC,     6, -6.860269452175e-01, 1.797693134862e+308, 1.2678e+00, 1.4710e-02, 
 2DIAGNOSTIC,     7, -6.881538403664e-01, 1.797693134862e+308, 1.2859e+00, 1.8121e-02, 
 2DIAGNOSTIC,     8, -6.896865490027e-01, 1.797693134862e+308, 1.3036e+00, 1.7693e-02, 
 2DIAGNOSTIC,     9, -6.909038314767e-01, 1.797693134862e+308, 1.3195e+00, 1.5902e-02, 
