
##########################
# Experiment information #
##########################

EXPERIMENT_NAME: binary64
VFC_BACKENDS: libinterflop_ieee.so

SIF_IMG: /mnt/lustre/mathdugre/containers/ants-vprec-no_metric.simg

SUBJECT_ID: s020
INPUT_IMG: /mnt/lustre/mathdugre/fast-interpolate/datasets/ds004513/derivatives/flint/antsBrainExtraction/sub-s020/BrainExtractionBrain.nii.gz
OUTPUT_DIR: /mnt/lustre/mathdugre/fast-interpolate/datasets/ds004513/derivatives/flint/antsRegistration/binary64/sub-s020

FIXED_IMG: /templateflow/tpl-MNI152NLin2009cAsym/tpl-MNI152NLin2009cAsym_res-01_desc-brain_T1w.nii.gz
DATA_DIR: /mnt/lustre/mathdugre/fast-interpolate/datasets/ds004513
TEMPLATEFLOW_DIR: /home/mathdugre/.cache/templateflow
ITK_GLOBAL_DEFAULT_NUMBER_OF_THREADS: 4
##########################

Info [verificarlo]: loaded backend libinterflop_ieee.so
Info [interflop-ieee]: load backend with:
Info [interflop-ieee]: debug = false
Info [interflop-ieee]: debug-binary = false
Info [interflop-ieee]: no-backend-name = false
Info [interflop-ieee]: print-new-line = false
Info [interflop-ieee]: print-subnormal-normalized = false
Info [interflop-ieee]: count-op = false
All_Command_lines_OK
Using double precision for computations.
=============================================================================
The composite transform comprises the following transforms (in order): 
  1. Center of mass alignment using fixed image: /templateflow/tpl-MNI152NLin2009cAsym/tpl-MNI152NLin2009cAsym_res-01_desc-brain_T1w.nii.gz and moving image: /mnt/lustre/mathdugre/fast-interpolate/datasets/ds004513/derivatives/flint/antsBrainExtraction/sub-s020/BrainExtractionBrain.nii.gz (type = Euler3DTransform)
=============================================================================
  number of levels = 4
  number of levels = 4
  number of levels = 4
  fixed image: /templateflow/tpl-MNI152NLin2009cAsym/tpl-MNI152NLin2009cAsym_res-01_desc-brain_T1w.nii.gz
  moving image: /mnt/lustre/mathdugre/fast-interpolate/datasets/ds004513/derivatives/flint/antsBrainExtraction/sub-s020/BrainExtractionBrain.nii.gz
  fixed image: /templateflow/tpl-MNI152NLin2009cAsym/tpl-MNI152NLin2009cAsym_res-01_desc-brain_T1w.nii.gz
  moving image: /mnt/lustre/mathdugre/fast-interpolate/datasets/ds004513/derivatives/flint/antsBrainExtraction/sub-s020/BrainExtractionBrain.nii.gz
  fixed image: /templateflow/tpl-MNI152NLin2009cAsym/tpl-MNI152NLin2009cAsym_res-01_desc-brain_T1w.nii.gz
  moving image: /mnt/lustre/mathdugre/fast-interpolate/datasets/ds004513/derivatives/flint/antsBrainExtraction/sub-s020/BrainExtractionBrain.nii.gz
Dimension = 3
Number of stages = 3
Use histogram matching = false
Winsorize image intensities = true
  Lower quantile = 0.005
  Upper quantile = 0.995


Stage 1 State
   Image metric = MattesMI
     Fixed image = Image (0x408de80)
  RTTI typeinfo:   itk::Image<double, 3u>
  Reference Count: 2
  Modified Time: 2389
  Debug: Off
  Object Name: 
  Observers: 
    none
  Source: (none)
  Source output name: (none)
  Release Data: Off
  Data Released: False
  Global Release Data: Off
  PipelineMTime: 0
  UpdateMTime: 1998
  RealTimeStamp: 0 seconds 
  LargestPossibleRegion: 
    Dimension: 3
    Index: [0, 0, 0]
    Size: [193, 229, 193]
  BufferedRegion: 
    Dimension: 3
    Index: [0, 0, 0]
    Size: [193, 229, 193]
  RequestedRegion: 
    Dimension: 3
    Index: [0, 0, 0]
    Size: [193, 229, 193]
  Spacing: [1, 1, 1]
  Origin: [96, 132, -78]
  Direction: 
-1 0 0
0 -1 0
0 0 1

  IndexToPointMatrix: 
-1 0 0
0 -1 0
0 0 1

  PointToIndexMatrix: 
-1 0 0
0 -1 0
0 0 1

  Inverse Direction: 
-1 0 0
0 -1 0
0 0 1

  PixelContainer: 
    ImportImageContainer (0x40e27b0)
      RTTI typeinfo:   itk::ImportImageContainer<unsigned long, double>
      Reference Count: 1
      Modified Time: 1995
      Debug: Off
      Object Name: 
      Observers: 
        none
      Pointer: 0x7f022f238010
      Container manages memory: true
      Size: 8530021
      Capacity: 8530021

     Moving image = Image (0x408f490)
  RTTI typeinfo:   itk::Image<double, 3u>
  Reference Count: 2
  Modified Time: 2390
  Debug: Off
  Object Name: 
  Observers: 
    none
  Source: (none)
  Source output name: (none)
  Release Data: Off
  Data Released: False
  Global Release Data: Off
  PipelineMTime: 0
  UpdateMTime: 2387
  RealTimeStamp: 0 seconds 
  LargestPossibleRegion: 
    Dimension: 3
    Index: [0, 0, 0]
    Size: [160, 240, 256]
  BufferedRegion: 
    Dimension: 3
    Index: [0, 0, 0]
    Size: [160, 240, 256]
  RequestedRegion: 
    Dimension: 3
    Index: [0, 0, 0]
    Size: [160, 240, 256]
  Spacing: [0.999995, 1, 1]
  Origin: [87.0906, 98.7205, -152.377]
  Direction: 
-0.996975 0.0261379 -0.0731913
-0.0260677 -0.999658 -0.00191374
-0.0732163 -2.46403e-08 0.997316

  IndexToPointMatrix: 
-0.996971 0.0261379 -0.0731913
-0.0260676 -0.999658 -0.00191374
-0.0732159 -2.46403e-08 0.997316

  PointToIndexMatrix: 
-0.99698 -0.0260679 -0.0732166
0.0261379 -0.999658 -2.46993e-08
-0.0731913 -0.00191374 0.997316

  Inverse Direction: 
-0.996975 -0.0260677 -0.0732163
0.0261379 -0.999658 -2.46993e-08
-0.0731913 -0.00191374 0.997316

  PixelContainer: 
    ImportImageContainer (0x40c5f10)
      RTTI typeinfo:   itk::ImportImageContainer<unsigned long, double>
      Reference Count: 1
      Modified Time: 2384
      Debug: Off
      Object Name: 
      Observers: 
        none
      Pointer: 0x7f022a737010
      Container manages memory: true
      Size: 9830400
      Capacity: 9830400

     Weighting = 1
     Sampling strategy = regular
     Number of bins = 32
     Radius = 4
     Sampling percentage  = 0.25
   Transform = Rigid
     Gradient step = 0.1
     Update field sigma (voxel space) = 0
     Total field sigma (voxel space) = 0
     Update field time sigma = 0
     Total field time sigma  = 0
     Number of time indices = 0
     Number of time point samples = 0
Stage 2 State
   Image metric = MattesMI
     Fixed image = Image (0x408fb90)
  RTTI typeinfo:   itk::Image<double, 3u>
  Reference Count: 2
  Modified Time: 3167
  Debug: Off
  Object Name: 
  Observers: 
    none
  Source: (none)
  Source output name: (none)
  Release Data: Off
  Data Released: False
  Global Release Data: Off
  PipelineMTime: 0
  UpdateMTime: 2776
  RealTimeStamp: 0 seconds 
  LargestPossibleRegion: 
    Dimension: 3
    Index: [0, 0, 0]
    Size: [193, 229, 193]
  BufferedRegion: 
    Dimension: 3
    Index: [0, 0, 0]
    Size: [193, 229, 193]
  RequestedRegion: 
    Dimension: 3
    Index: [0, 0, 0]
    Size: [193, 229, 193]
  Spacing: [1, 1, 1]
  Origin: [96, 132, -78]
  Direction: 
-1 0 0
0 -1 0
0 0 1

  IndexToPointMatrix: 
-1 0 0
0 -1 0
0 0 1

  PointToIndexMatrix: 
-1 0 0
0 -1 0
0 0 1

  Inverse Direction: 
-1 0 0
0 -1 0
0 0 1

  PixelContainer: 
    ImportImageContainer (0x409ddf0)
      RTTI typeinfo:   itk::ImportImageContainer<unsigned long, double>
      Reference Count: 1
      Modified Time: 2773
      Debug: Off
      Object Name: 
      Observers: 
        none
      Pointer: 0x7f0226622010
      Container manages memory: true
      Size: 8530021
      Capacity: 8530021

     Moving image = Image (0x40e4380)
  RTTI typeinfo:   itk::Image<double, 3u>
  Reference Count: 2
  Modified Time: 3168
  Debug: Off
  Object Name: 
  Observers: 
    none
  Source: (none)
  Source output name: (none)
  Release Data: Off
  Data Released: False
  Global Release Data: Off
  PipelineMTime: 0
  UpdateMTime: 3165
  RealTimeStamp: 0 seconds 
  LargestPossibleRegion: 
    Dimension: 3
    Index: [0, 0, 0]
    Size: [160, 240, 256]
  BufferedRegion: 
    Dimension: 3
    Index: [0, 0, 0]
    Size: [160, 240, 256]
  RequestedRegion: 
    Dimension: 3
    Index: [0, 0, 0]
    Size: [160, 240, 256]
  Spacing: [0.999995, 1, 1]
  Origin: [87.0906, 98.7205, -152.377]
  Direction: 
-0.996975 0.0261379 -0.0731913
-0.0260677 -0.999658 -0.00191374
-0.0732163 -2.46403e-08 0.997316

  IndexToPointMatrix: 
-0.996971 0.0261379 -0.0731913
-0.0260676 -0.999658 -0.00191374
-0.0732159 -2.46403e-08 0.997316

  PointToIndexMatrix: 
-0.99698 -0.0260679 -0.0732166
0.0261379 -0.999658 -2.46993e-08
-0.0731913 -0.00191374 0.997316

  Inverse Direction: 
-0.996975 -0.0260677 -0.0732163
0.0261379 -0.999658 -2.46993e-08
-0.0731913 -0.00191374 0.997316

  PixelContainer: 
    ImportImageContainer (0x4118390)
      RTTI typeinfo:   itk::ImportImageContainer<unsigned long, double>
      Reference Count: 1
      Modified Time: 3162
      Debug: Off
      Object Name: 
      Observers: 
        none
      Pointer: 0x7f0221b21010
      Container manages memory: true
      Size: 9830400
      Capacity: 9830400

     Weighting = 1
     Sampling strategy = regular
     Number of bins = 32
     Radius = 4
     Sampling percentage  = 0.25
   Transform = Affine
     Gradient step = 0.1
     Update field sigma (voxel space) = 0
     Total field sigma (voxel space) = 0
     Update field time sigma = 0
     Total field time sigma  = 0
     Number of time indices = 0
     Number of time point samples = 0
Stage 3 State
   Image metric = CC
     Fixed image = Image (0x40eeae0)
  RTTI typeinfo:   itk::Image<double, 3u>
  Reference Count: 2
  Modified Time: 3945
  Debug: Off
  Object Name: 
  Observers: 
    none
  Source: (none)
  Source output name: (none)
  Release Data: Off
  Data Released: False
  Global Release Data: Off
  PipelineMTime: 0
  UpdateMTime: 3554
  RealTimeStamp: 0 seconds 
  LargestPossibleRegion: 
    Dimension: 3
    Index: [0, 0, 0]
    Size: [193, 229, 193]
  BufferedRegion: 
    Dimension: 3
    Index: [0, 0, 0]
    Size: [193, 229, 193]
  RequestedRegion: 
    Dimension: 3
    Index: [0, 0, 0]
    Size: [193, 229, 193]
  Spacing: [1, 1, 1]
  Origin: [96, 132, -78]
  Direction: 
-1 0 0
0 -1 0
0 0 1

  IndexToPointMatrix: 
-1 0 0
0 -1 0
0 0 1

  PointToIndexMatrix: 
-1 0 0
0 -1 0
0 0 1

  Inverse Direction: 
-1 0 0
0 -1 0
0 0 1

  PixelContainer: 
    ImportImageContainer (0x4198510)
      RTTI typeinfo:   itk::ImportImageContainer<unsigned long, double>
      Reference Count: 1
      Modified Time: 3551
      Debug: Off
      Object Name: 
      Observers: 
        none
      Pointer: 0x7f021da0c010
      Container manages memory: true
      Size: 8530021
      Capacity: 8530021

     Moving image = Image (0x40c5be0)
  RTTI typeinfo:   itk::Image<double, 3u>
  Reference Count: 2
  Modified Time: 3946
  Debug: Off
  Object Name: 
  Observers: 
    none
  Source: (none)
  Source output name: (none)
  Release Data: Off
  Data Released: False
  Global Release Data: Off
  PipelineMTime: 0
  UpdateMTime: 3943
  RealTimeStamp: 0 seconds 
  LargestPossibleRegion: 
    Dimension: 3
    Index: [0, 0, 0]
    Size: [160, 240, 256]
  BufferedRegion: 
    Dimension: 3
    Index: [0, 0, 0]
    Size: [160, 240, 256]
  RequestedRegion: 
    Dimension: 3
    Index: [0, 0, 0]
    Size: [160, 240, 256]
  Spacing: [0.999995, 1, 1]
  Origin: [87.0906, 98.7205, -152.377]
  Direction: 
-0.996975 0.0261379 -0.0731913
-0.0260677 -0.999658 -0.00191374
-0.0732163 -2.46403e-08 0.997316

  IndexToPointMatrix: 
-0.996971 0.0261379 -0.0731913
-0.0260676 -0.999658 -0.00191374
-0.0732159 -2.46403e-08 0.997316

  PointToIndexMatrix: 
-0.99698 -0.0260679 -0.0732166
0.0261379 -0.999658 -2.46993e-08
-0.0731913 -0.00191374 0.997316

  Inverse Direction: 
-0.996975 -0.0260677 -0.0732163
0.0261379 -0.999658 -2.46993e-08
-0.0731913 -0.00191374 0.997316

  PixelContainer: 
    ImportImageContainer (0x4138410)
      RTTI typeinfo:   itk::ImportImageContainer<unsigned long, double>
      Reference Count: 1
      Modified Time: 3940
      Debug: Off
      Object Name: 
      Observers: 
        none
      Pointer: 0x7f0218f0b010
      Container manages memory: true
      Size: 9830400
      Capacity: 9830400

     Weighting = 1
     Sampling strategy = none
     Number of bins = 32
     Radius = 4
     Sampling percentage  = 1
   Transform = SyN
     Gradient step = 0.1
     Update field sigma (voxel space) = 3
     Total field sigma (voxel space) = 0
     Update field time sigma = 0
     Total field time sigma  = 0
     Number of time indices = 0
     Number of time point samples = 0
Registration using 3 total stages.

Stage 0
  iterations = 1000x500x250x100
  convergence threshold = 1e-06
  convergence window size = 10
  number of levels = 4
  using the Mattes MI metric (number of bins = 32, weight = 1, use gradient filter = 0)
  preprocessing:  winsorizing the image intensities
  Shrink factors (level 1 out of 4): [8, 8, 8]
  Shrink factors (level 2 out of 4): [4, 4, 4]
  Shrink factors (level 3 out of 4): [2, 2, 2]
  Shrink factors (level 4 out of 4): [1, 1, 1]
  smoothing sigmas per level: [3, 2, 1, 0]
  regular sampling (percentage = 0.25)

*** Running Euler3DTransform registration ***

DIAGNOSTIC,Iteration,metricValue,convergenceValue,ITERATION_TIME_INDEX,SINCE_LAST
*/mnt/lustre/mathdugre/fast-interpolate/datasets/ds004513/derivatives/flint/antsRegistration/binary64/sub-s020/Stage1_level1_Iter0001.nii.gz
2DIAGNOSTIC,     1, -3.777192579740e-01, 1.797693134862e+308, 4.9218e+00, 4.9218e+00, 
*/mnt/lustre/mathdugre/fast-interpolate/datasets/ds004513/derivatives/flint/antsRegistration/binary64/sub-s020/Stage1_level1_Iter0002.nii.gz
2DIAGNOSTIC,     2, -3.787648233109e-01, 1.797693134862e+308, 4.9481e+00, 2.6289e-02, 
*/mnt/lustre/mathdugre/fast-interpolate/datasets/ds004513/derivatives/flint/antsRegistration/binary64/sub-s020/Stage1_level1_Iter0003.nii.gz
2DIAGNOSTIC,     3, -3.823278139111e-01, 1.797693134862e+308, 4.9733e+00, 2.5223e-02, 
*/mnt/lustre/mathdugre/fast-interpolate/datasets/ds004513/derivatives/flint/antsRegistration/binary64/sub-s020/Stage1_level1_Iter0004.nii.gz
2DIAGNOSTIC,     4, -3.890671516210e-01, 1.797693134862e+308, 5.0007e+00, 2.7392e-02, 
*/mnt/lustre/mathdugre/fast-interpolate/datasets/ds004513/derivatives/flint/antsRegistration/binary64/sub-s020/Stage1_level1_Iter0005.nii.gz
2DIAGNOSTIC,     5, -3.915434960810e-01, 1.797693134862e+308, 5.0278e+00, 2.7104e-02, 
*/mnt/lustre/mathdugre/fast-interpolate/datasets/ds004513/derivatives/flint/antsRegistration/binary64/sub-s020/Stage1_level1_Iter0006.nii.gz
2DIAGNOSTIC,     6, -3.928002342981e-01, 1.797693134862e+308, 5.0555e+00, 2.7689e-02, 
*/mnt/lustre/mathdugre/fast-interpolate/datasets/ds004513/derivatives/flint/antsRegistration/binary64/sub-s020/Stage1_level1_Iter0007.nii.gz
2DIAGNOSTIC,     7, -4.092424320214e-01, 1.797693134862e+308, 5.0816e+00, 2.6060e-02, 
*/mnt/lustre/mathdugre/fast-interpolate/datasets/ds004513/derivatives/flint/antsRegistration/binary64/sub-s020/Stage1_level1_Iter0008.nii.gz
2DIAGNOSTIC,     8, -4.327920744015e-01, 1.797693134862e+308, 5.1292e+00, 4.7653e-02, 
*/mnt/lustre/mathdugre/fast-interpolate/datasets/ds004513/derivatives/flint/antsRegistration/binary64/sub-s020/Stage1_level1_Iter0009.nii.gz
2DIAGNOSTIC,     9, -4.338149251175e-01, 1.797693134862e+308, 5.1553e+00, 2.6021e-02, 
*/mnt/lustre/mathdugre/fast-interpolate/datasets/ds004513/derivatives/flint/antsRegistration/binary64/sub-s020/Stage1_level1_Iter0010.nii.gz
2DIAGNOSTIC,    10, -4.350406414678e-01, 1.063328764666e-02, 5.1806e+00, 2.5370e-02, 
*/mnt/lustre/mathdugre/fast-interpolate/datasets/ds004513/derivatives/flint/antsRegistration/binary64/sub-s020/Stage1_level1_Iter0011.nii.gz
2DIAGNOSTIC,    11, -4.361969175025e-01, 1.000107011532e-02, 5.2071e+00, 2.6429e-02, 
*/mnt/lustre/mathdugre/fast-interpolate/datasets/ds004513/derivatives/flint/antsRegistration/binary64/sub-s020/Stage1_level1_Iter0012.nii.gz
2DIAGNOSTIC,    12, -4.363449189081e-01, 8.639241744180e-03, 5.2351e+00, 2.8093e-02, 
*/mnt/lustre/mathdugre/fast-interpolate/datasets/ds004513/derivatives/flint/antsRegistration/binary64/sub-s020/Stage1_level1_Iter0013.nii.gz
2DIAGNOSTIC,    13, -4.363679416752e-01, 6.885071740035e-03, 5.2675e+00, 3.2308e-02, 
*/mnt/lustre/mathdugre/fast-interpolate/datasets/ds004513/derivatives/flint/antsRegistration/binary64/sub-s020/Stage1_level1_Iter0014.nii.gz
2DIAGNOSTIC,    14, -4.363850860074e-01, 5.112900561527e-03, 5.2965e+00, 2.9053e-02, 
*/mnt/lustre/mathdugre/fast-interpolate/datasets/ds004513/derivatives/flint/antsRegistration/binary64/sub-s020/Stage1_level1_Iter0015.nii.gz
2DIAGNOSTIC,    15, -4.365790820074e-01, 3.271292359649e-03, 5.3254e+00, 2.8911e-02, 
*/mnt/lustre/mathdugre/fast-interpolate/datasets/ds004513/derivatives/flint/antsRegistration/binary64/sub-s020/Stage1_level1_Iter0016.nii.gz
2DIAGNOSTIC,    16, -4.382269144856e-01, 1.488394016477e-03, 5.3593e+00, 3.3917e-02, 
*/mnt/lustre/mathdugre/fast-interpolate/datasets/ds004513/derivatives/flint/antsRegistration/binary64/sub-s020/Stage1_level1_Iter0017.nii.gz
2DIAGNOSTIC,    17, -4.398678471867e-01, 4.875431158145e-04, 5.3843e+00, 2.4994e-02, 
*/mnt/lustre/mathdugre/fast-interpolate/datasets/ds004513/derivatives/flint/antsRegistration/binary64/sub-s020/Stage1_level1_Iter0018.nii.gz
2DIAGNOSTIC,    18, -4.423506459667e-01, 5.415338060332e-04, 5.4155e+00, 3.1193e-02, 
*/mnt/lustre/mathdugre/fast-interpolate/datasets/ds004513/derivatives/flint/antsRegistration/binary64/sub-s020/Stage1_level1_Iter0019.nii.gz
2DIAGNOSTIC,    19, -4.480108529227e-01, 7.759169790974e-04, 5.4503e+00, 3.4801e-02, 
*/mnt/lustre/mathdugre/fast-interpolate/datasets/ds004513/derivatives/flint/antsRegistration/binary64/sub-s020/Stage1_level1_Iter0020.nii.gz
2DIAGNOSTIC,    20, -4.480432539093e-01, 9.512038452288e-04, 5.4786e+00, 2.8288e-02, 
*/mnt/lustre/mathdugre/fast-interpolate/datasets/ds004513/derivatives/flint/antsRegistration/binary64/sub-s020/Stage1_level1_Iter0021.nii.gz
2DIAGNOSTIC,    21, -4.520361428540e-01, 1.187274046902e-03, 5.5131e+00, 3.4534e-02, 
*/mnt/lustre/mathdugre/fast-interpolate/datasets/ds004513/derivatives/flint/antsRegistration/binary64/sub-s020/Stage1_level1_Iter0022.nii.gz
2DIAGNOSTIC,    22, -4.524867715737e-01, 1.306393147645e-03, 5.5433e+00, 3.0133e-02, 
*/mnt/lustre/mathdugre/fast-interpolate/datasets/ds004513/derivatives/flint/antsRegistration/binary64/sub-s020/Stage1_level1_Iter0023.nii.gz
2DIAGNOSTIC,    23, -4.530764737565e-01, 1.310345601687e-03, 5.5765e+00, 3.3261e-02, 
*/mnt/lustre/mathdugre/fast-interpolate/datasets/ds004513/derivatives/flint/antsRegistration/binary64/sub-s020/Stage1_level1_Iter0024.nii.gz
2DIAGNOSTIC,    24, -4.554941201565e-01, 1.258634819157e-03, 5.6169e+00, 4.0366e-02, 
*/mnt/lustre/mathdugre/fast-interpolate/datasets/ds004513/derivatives/flint/antsRegistration/binary64/sub-s020/Stage1_level1_Iter0025.nii.gz
2DIAGNOSTIC,    25, -4.560855519017e-01, 1.112326099934e-03, 5.6460e+00, 2.9079e-02, 
*/mnt/lustre/mathdugre/fast-interpolate/datasets/ds004513/derivatives/flint/antsRegistration/binary64/sub-s020/Stage1_level1_Iter0026.nii.gz
2DIAGNOSTIC,    26, -4.576595876779e-01, 9.564886316334e-04, 5.6742e+00, 2.8246e-02, 
*/mnt/lustre/mathdugre/fast-interpolate/datasets/ds004513/derivatives/flint/antsRegistration/binary64/sub-s020/Stage1_level1_Iter0027.nii.gz
2DIAGNOSTIC,    27, -4.594695061030e-01, 8.069410085765e-04, 5.7067e+00, 3.2514e-02, 
*/mnt/lustre/mathdugre/fast-interpolate/datasets/ds004513/derivatives/flint/antsRegistration/binary64/sub-s020/Stage1_level1_Iter0028.nii.gz
2DIAGNOSTIC,    28, -4.602646115304e-01, 6.668164945902e-04, 5.7349e+00, 2.8177e-02, 
*/mnt/lustre/mathdugre/fast-interpolate/datasets/ds004513/derivatives/flint/antsRegistration/binary64/sub-s020/Stage1_level1_Iter0029.nii.gz
2DIAGNOSTIC,    29, -4.606396053580e-01, 6.119384701769e-04, 5.7636e+00, 2.8709e-02, 
*/mnt/lustre/mathdugre/fast-interpolate/datasets/ds004513/derivatives/flint/antsRegistration/binary64/sub-s020/Stage1_level1_Iter0030.nii.gz
2DIAGNOSTIC,    30, -4.615233869201e-01, 5.212357540876e-04, 5.7939e+00, 3.0293e-02, 
*/mnt/lustre/mathdugre/fast-interpolate/datasets/ds004513/derivatives/flint/antsRegistration/binary64/sub-s020/Stage1_level1_Iter0031.nii.gz
2DIAGNOSTIC,    31, -4.631618189225e-01, 5.063379246383e-04, 5.8371e+00, 4.3211e-02, 
*/mnt/lustre/mathdugre/fast-interpolate/datasets/ds004513/derivatives/flint/antsRegistration/binary64/sub-s020/Stage1_level1_Iter0032.nii.gz
2DIAGNOSTIC,    32, -4.634343645341e-01, 4.584424755607e-04, 5.8654e+00, 2.8233e-02, 
*/mnt/lustre/mathdugre/fast-interpolate/datasets/ds004513/derivatives/flint/antsRegistration/binary64/sub-s020/Stage1_level1_Iter0033.nii.gz
2DIAGNOSTIC,    33, -4.634784222514e-01, 3.822322017931e-04, 5.8965e+00, 3.1137e-02, 
*/mnt/lustre/mathdugre/fast-interpolate/datasets/ds004513/derivatives/flint/antsRegistration/binary64/sub-s020/Stage1_level1_Iter0034.nii.gz
2DIAGNOSTIC,    34, -4.635875096805e-01, 3.239455599905e-04, 5.9261e+00, 2.9546e-02, 
*/mnt/lustre/mathdugre/fast-interpolate/datasets/ds004513/derivatives/flint/antsRegistration/binary64/sub-s020/Stage1_level1_Iter0035.nii.gz
2DIAGNOSTIC,    35, -4.637317186732e-01, 2.516370560443e-04, 5.9550e+00, 2.8983e-02, 
*/mnt/lustre/mathdugre/fast-interpolate/datasets/ds004513/derivatives/flint/antsRegistration/binary64/sub-s020/Stage1_level1_Iter0036.nii.gz
2DIAGNOSTIC,    36, -4.641149064395e-01, 1.937810947169e-04, 5.9944e+00, 3.9377e-02, 
*/mnt/lustre/mathdugre/fast-interpolate/datasets/ds004513/derivatives/flint/antsRegistration/binary64/sub-s020/Stage1_level1_Iter0037.nii.gz
2DIAGNOSTIC,    37, -4.643159819038e-01, 1.557202509122e-04, 6.0229e+00, 2.8445e-02, 
*/mnt/lustre/mathdugre/fast-interpolate/datasets/ds004513/derivatives/flint/antsRegistration/binary64/sub-s020/Stage1_level1_Iter0038.nii.gz
2DIAGNOSTIC,    38, -4.644063459790e-01, 1.205590621759e-04, 6.0508e+00, 2.7990e-02, 
*/mnt/lustre/mathdugre/fast-interpolate/datasets/ds004513/derivatives/flint/antsRegistration/binary64/sub-s020/Stage1_level1_Iter0039.nii.gz
2DIAGNOSTIC,    39, -4.644286315059e-01, 8.252864873311e-05, 6.0819e+00, 3.1029e-02, 
*/mnt/lustre/mathdugre/fast-interpolate/datasets/ds004513/derivatives/flint/antsRegistration/binary64/sub-s020/Stage1_level1_Iter0040.nii.gz
2DIAGNOSTIC,    40, -4.644780160469e-01, 5.306589073808e-05, 6.1612e+00, 7.9317e-02, 
*/mnt/lustre/mathdugre/fast-interpolate/datasets/ds004513/derivatives/flint/antsRegistration/binary64/sub-s020/Stage1_level1_Iter0041.nii.gz
2DIAGNOSTIC,    41, -4.644780008084e-01, 4.567056908286e-05, 6.1898e+00, 2.8590e-02, 
*/mnt/lustre/mathdugre/fast-interpolate/datasets/ds004513/derivatives/flint/antsRegistration/binary64/sub-s020/Stage1_level1_Iter0042.nii.gz
2DIAGNOSTIC,    42, -4.644780281882e-01, 3.851441574742e-05, 6.2175e+00, 2.7754e-02, 
*/mnt/lustre/mathdugre/fast-interpolate/datasets/ds004513/derivatives/flint/antsRegistration/binary64/sub-s020/Stage1_level1_Iter0043.nii.gz
2DIAGNOSTIC,    43, -4.644780744786e-01, 2.881663054459e-05, 6.2465e+00, 2.8927e-02, 
*/mnt/lustre/mathdugre/fast-interpolate/datasets/ds004513/derivatives/flint/antsRegistration/binary64/sub-s020/Stage1_level1_Iter0044.nii.gz
2DIAGNOSTIC,    44, -4.644781527136e-01, 1.853762628454e-05, 6.2760e+00, 2.9522e-02, 
*/mnt/lustre/mathdugre/fast-interpolate/datasets/ds004513/derivatives/flint/antsRegistration/binary64/sub-s020/Stage1_level1_Iter0045.nii.gz
2DIAGNOSTIC,    45, -4.644782848895e-01, 8.980633085586e-06, 6.3052e+00, 2.9251e-02, 
*/mnt/lustre/mathdugre/fast-interpolate/datasets/ds004513/derivatives/flint/antsRegistration/binary64/sub-s020/Stage1_level1_Iter0046.nii.gz
2DIAGNOSTIC,    46, -4.644785080594e-01, 4.345549759824e-06, 6.3344e+00, 2.9199e-02, 
*/mnt/lustre/mathdugre/fast-interpolate/datasets/ds004513/derivatives/flint/antsRegistration/binary64/sub-s020/Stage1_level1_Iter0047.nii.gz
2DIAGNOSTIC,    47, -4.644788844737e-01, 2.291565373073e-06, 6.3629e+00, 2.8475e-02, 
*/mnt/lustre/mathdugre/fast-interpolate/datasets/ds004513/derivatives/flint/antsRegistration/binary64/sub-s020/Stage1_level1_Iter0048.nii.gz
2DIAGNOSTIC,    48, -4.644795182406e-01, 1.386360510284e-06, 6.3911e+00, 2.8160e-02, 
DIAGNOSTIC,Iteration,metricValue,convergenceValue,ITERATION_TIME_INDEX,SINCE_LAST
*/mnt/lustre/mathdugre/fast-interpolate/datasets/ds004513/derivatives/flint/antsRegistration/binary64/sub-s020/Stage1_level2_Iter0001.nii.gz
2DIAGNOSTIC,     1, -3.724592109269e-01, 1.797693134862e+308, 1.1525e+01, 5.1342e+00, 
*/mnt/lustre/mathdugre/fast-interpolate/datasets/ds004513/derivatives/flint/antsRegistration/binary64/sub-s020/Stage1_level2_Iter0002.nii.gz
2DIAGNOSTIC,     2, -3.729280994874e-01, 1.797693134862e+308, 1.1712e+01, 1.8708e-01, 
*/mnt/lustre/mathdugre/fast-interpolate/datasets/ds004513/derivatives/flint/antsRegistration/binary64/sub-s020/Stage1_level2_Iter0003.nii.gz
2DIAGNOSTIC,     3, -3.737333874955e-01, 1.797693134862e+308, 1.1905e+01, 1.9269e-01, 
*/mnt/lustre/mathdugre/fast-interpolate/datasets/ds004513/derivatives/flint/antsRegistration/binary64/sub-s020/Stage1_level2_Iter0004.nii.gz
2DIAGNOSTIC,     4, -3.749643058450e-01, 1.797693134862e+308, 1.2097e+01, 1.9177e-01, 
*/mnt/lustre/mathdugre/fast-interpolate/datasets/ds004513/derivatives/flint/antsRegistration/binary64/sub-s020/Stage1_level2_Iter0005.nii.gz
2DIAGNOSTIC,     5, -3.773160012647e-01, 1.797693134862e+308, 1.2285e+01, 1.8857e-01, 
*/mnt/lustre/mathdugre/fast-interpolate/datasets/ds004513/derivatives/flint/antsRegistration/binary64/sub-s020/Stage1_level2_Iter0006.nii.gz
2DIAGNOSTIC,     6, -3.796595076003e-01, 1.797693134862e+308, 1.2478e+01, 1.9279e-01, 
*/mnt/lustre/mathdugre/fast-interpolate/datasets/ds004513/derivatives/flint/antsRegistration/binary64/sub-s020/Stage1_level2_Iter0007.nii.gz
2DIAGNOSTIC,     7, -3.830867755802e-01, 1.797693134862e+308, 1.2670e+01, 1.9235e-01, 
*/mnt/lustre/mathdugre/fast-interpolate/datasets/ds004513/derivatives/flint/antsRegistration/binary64/sub-s020/Stage1_level2_Iter0008.nii.gz
2DIAGNOSTIC,     8, -3.855869423848e-01, 1.797693134862e+308, 1.2863e+01, 1.9206e-01, 
*/mnt/lustre/mathdugre/fast-interpolate/datasets/ds004513/derivatives/flint/antsRegistration/binary64/sub-s020/Stage1_level2_Iter0009.nii.gz
2DIAGNOSTIC,     9, -3.920298243794e-01, 1.797693134862e+308, 1.3101e+01, 2.3892e-01, 
*/mnt/lustre/mathdugre/fast-interpolate/datasets/ds004513/derivatives/flint/antsRegistration/binary64/sub-s020/Stage1_level2_Iter0010.nii.gz
2DIAGNOSTIC,    10, -3.942351966370e-01, 3.808908881503e-03, 1.3294e+01, 1.9206e-01, 
*/mnt/lustre/mathdugre/fast-interpolate/datasets/ds004513/derivatives/flint/antsRegistration/binary64/sub-s020/Stage1_level2_Iter0011.nii.gz
2DIAGNOSTIC,    11, -3.957243302617e-01, 3.866347480887e-03, 1.3485e+01, 1.9146e-01, 
*/mnt/lustre/mathdugre/fast-interpolate/datasets/ds004513/derivatives/flint/antsRegistration/binary64/sub-s020/Stage1_level2_Iter0012.nii.gz
2DIAGNOSTIC,    12, -4.002379275531e-01, 3.875387385135e-03, 1.3688e+01, 2.0346e-01, 
*/mnt/lustre/mathdugre/fast-interpolate/datasets/ds004513/derivatives/flint/antsRegistration/binary64/sub-s020/Stage1_level2_Iter0013.nii.gz
2DIAGNOSTIC,    13, -4.146594895738e-01, 4.379966127336e-03, 1.3938e+01, 2.4970e-01, 
*/mnt/lustre/mathdugre/fast-interpolate/datasets/ds004513/derivatives/flint/antsRegistration/binary64/sub-s020/Stage1_level2_Iter0014.nii.gz
2DIAGNOSTIC,    14, -4.191709743229e-01, 4.685397712713e-03, 1.4120e+01, 1.8184e-01, 
*/mnt/lustre/mathdugre/fast-interpolate/datasets/ds004513/derivatives/flint/antsRegistration/binary64/sub-s020/Stage1_level2_Iter0015.nii.gz
2DIAGNOSTIC,    15, -4.216719983197e-01, 4.758552983073e-03, 1.4322e+01, 2.0226e-01, 
*/mnt/lustre/mathdugre/fast-interpolate/datasets/ds004513/derivatives/flint/antsRegistration/binary64/sub-s020/Stage1_level2_Iter0016.nii.gz
2DIAGNOSTIC,    16, -4.226314872570e-01, 4.545945222311e-03, 1.4573e+01, 2.5057e-01, 
*/mnt/lustre/mathdugre/fast-interpolate/datasets/ds004513/derivatives/flint/antsRegistration/binary64/sub-s020/Stage1_level2_Iter0017.nii.gz
2DIAGNOSTIC,    17, -4.228736817894e-01, 4.098404976305e-03, 1.4756e+01, 1.8336e-01, 
*/mnt/lustre/mathdugre/fast-interpolate/datasets/ds004513/derivatives/flint/antsRegistration/binary64/sub-s020/Stage1_level2_Iter0018.nii.gz
2DIAGNOSTIC,    18, -4.238076540999e-01, 3.448999927463e-03, 1.4960e+01, 2.0381e-01, 
*/mnt/lustre/mathdugre/fast-interpolate/datasets/ds004513/derivatives/flint/antsRegistration/binary64/sub-s020/Stage1_level2_Iter0019.nii.gz
2DIAGNOSTIC,    19, -4.256836610176e-01, 2.862156848981e-03, 1.5188e+01, 2.2828e-01, 
*/mnt/lustre/mathdugre/fast-interpolate/datasets/ds004513/derivatives/flint/antsRegistration/binary64/sub-s020/Stage1_level2_Iter0020.nii.gz
2DIAGNOSTIC,    20, -4.260244782906e-01, 2.168880904171e-03, 1.5393e+01, 2.0481e-01, 
*/mnt/lustre/mathdugre/fast-interpolate/datasets/ds004513/derivatives/flint/antsRegistration/binary64/sub-s020/Stage1_level2_Iter0021.nii.gz
2DIAGNOSTIC,    21, -4.260478407027e-01, 1.399838782755e-03, 1.5689e+01, 2.9641e-01, 
*/mnt/lustre/mathdugre/fast-interpolate/datasets/ds004513/derivatives/flint/antsRegistration/binary64/sub-s020/Stage1_level2_Iter0022.nii.gz
2DIAGNOSTIC,    22, -4.260619965894e-01, 7.110441753217e-04, 1.5893e+01, 2.0308e-01, 
*/mnt/lustre/mathdugre/fast-interpolate/datasets/ds004513/derivatives/flint/antsRegistration/binary64/sub-s020/Stage1_level2_Iter0023.nii.gz
2DIAGNOSTIC,    23, -4.260560967096e-01, 4.589317423844e-04, 1.6101e+01, 2.0834e-01, 
*/mnt/lustre/mathdugre/fast-interpolate/datasets/ds004513/derivatives/flint/antsRegistration/binary64/sub-s020/Stage1_level2_Iter0024.nii.gz
2DIAGNOSTIC,    24, -4.260630524114e-01, 3.161563197595e-04, 1.6306e+01, 2.0469e-01, 
*/mnt/lustre/mathdugre/fast-interpolate/datasets/ds004513/derivatives/flint/antsRegistration/binary64/sub-s020/Stage1_level2_Iter0025.nii.gz
2DIAGNOSTIC,    25, -4.260415083758e-01, 2.250107352204e-04, 1.6510e+01, 2.0480e-01, 
*/mnt/lustre/mathdugre/fast-interpolate/datasets/ds004513/derivatives/flint/antsRegistration/binary64/sub-s020/Stage1_level2_Iter0026.nii.gz
2DIAGNOSTIC,    26, -4.260322403137e-01, 1.467907474657e-04, 1.6713e+01, 2.0282e-01, 
*/mnt/lustre/mathdugre/fast-interpolate/datasets/ds004513/derivatives/flint/antsRegistration/binary64/sub-s020/Stage1_level2_Iter0027.nii.gz
2DIAGNOSTIC,    27, -4.260240836282e-01, 6.707194465792e-05, 1.6919e+01, 2.0568e-01, 
*/mnt/lustre/mathdugre/fast-interpolate/datasets/ds004513/derivatives/flint/antsRegistration/binary64/sub-s020/Stage1_level2_Iter0028.nii.gz
2DIAGNOSTIC,    28, -4.260349448620e-01, 9.466043217159e-06, 1.7123e+01, 2.0431e-01, 
DIAGNOSTIC,Iteration,metricValue,convergenceValue,ITERATION_TIME_INDEX,SINCE_LAST
*/mnt/lustre/mathdugre/fast-interpolate/datasets/ds004513/derivatives/flint/antsRegistration/binary64/sub-s020/Stage1_level3_Iter0001.nii.gz
2DIAGNOSTIC,     1, -3.654751630682e-01, 1.797693134862e+308, 2.3820e+01, 6.6972e+00, 
*/mnt/lustre/mathdugre/fast-interpolate/datasets/ds004513/derivatives/flint/antsRegistration/binary64/sub-s020/Stage1_level3_Iter0002.nii.gz
2DIAGNOSTIC,     2, -3.656003688385e-01, 1.797693134862e+308, 2.5228e+01, 1.4080e+00, 
*/mnt/lustre/mathdugre/fast-interpolate/datasets/ds004513/derivatives/flint/antsRegistration/binary64/sub-s020/Stage1_level3_Iter0003.nii.gz
2DIAGNOSTIC,     3, -3.657970849308e-01, 1.797693134862e+308, 2.6620e+01, 1.3920e+00, 
*/mnt/lustre/mathdugre/fast-interpolate/datasets/ds004513/derivatives/flint/antsRegistration/binary64/sub-s020/Stage1_level3_Iter0004.nii.gz
2DIAGNOSTIC,     4, -3.660627883389e-01, 1.797693134862e+308, 2.8747e+01, 2.1262e+00, 
*/mnt/lustre/mathdugre/fast-interpolate/datasets/ds004513/derivatives/flint/antsRegistration/binary64/sub-s020/Stage1_level3_Iter0005.nii.gz
2DIAGNOSTIC,     5, -3.660580865326e-01, 1.797693134862e+308, 3.0331e+01, 1.5840e+00, 
*/mnt/lustre/mathdugre/fast-interpolate/datasets/ds004513/derivatives/flint/antsRegistration/binary64/sub-s020/Stage1_level3_Iter0006.nii.gz
2DIAGNOSTIC,     6, -3.660652355167e-01, 1.797693134862e+308, 3.1923e+01, 1.5926e+00, 
*/mnt/lustre/mathdugre/fast-interpolate/datasets/ds004513/derivatives/flint/antsRegistration/binary64/sub-s020/Stage1_level3_Iter0007.nii.gz
2DIAGNOSTIC,     7, -3.660649987438e-01, 1.797693134862e+308, 3.4432e+01, 2.5094e+00, 
*/mnt/lustre/mathdugre/fast-interpolate/datasets/ds004513/derivatives/flint/antsRegistration/binary64/sub-s020/Stage1_level3_Iter0008.nii.gz
2DIAGNOSTIC,     8, -3.660648576951e-01, 1.797693134862e+308, 3.6017e+01, 1.5847e+00, 
*/mnt/lustre/mathdugre/fast-interpolate/datasets/ds004513/derivatives/flint/antsRegistration/binary64/sub-s020/Stage1_level3_Iter0009.nii.gz
2DIAGNOSTIC,     9, -3.660649085274e-01, 1.797693134862e+308, 3.7585e+01, 1.5679e+00, 
*/mnt/lustre/mathdugre/fast-interpolate/datasets/ds004513/derivatives/flint/antsRegistration/binary64/sub-s020/Stage1_level3_Iter0010.nii.gz
2DIAGNOSTIC,    10, -3.660650674213e-01, 9.529229961347e-05, 3.9181e+01, 1.5964e+00, 
*/mnt/lustre/mathdugre/fast-interpolate/datasets/ds004513/derivatives/flint/antsRegistration/binary64/sub-s020/Stage1_level3_Iter0011.nii.gz
2DIAGNOSTIC,    11, -3.660645143035e-01, 5.251643189887e-05, 4.0748e+01, 1.5666e+00, 
*/mnt/lustre/mathdugre/fast-interpolate/datasets/ds004513/derivatives/flint/antsRegistration/binary64/sub-s020/Stage1_level3_Iter0012.nii.gz
2DIAGNOSTIC,    12, -3.660634394222e-01, 2.029334891483e-05, 4.2336e+01, 1.5875e+00, 
*/mnt/lustre/mathdugre/fast-interpolate/datasets/ds004513/derivatives/flint/antsRegistration/binary64/sub-s020/Stage1_level3_Iter0013.nii.gz
2DIAGNOSTIC,    13, -3.660636536155e-01, 2.750777743865e-06, 4.3748e+01, 1.4123e+00, 
*/mnt/lustre/mathdugre/fast-interpolate/datasets/ds004513/derivatives/flint/antsRegistration/binary64/sub-s020/Stage1_level3_Iter0014.nii.gz
2DIAGNOSTIC,    14, -3.660644196639e-01, 2.479199239486e-06, 4.5281e+01, 1.5329e+00, 
*/mnt/lustre/mathdugre/fast-interpolate/datasets/ds004513/derivatives/flint/antsRegistration/binary64/sub-s020/Stage1_level3_Iter0015.nii.gz
2DIAGNOSTIC,    15, -3.660647560573e-01, 1.986152063538e-06, 4.6690e+01, 1.4090e+00, 
*/mnt/lustre/mathdugre/fast-interpolate/datasets/ds004513/derivatives/flint/antsRegistration/binary64/sub-s020/Stage1_level3_Iter0016.nii.gz
2DIAGNOSTIC,    16, -3.660644306503e-01, 1.899376945960e-06, 4.8270e+01, 1.5798e+00, 
*/mnt/lustre/mathdugre/fast-interpolate/datasets/ds004513/derivatives/flint/antsRegistration/binary64/sub-s020/Stage1_level3_Iter0017.nii.gz
2DIAGNOSTIC,    17, -3.660658308239e-01, 1.886562843903e-06, 4.9856e+01, 1.5866e+00, 
*/mnt/lustre/mathdugre/fast-interpolate/datasets/ds004513/derivatives/flint/antsRegistration/binary64/sub-s020/Stage1_level3_Iter0018.nii.gz
2DIAGNOSTIC,    18, -3.660670178086e-01, 1.916773697291e-06, 5.1447e+01, 1.5908e+00, 
*/mnt/lustre/mathdugre/fast-interpolate/datasets/ds004513/derivatives/flint/antsRegistration/binary64/sub-s020/Stage1_level3_Iter0019.nii.gz
2DIAGNOSTIC,    19, -3.660666487620e-01, 1.914270796433e-06, 5.3023e+01, 1.5762e+00, 
*/mnt/lustre/mathdugre/fast-interpolate/datasets/ds004513/derivatives/flint/antsRegistration/binary64/sub-s020/Stage1_level3_Iter0020.nii.gz
2DIAGNOSTIC,    20, -3.660653313303e-01, 1.846575954277e-06, 5.4605e+01, 1.5814e+00, 
*/mnt/lustre/mathdugre/fast-interpolate/datasets/ds004513/derivatives/flint/antsRegistration/binary64/sub-s020/Stage1_level3_Iter0021.nii.gz
2DIAGNOSTIC,    21, -3.660653495394e-01, 1.745324196750e-06, 5.6197e+01, 1.5926e+00, 
*/mnt/lustre/mathdugre/fast-interpolate/datasets/ds004513/derivatives/flint/antsRegistration/binary64/sub-s020/Stage1_level3_Iter0022.nii.gz
2DIAGNOSTIC,    22, -3.660638491525e-01, 1.539444697080e-06, 5.7576e+01, 1.3786e+00, 
*/mnt/lustre/mathdugre/fast-interpolate/datasets/ds004513/derivatives/flint/antsRegistration/binary64/sub-s020/Stage1_level3_Iter0023.nii.gz
2DIAGNOSTIC,    23, -3.660633290147e-01, 1.331553255463e-06, 5.9153e+01, 1.5776e+00, 
*/mnt/lustre/mathdugre/fast-interpolate/datasets/ds004513/derivatives/flint/antsRegistration/binary64/sub-s020/Stage1_level3_Iter0024.nii.gz
2DIAGNOSTIC,    24, -3.660632711652e-01, 1.169172410838e-06, 6.0919e+01, 1.7656e+00, 
*/mnt/lustre/mathdugre/fast-interpolate/datasets/ds004513/derivatives/flint/antsRegistration/binary64/sub-s020/Stage1_level3_Iter0025.nii.gz
2DIAGNOSTIC,    25, -3.660628727902e-01, 1.033793050317e-06, 6.2512e+01, 1.5932e+00, 
DIAGNOSTIC,Iteration,metricValue,convergenceValue,ITERATION_TIME_INDEX,SINCE_LAST
*/mnt/lustre/mathdugre/fast-interpolate/datasets/ds004513/derivatives/flint/antsRegistration/binary64/sub-s020/Stage1_level4_Iter0001.nii.gz
2DIAGNOSTIC,     1, -3.353307906366e-01, 1.797693134862e+308, 7.5189e+01, 1.2677e+01, 
*/mnt/lustre/mathdugre/fast-interpolate/datasets/ds004513/derivatives/flint/antsRegistration/binary64/sub-s020/Stage1_level4_Iter0002.nii.gz
2DIAGNOSTIC,     2, -3.354772876814e-01, 1.797693134862e+308, 8.5979e+01, 1.0789e+01, 
*/mnt/lustre/mathdugre/fast-interpolate/datasets/ds004513/derivatives/flint/antsRegistration/binary64/sub-s020/Stage1_level4_Iter0003.nii.gz
2DIAGNOSTIC,     3, -3.356453132373e-01, 1.797693134862e+308, 9.6890e+01, 1.0911e+01, 
*/mnt/lustre/mathdugre/fast-interpolate/datasets/ds004513/derivatives/flint/antsRegistration/binary64/sub-s020/Stage1_level4_Iter0004.nii.gz
2DIAGNOSTIC,     4, -3.361370533037e-01, 1.797693134862e+308, 1.0760e+02, 1.0708e+01, 
*/mnt/lustre/mathdugre/fast-interpolate/datasets/ds004513/derivatives/flint/antsRegistration/binary64/sub-s020/Stage1_level4_Iter0005.nii.gz
2DIAGNOSTIC,     5, -3.363789525944e-01, 1.797693134862e+308, 1.2006e+02, 1.2462e+01, 
*/mnt/lustre/mathdugre/fast-interpolate/datasets/ds004513/derivatives/flint/antsRegistration/binary64/sub-s020/Stage1_level4_Iter0006.nii.gz
2DIAGNOSTIC,     6, -3.364480242270e-01, 1.797693134862e+308, 1.3361e+02, 1.3549e+01, 
*/mnt/lustre/mathdugre/fast-interpolate/datasets/ds004513/derivatives/flint/antsRegistration/binary64/sub-s020/Stage1_level4_Iter0007.nii.gz
2DIAGNOSTIC,     7, -3.364679072479e-01, 1.797693134862e+308, 1.4731e+02, 1.3701e+01, 
*/mnt/lustre/mathdugre/fast-interpolate/datasets/ds004513/derivatives/flint/antsRegistration/binary64/sub-s020/Stage1_level4_Iter0008.nii.gz
2DIAGNOSTIC,     8, -3.365116930792e-01, 1.797693134862e+308, 1.5822e+02, 1.0910e+01, 
*/mnt/lustre/mathdugre/fast-interpolate/datasets/ds004513/derivatives/flint/antsRegistration/binary64/sub-s020/Stage1_level4_Iter0009.nii.gz
2DIAGNOSTIC,     9, -3.365824394025e-01, 1.797693134862e+308, 1.7187e+02, 1.3653e+01, 
*/mnt/lustre/mathdugre/fast-interpolate/datasets/ds004513/derivatives/flint/antsRegistration/binary64/sub-s020/Stage1_level4_Iter0010.nii.gz
2DIAGNOSTIC,    10, -3.366117059726e-01, 2.585605234744e-04, 1.8433e+02, 1.2460e+01, 
*/mnt/lustre/mathdugre/fast-interpolate/datasets/ds004513/derivatives/flint/antsRegistration/binary64/sub-s020/Stage1_level4_Iter0011.nii.gz
2DIAGNOSTIC,    11, -3.366239201721e-01, 1.849393469850e-04, 1.9519e+02, 1.0854e+01, 
*/mnt/lustre/mathdugre/fast-interpolate/datasets/ds004513/derivatives/flint/antsRegistration/binary64/sub-s020/Stage1_level4_Iter0012.nii.gz
2DIAGNOSTIC,    12, -3.366408073592e-01, 1.191735570290e-04, 2.0606e+02, 1.0875e+01, 
*/mnt/lustre/mathdugre/fast-interpolate/datasets/ds004513/derivatives/flint/antsRegistration/binary64/sub-s020/Stage1_level4_Iter0013.nii.gz
2DIAGNOSTIC,    13, -3.366837065732e-01, 6.601439351829e-05, 2.2100e+02, 1.4933e+01, 
*/mnt/lustre/mathdugre/fast-interpolate/datasets/ds004513/derivatives/flint/antsRegistration/binary64/sub-s020/Stage1_level4_Iter0014.nii.gz
2DIAGNOSTIC,    14, -3.367039514360e-01, 4.510329887651e-05, 2.3463e+02, 1.3639e+01, 
*/mnt/lustre/mathdugre/fast-interpolate/datasets/ds004513/derivatives/flint/antsRegistration/binary64/sub-s020/Stage1_level4_Iter0015.nii.gz
2DIAGNOSTIC,    15, -3.367043614633e-01, 3.663316111530e-05, 2.4698e+02, 1.2347e+01, 
*/mnt/lustre/mathdugre/fast-interpolate/datasets/ds004513/derivatives/flint/antsRegistration/binary64/sub-s020/Stage1_level4_Iter0016.nii.gz
2DIAGNOSTIC,    16, -3.367052528023e-01, 2.984111540630e-05, 2.5793e+02, 1.0951e+01, 
*/mnt/lustre/mathdugre/fast-interpolate/datasets/ds004513/derivatives/flint/antsRegistration/binary64/sub-s020/Stage1_level4_Iter0017.nii.gz
2DIAGNOSTIC,    17, -3.367092301049e-01, 2.246556579371e-05, 2.7311e+02, 1.5173e+01, 
