
SUBJECT_ID: s003
DATA_DIR: /mnt/lustre/mathdugre/fast-interpolate/datasets/ds004513


Will run Atropos segmentation with K=3. Classes labeled in order of mean intensity. Assuming CSF=1, GM=2, WM=3

The output directory "/data/derivatives/flint/antsBrainExtraction/sub-s003" does not exist. Making it.

    Using antsBrainExtraction with the following arguments:
      image dimension         = 3
      anatomical image        = /data/sub-s003/ses-open/anat/sub-s003_ses-open_T1w.nii.gz
      extraction template     = /opt/templates/OASIS/T_template0.nii.gz
      extraction reg. mask    = 
      extraction prior        = /opt/templates/OASIS/T_template0_BrainCerebellumProbabilityMask.nii.gz
      output prefix           = /data/derivatives/flint/antsBrainExtraction/sub-s003/
      output image suffix     = nii.gz

    antsAI parameters (initial alignment):
      rotation search params  = 20,0.12
      translation search params = 40,0x40x40

    N4 parameters (pre brain extraction):
      convergence             = [ 50x50x50x50,0.0000001 ]
      shrink factor           = 4
      B-spline parameters     = [ 1x1x1, 3 ]

    Atropos parameters (extraction):
       convergence            = [ 3,0.0 ]
       likelihood             = Gaussian
       initialization         = kmeans[ 3 ]
       mrf                    = [ 0.1,1x1x1 ]
       use clock random seed  = 1

---------------------  Running antsBrainExtraction.sh on comp02  ---------------------

--------------------------------------------------------------------------------------
 Bias correction of anatomical images (pre brain extraction)
   1) pre-process by truncating the image intensities
   2) run N4
--------------------------------------------------------------------------------------

BEGIN >>>>>>>>>>>>>>>>>>>>
ImageMath 3 /data/derivatives/flint/antsBrainExtraction/sub-s003/N4Truncated0.nii.gz TruncateImageIntensity /data/sub-s003/ses-open/anat/sub-s003_ses-open_T1w.nii.gz 0.01 0.999 256
END   <<<<<<<<<<<<<<<<<<<<


BEGIN >>>>>>>>>>>>>>>>>>>>
N4BiasFieldCorrection -d 3 -i /data/derivatives/flint/antsBrainExtraction/sub-s003/N4Truncated0.nii.gz -s 4 -c [ 50x50x50x50,0.0000001 ] -b [ 1x1x1, 3 ] -o /data/derivatives/flint/antsBrainExtraction/sub-s003/N4Corrected0.nii.gz --verbose 1

Running N4 for 3-dimensional images.

Mask not read.  Using the entire image as the mask.

Original intensity range:  [0.876442, 719.498]
Current level = 1
  Iteration 1 (of 50).   Current convergence value = 0.000407274 (threshold = 1e-07)
  Iteration 2 (of 50).   Current convergence value = 0.000394477 (threshold = 1e-07)
  Iteration 3 (of 50).   Current convergence value = 0.000382745 (threshold = 1e-07)
  Iteration 4 (of 50).   Current convergence value = 0.000375482 (threshold = 1e-07)
  Iteration 5 (of 50).   Current convergence value = 0.000365568 (threshold = 1e-07)
  Iteration 6 (of 50).   Current convergence value = 0.000352983 (threshold = 1e-07)
  Iteration 7 (of 50).   Current convergence value = 0.000343045 (threshold = 1e-07)
  Iteration 8 (of 50).   Current convergence value = 0.000332077 (threshold = 1e-07)
  Iteration 9 (of 50).   Current convergence value = 0.00032137 (threshold = 1e-07)
  Iteration 10 (of 50).   Current convergence value = 0.000310199 (threshold = 1e-07)
  Iteration 11 (of 50).   Current convergence value = 0.00029938 (threshold = 1e-07)
  Iteration 12 (of 50).   Current convergence value = 0.000290412 (threshold = 1e-07)
  Iteration 13 (of 50).   Current convergence value = 0.000281189 (threshold = 1e-07)
  Iteration 14 (of 50).   Current convergence value = 0.000270046 (threshold = 1e-07)
  Iteration 15 (of 50).   Current convergence value = 0.000259299 (threshold = 1e-07)
  Iteration 16 (of 50).   Current convergence value = 0.000249091 (threshold = 1e-07)
  Iteration 17 (of 50).   Current convergence value = 0.000239298 (threshold = 1e-07)
  Iteration 18 (of 50).   Current convergence value = 0.000229837 (threshold = 1e-07)
  Iteration 19 (of 50).   Current convergence value = 0.000221086 (threshold = 1e-07)
  Iteration 20 (of 50).   Current convergence value = 0.000212606 (threshold = 1e-07)
  Iteration 21 (of 50).   Current convergence value = 0.000203879 (threshold = 1e-07)
  Iteration 22 (of 50).   Current convergence value = 0.000194198 (threshold = 1e-07)
  Iteration 23 (of 50).   Current convergence value = 0.000185185 (threshold = 1e-07)
  Iteration 24 (of 50).   Current convergence value = 0.000176584 (threshold = 1e-07)
  Iteration 25 (of 50).   Current convergence value = 0.000168556 (threshold = 1e-07)
  Iteration 26 (of 50).   Current convergence value = 0.000160878 (threshold = 1e-07)
  Iteration 27 (of 50).   Current convergence value = 0.000153651 (threshold = 1e-07)
  Iteration 28 (of 50).   Current convergence value = 0.000147173 (threshold = 1e-07)
  Iteration 29 (of 50).   Current convergence value = 0.000140772 (threshold = 1e-07)
  Iteration 30 (of 50).   Current convergence value = 0.000135492 (threshold = 1e-07)
  Iteration 31 (of 50).   Current convergence value = 0.00013009 (threshold = 1e-07)
  Iteration 32 (of 50).   Current convergence value = 0.000125464 (threshold = 1e-07)
  Iteration 33 (of 50).   Current convergence value = 0.000121375 (threshold = 1e-07)
  Iteration 34 (of 50).   Current convergence value = 0.000117712 (threshold = 1e-07)
  Iteration 35 (of 50).   Current convergence value = 0.000114509 (threshold = 1e-07)
  Iteration 36 (of 50).   Current convergence value = 0.000111792 (threshold = 1e-07)
  Iteration 37 (of 50).   Current convergence value = 0.000109461 (threshold = 1e-07)
  Iteration 38 (of 50).   Current convergence value = 0.000107472 (threshold = 1e-07)
  Iteration 39 (of 50).   Current convergence value = 0.000105795 (threshold = 1e-07)
  Iteration 40 (of 50).   Current convergence value = 0.000104415 (threshold = 1e-07)
  Iteration 41 (of 50).   Current convergence value = 0.000103319 (threshold = 1e-07)
  Iteration 42 (of 50).   Current convergence value = 0.000102485 (threshold = 1e-07)
  Iteration 43 (of 50).   Current convergence value = 0.000101899 (threshold = 1e-07)
  Iteration 44 (of 50).   Current convergence value = 0.000101451 (threshold = 1e-07)
  Iteration 45 (of 50).   Current convergence value = 0.000101244 (threshold = 1e-07)
  Iteration 46 (of 50).   Current convergence value = 0.000101185 (threshold = 1e-07)
  Iteration 47 (of 50).   Current convergence value = 0.000101368 (threshold = 1e-07)
  Iteration 48 (of 50).   Current convergence value = 0.000101585 (threshold = 1e-07)
  Iteration 49 (of 50).   Current convergence value = 0.000101849 (threshold = 1e-07)
  Iteration 50 (of 50).   Current convergence value = 0.000102253 (threshold = 1e-07)
Current level = 2
  Iteration 1 (of 50).   Current convergence value = 0.0003747 (threshold = 1e-07)
  Iteration 2 (of 50).   Current convergence value = 0.000329512 (threshold = 1e-07)
  Iteration 3 (of 50).   Current convergence value = 0.00028865 (threshold = 1e-07)
  Iteration 4 (of 50).   Current convergence value = 0.00025637 (threshold = 1e-07)
  Iteration 5 (of 50).   Current convergence value = 0.000231262 (threshold = 1e-07)
  Iteration 6 (of 50).   Current convergence value = 0.000208374 (threshold = 1e-07)
  Iteration 7 (of 50).   Current convergence value = 0.000183839 (threshold = 1e-07)
  Iteration 8 (of 50).   Current convergence value = 0.000166491 (threshold = 1e-07)
  Iteration 9 (of 50).   Current convergence value = 0.000153589 (threshold = 1e-07)
  Iteration 10 (of 50).   Current convergence value = 0.000141479 (threshold = 1e-07)
  Iteration 11 (of 50).   Current convergence value = 0.000132191 (threshold = 1e-07)
  Iteration 12 (of 50).   Current convergence value = 0.000124061 (threshold = 1e-07)
  Iteration 13 (of 50).   Current convergence value = 0.000117978 (threshold = 1e-07)
  Iteration 14 (of 50).   Current convergence value = 0.000112752 (threshold = 1e-07)
  Iteration 15 (of 50).   Current convergence value = 0.000108135 (threshold = 1e-07)
  Iteration 16 (of 50).   Current convergence value = 0.000104608 (threshold = 1e-07)
  Iteration 17 (of 50).   Current convergence value = 0.00010138 (threshold = 1e-07)
  Iteration 18 (of 50).   Current convergence value = 9.82684e-05 (threshold = 1e-07)
  Iteration 19 (of 50).   Current convergence value = 9.60019e-05 (threshold = 1e-07)
  Iteration 20 (of 50).   Current convergence value = 9.4089e-05 (threshold = 1e-07)
  Iteration 21 (of 50).   Current convergence value = 9.23198e-05 (threshold = 1e-07)
  Iteration 22 (of 50).   Current convergence value = 9.10163e-05 (threshold = 1e-07)
  Iteration 23 (of 50).   Current convergence value = 8.96834e-05 (threshold = 1e-07)
  Iteration 24 (of 50).   Current convergence value = 8.88883e-05 (threshold = 1e-07)
  Iteration 25 (of 50).   Current convergence value = 8.76282e-05 (threshold = 1e-07)
  Iteration 26 (of 50).   Current convergence value = 8.71897e-05 (threshold = 1e-07)
  Iteration 27 (of 50).   Current convergence value = 9.2867e-05 (threshold = 1e-07)
  Iteration 28 (of 50).   Current convergence value = 0.000105978 (threshold = 1e-07)
  Iteration 29 (of 50).   Current convergence value = 0.000123049 (threshold = 1e-07)
  Iteration 30 (of 50).   Current convergence value = 0.000144264 (threshold = 1e-07)
  Iteration 31 (of 50).   Current convergence value = 0.000165696 (threshold = 1e-07)
  Iteration 32 (of 50).   Current convergence value = 0.00019007 (threshold = 1e-07)
  Iteration 33 (of 50).   Current convergence value = 0.000217187 (threshold = 1e-07)
  Iteration 34 (of 50).   Current convergence value = 0.000245499 (threshold = 1e-07)
  Iteration 35 (of 50).   Current convergence value = 0.000277097 (threshold = 1e-07)
  Iteration 36 (of 50).   Current convergence value = 0.000306902 (threshold = 1e-07)
  Iteration 37 (of 50).   Current convergence value = 0.000342943 (threshold = 1e-07)
  Iteration 38 (of 50).   Current convergence value = 0.00037947 (threshold = 1e-07)
  Iteration 39 (of 50).   Current convergence value = 0.000415483 (threshold = 1e-07)
  Iteration 40 (of 50).   Current convergence value = 0.0004544 (threshold = 1e-07)
  Iteration 41 (of 50).   Current convergence value = 0.000493524 (threshold = 1e-07)
  Iteration 42 (of 50).   Current convergence value = 0.000535389 (threshold = 1e-07)
  Iteration 43 (of 50).   Current convergence value = 0.000576762 (threshold = 1e-07)
  Iteration 44 (of 50).   Current convergence value = 0.00059953 (threshold = 1e-07)
  Iteration 45 (of 50).   Current convergence value = 0.000521581 (threshold = 1e-07)
  Iteration 46 (of 50).   Current convergence value = 0.000467849 (threshold = 1e-07)
  Iteration 47 (of 50).   Current convergence value = 0.000425171 (threshold = 1e-07)
  Iteration 48 (of 50).   Current convergence value = 0.000390353 (threshold = 1e-07)
  Iteration 49 (of 50).   Current convergence value = 0.000362486 (threshold = 1e-07)
  Iteration 50 (of 50).   Current convergence value = 0.000335433 (threshold = 1e-07)
Current level = 3
  Iteration 1 (of 50).   Current convergence value = 0.00102785 (threshold = 1e-07)
  Iteration 2 (of 50).   Current convergence value = 0.000995641 (threshold = 1e-07)
  Iteration 3 (of 50).   Current convergence value = 0.0010092 (threshold = 1e-07)
  Iteration 4 (of 50).   Current convergence value = 0.00104554 (threshold = 1e-07)
  Iteration 5 (of 50).   Current convergence value = 0.00106688 (threshold = 1e-07)
  Iteration 6 (of 50).   Current convergence value = 0.00107002 (threshold = 1e-07)
  Iteration 7 (of 50).   Current convergence value = 0.0010736 (threshold = 1e-07)
  Iteration 8 (of 50).   Current convergence value = 0.0010743 (threshold = 1e-07)
  Iteration 9 (of 50).   Current convergence value = 0.00107231 (threshold = 1e-07)
  Iteration 10 (of 50).   Current convergence value = 0.00106428 (threshold = 1e-07)
  Iteration 11 (of 50).   Current convergence value = 0.00107633 (threshold = 1e-07)
  Iteration 12 (of 50).   Current convergence value = 0.00110843 (threshold = 1e-07)
  Iteration 13 (of 50).   Current convergence value = 0.00106039 (threshold = 1e-07)
  Iteration 14 (of 50).   Current convergence value = 0.000956145 (threshold = 1e-07)
  Iteration 15 (of 50).   Current convergence value = 0.000924751 (threshold = 1e-07)
  Iteration 16 (of 50).   Current convergence value = 0.00110377 (threshold = 1e-07)
  Iteration 17 (of 50).   Current convergence value = 0.000952307 (threshold = 1e-07)
  Iteration 18 (of 50).   Current convergence value = 0.000911841 (threshold = 1e-07)
  Iteration 19 (of 50).   Current convergence value = 0.000899968 (threshold = 1e-07)
  Iteration 20 (of 50).   Current convergence value = 0.000902776 (threshold = 1e-07)
  Iteration 21 (of 50).   Current convergence value = 0.000915359 (threshold = 1e-07)
  Iteration 22 (of 50).   Current convergence value = 0.000933538 (threshold = 1e-07)
  Iteration 23 (of 50).   Current convergence value = 0.000945765 (threshold = 1e-07)
  Iteration 24 (of 50).   Current convergence value = 0.000948252 (threshold = 1e-07)
  Iteration 25 (of 50).   Current convergence value = 0.00093287 (threshold = 1e-07)
  Iteration 26 (of 50).   Current convergence value = 0.000909037 (threshold = 1e-07)
  Iteration 27 (of 50).   Current convergence value = 0.000895794 (threshold = 1e-07)
  Iteration 28 (of 50).   Current convergence value = 0.000874097 (threshold = 1e-07)
  Iteration 29 (of 50).   Current convergence value = 0.000859948 (threshold = 1e-07)
  Iteration 30 (of 50).   Current convergence value = 0.000789874 (threshold = 1e-07)
  Iteration 31 (of 50).   Current convergence value = 0.000726156 (threshold = 1e-07)
  Iteration 32 (of 50).   Current convergence value = 0.000770403 (threshold = 1e-07)
  Iteration 33 (of 50).   Current convergence value = 0.000985639 (threshold = 1e-07)
  Iteration 34 (of 50).   Current convergence value = 0.000830457 (threshold = 1e-07)
  Iteration 35 (of 50).   Current convergence value = 0.000762997 (threshold = 1e-07)
  Iteration 36 (of 50).   Current convergence value = 0.000748574 (threshold = 1e-07)
  Iteration 37 (of 50).   Current convergence value = 0.000750892 (threshold = 1e-07)
  Iteration 38 (of 50).   Current convergence value = 0.000764312 (threshold = 1e-07)
  Iteration 39 (of 50).   Current convergence value = 0.000766186 (threshold = 1e-07)
  Iteration 40 (of 50).   Current convergence value = 0.00076612 (threshold = 1e-07)
  Iteration 41 (of 50).   Current convergence value = 0.000769603 (threshold = 1e-07)
  Iteration 42 (of 50).   Current convergence value = 0.000768926 (threshold = 1e-07)
  Iteration 43 (of 50).   Current convergence value = 0.000767052 (threshold = 1e-07)
  Iteration 44 (of 50).   Current convergence value = 0.000765537 (threshold = 1e-07)
  Iteration 45 (of 50).   Current convergence value = 0.00077402 (threshold = 1e-07)
  Iteration 46 (of 50).   Current convergence value = 0.000774454 (threshold = 1e-07)
  Iteration 47 (of 50).   Current convergence value = 0.000766401 (threshold = 1e-07)
  Iteration 48 (of 50).   Current convergence value = 0.000725031 (threshold = 1e-07)
  Iteration 49 (of 50).   Current convergence value = 0.000645868 (threshold = 1e-07)
  Iteration 50 (of 50).   Current convergence value = 0.000621509 (threshold = 1e-07)
Current level = 4
  Iteration 1 (of 50).   Current convergence value = 0.00168383 (threshold = 1e-07)
  Iteration 2 (of 50).   Current convergence value = 0.00172467 (threshold = 1e-07)
  Iteration 3 (of 50).   Current convergence value = 0.00163443 (threshold = 1e-07)
  Iteration 4 (of 50).   Current convergence value = 0.0016587 (threshold = 1e-07)
  Iteration 5 (of 50).   Current convergence value = 0.00167898 (threshold = 1e-07)
  Iteration 6 (of 50).   Current convergence value = 0.00168157 (threshold = 1e-07)
  Iteration 7 (of 50).   Current convergence value = 0.00167865 (threshold = 1e-07)
  Iteration 8 (of 50).   Current convergence value = 0.00166315 (threshold = 1e-07)
  Iteration 9 (of 50).   Current convergence value = 0.0015386 (threshold = 1e-07)
  Iteration 10 (of 50).   Current convergence value = 0.00169831 (threshold = 1e-07)
  Iteration 11 (of 50).   Current convergence value = 0.00156545 (threshold = 1e-07)
  Iteration 12 (of 50).   Current convergence value = 0.00152438 (threshold = 1e-07)
  Iteration 13 (of 50).   Current convergence value = 0.00152713 (threshold = 1e-07)
  Iteration 14 (of 50).   Current convergence value = 0.00153138 (threshold = 1e-07)
  Iteration 15 (of 50).   Current convergence value = 0.00152482 (threshold = 1e-07)
  Iteration 16 (of 50).   Current convergence value = 0.0015312 (threshold = 1e-07)
  Iteration 17 (of 50).   Current convergence value = 0.00151234 (threshold = 1e-07)
  Iteration 18 (of 50).   Current convergence value = 0.00143673 (threshold = 1e-07)
  Iteration 19 (of 50).   Current convergence value = 0.00134121 (threshold = 1e-07)
  Iteration 20 (of 50).   Current convergence value = 0.00153415 (threshold = 1e-07)
  Iteration 21 (of 50).   Current convergence value = 0.00136455 (threshold = 1e-07)
  Iteration 22 (of 50).   Current convergence value = 0.00129987 (threshold = 1e-07)
  Iteration 23 (of 50).   Current convergence value = 0.00130652 (threshold = 1e-07)
  Iteration 24 (of 50).   Current convergence value = 0.00132196 (threshold = 1e-07)
  Iteration 25 (of 50).   Current convergence value = 0.00130571 (threshold = 1e-07)
  Iteration 26 (of 50).   Current convergence value = 0.00129106 (threshold = 1e-07)
  Iteration 27 (of 50).   Current convergence value = 0.00128659 (threshold = 1e-07)
  Iteration 28 (of 50).   Current convergence value = 0.00128919 (threshold = 1e-07)
  Iteration 29 (of 50).   Current convergence value = 0.0012193 (threshold = 1e-07)
  Iteration 30 (of 50).   Current convergence value = 0.00117126 (threshold = 1e-07)
  Iteration 31 (of 50).   Current convergence value = 0.00138853 (threshold = 1e-07)
  Iteration 32 (of 50).   Current convergence value = 0.00119378 (threshold = 1e-07)
  Iteration 33 (of 50).   Current convergence value = 0.00110148 (threshold = 1e-07)
  Iteration 34 (of 50).   Current convergence value = 0.00109109 (threshold = 1e-07)
  Iteration 35 (of 50).   Current convergence value = 0.00109219 (threshold = 1e-07)
  Iteration 36 (of 50).   Current convergence value = 0.00109927 (threshold = 1e-07)
  Iteration 37 (of 50).   Current convergence value = 0.0011131 (threshold = 1e-07)
  Iteration 38 (of 50).   Current convergence value = 0.00111952 (threshold = 1e-07)
  Iteration 39 (of 50).   Current convergence value = 0.00110928 (threshold = 1e-07)
  Iteration 40 (of 50).   Current convergence value = 0.0010844 (threshold = 1e-07)
  Iteration 41 (of 50).   Current convergence value = 0.001012 (threshold = 1e-07)
  Iteration 42 (of 50).   Current convergence value = 0.00095948 (threshold = 1e-07)
  Iteration 43 (of 50).   Current convergence value = 0.00132913 (threshold = 1e-07)
  Iteration 44 (of 50).   Current convergence value = 0.00111019 (threshold = 1e-07)
  Iteration 45 (of 50).   Current convergence value = 0.00100845 (threshold = 1e-07)
  Iteration 46 (of 50).   Current convergence value = 0.000970355 (threshold = 1e-07)
  Iteration 47 (of 50).   Current convergence value = 0.000963036 (threshold = 1e-07)
  Iteration 48 (of 50).   Current convergence value = 0.000957455 (threshold = 1e-07)
  Iteration 49 (of 50).   Current convergence value = 0.000949743 (threshold = 1e-07)
  Iteration 50 (of 50).   Current convergence value = 0.000952479 (threshold = 1e-07)
   N4BiasFieldCorrectionImageFilter (0x55b6b7f3b830)
     RTTI typeinfo:   itk::N4BiasFieldCorrectionImageFilter<itk::Image<float, 3u>, itk::Image<float, 3u>, itk::Image<float, 3u> >
     Reference Count: 1
     Modified Time: 678
     Debug: Off
     Object Name: 
     Observers: 
       IterationEvent(Command)
     Inputs: 
       ConfidenceImage: (0)
       MaskImage: (0x55b6b7f9c290)
       Primary: (0x55b6b7f9bfd0) *
     Indexed Inputs: 
       0: Primary (0x55b6b7f9bfd0)
       1: MaskImage (0x55b6b7f9c290)
       2: ConfidenceImage (0)
     Required Input Names: Primary
     NumberOfRequiredInputs: 1
     Outputs: 
       Primary: (0x55b6b7f4f880)
     Indexed Outputs: 
       0: Primary (0x55b6b7f4f880)
     NumberOfRequiredOutputs: 1
     Number Of Work Units: 128
     ReleaseDataFlag: Off
     ReleaseDataBeforeUpdateFlag: Off
     AbortGenerateData: Off
     Progress: 0
     Multithreader: 
       RTTI typeinfo:   itk::PoolMultiThreader
       Reference Count: 1
       Modified Time: 140
       Debug: Off
       Object Name: 
       Observers: 
         none
       Number of Work Units: 128
       Number of Threads: 64
       Global Maximum Number Of Threads: 128
       Global Default Number Of Threads: 64
       Global Default Threader Type: itk::MultiThreaderBaseEnums::Threader::Pool
       SingleMethod: 0
       SingleData: 0
     DynamicMultiThreading: On
     CoordinateTolerance: 1e-06
     DirectionTolerance: 1e-06
     Use Mask Label: 0
     Mask label: 1
     Number of histogram bins: 200
     Wiener filter noise: 0.01
     Bias field FWHM: 0.15
     Maximum number of iterations: [50, 50, 50, 50]
     Convergence threshold: 1e-07
     Spline order: 3
     Number of fitting levels: [4, 4, 4]
     Number of control points: [4, 4, 4]
     CurrentConvergenceMeasurement: 0.000952479
     CurrentLevel: 4
     ElapsedIterations: 51
     LogBiasFieldControlPointLattice: 
       Image (0x55b6b7f6d670)
         RTTI typeinfo:   itk::Image<itk::Vector<float, 1u>, 3u>
         Reference Count: 1
         Modified Time: 980403
         Debug: Off
         Object Name: 
         Observers: 
           none
         Source: (none)
         Source output name: (none)
         Release Data: Off
         Data Released: False
         Global Release Data: Off
         PipelineMTime: 0
         UpdateMTime: 0
         RealTimeStamp: 0 seconds 
         LargestPossibleRegion: 
           Dimension: 3
           Index: [0, 0, 0]
           Size: [11, 11, 11]
         BufferedRegion: 
           Dimension: 3
           Index: [0, 0, 0]
           Size: [11, 11, 11]
         RequestedRegion: 
           Dimension: 3
           Index: [0, 0, 0]
           Size: [11, 11, 11]
         Spacing: [21.5, 29.5, 31.5]
         Origin: [22.7528, 28.876, -31.1967]
         Direction: 
-0.999513 -0.0279216 -0.0139567
0.0279189 -0.99961 0.000389866
-0.0139622 2.01492e-08 0.999903

         IndexToPointMatrix: 
-21.4895 -0.823687 -0.439636
0.600255 -29.4885 0.0122808
-0.300186 5.94402e-07 31.4969

         PointToIndexMatrix: 
-0.046489 0.00129855 -0.000649403
-0.000946495 -0.0338851 6.83782e-10
-0.00044307 1.23767e-05 0.0317429

         Inverse Direction: 
-0.999513 0.0279189 -0.0139622
-0.0279216 -0.99961 2.01716e-08
-0.0139567 0.000389866 0.999903

         PixelContainer: 
           ImportImageContainer (0x55b6b83483c0)
             RTTI typeinfo:   itk::ImportImageContainer<unsigned long, itk::Vector<float, 1u> >
             Reference Count: 1
             Modified Time: 980404
             Debug: Off
             Object Name: 
             Observers: 
               none
             Pointer: 0x55b6b7f86e70
             Container manages memory: true
             Size: 1331
             Capacity: 1331
Elapsed time: 112.676
END   <<<<<<<<<<<<<<<<<<<<



--------------------------------------------------------------------------------------
 Done with N4 correction (pre brain extraction):  0h 1m 59s
--------------------------------------------------------------------------------------


--------------------------------------------------------------------------------------
 Brain extraction using the following steps:
   1) Register /opt/templates/OASIS/T_template0.nii.gz to /data/derivatives/flint/antsBrainExtraction/sub-s003/N4Corrected0.nii.gz
   2) Warp /opt/templates/OASIS/T_template0_BrainCerebellumProbabilityMask.nii.gz to /data/sub-s003/ses-open/anat/sub-s003_ses-open_T1w.nii.gz using, from 1),
      /data/derivatives/flint/antsBrainExtraction/sub-s003/BrainExtractionWarp/Affine
   3) Refine segmentation results using Atropos
--------------------------------------------------------------------------------------

BEGIN >>>>>>>>>>>>>>>>>>>>
ImageMath 3 /data/derivatives/flint/antsBrainExtraction/sub-s003/BrainExtractionLaplacian.nii.gz Laplacian /data/derivatives/flint/antsBrainExtraction/sub-s003/N4Corrected0.nii.gz 1.5 1
END   <<<<<<<<<<<<<<<<<<<<


BEGIN >>>>>>>>>>>>>>>>>>>>
ImageMath 3 /data/derivatives/flint/antsBrainExtraction/sub-s003/BrainExtractionTemplateLaplacian.nii.gz Laplacian /opt/templates/OASIS/T_template0.nii.gz 1.5 1
END   <<<<<<<<<<<<<<<<<<<<


BEGIN >>>>>>>>>>>>>>>>>>>>
SmoothImage 3 /opt/templates/OASIS/T_template0.nii.gz 4 /data/derivatives/flint/antsBrainExtraction/sub-s003/BrainExtractionInitialAffineFixed.nii.gz
END   <<<<<<<<<<<<<<<<<<<<


BEGIN >>>>>>>>>>>>>>>>>>>>
SmoothImage 3 /data/derivatives/flint/antsBrainExtraction/sub-s003/N4Corrected0.nii.gz 4 /data/derivatives/flint/antsBrainExtraction/sub-s003/BrainExtractionInitialAffineMoving.nii.gz
END   <<<<<<<<<<<<<<<<<<<<


BEGIN >>>>>>>>>>>>>>>>>>>>
ResampleImageBySpacing 3 /data/derivatives/flint/antsBrainExtraction/sub-s003/BrainExtractionInitialAffineFixed.nii.gz /data/derivatives/flint/antsBrainExtraction/sub-s003/BrainExtractionInitialAffineFixed.nii.gz 5 5 5 0
 spacing [1, 1, 1] dim 3
 spacing2 [5, 5, 5]
 out space [5, 5, 5]
 output size [43, 51, 58] spc [5, 5, 5]
END   <<<<<<<<<<<<<<<<<<<<


BEGIN >>>>>>>>>>>>>>>>>>>>
ResampleImageBySpacing 3 /data/derivatives/flint/antsBrainExtraction/sub-s003/BrainExtractionInitialAffineMoving.nii.gz /data/derivatives/flint/antsBrainExtraction/sub-s003/BrainExtractionInitialAffineMoving.nii.gz 5 5 5 0
 spacing [0.999999, 1, 1] dim 3
 spacing2 [5, 5, 5]
 out space [5, 5, 5]
 output size [35, 48, 51] spc [5, 5, 5]
END   <<<<<<<<<<<<<<<<<<<<


BEGIN >>>>>>>>>>>>>>>>>>>>
antsAI -d 3 -v 1 -m Mattes[ /data/derivatives/flint/antsBrainExtraction/sub-s003/BrainExtractionInitialAffineFixed.nii.gz,/data/derivatives/flint/antsBrainExtraction/sub-s003/BrainExtractionInitialAffineMoving.nii.gz,32,Regular,0.2 ] -t Affine[ 0.1 ] -s [ 20,0.12 ] -g [ 40,0x40x40 ] -p 0 -c 10 -o /data/derivatives/flint/antsBrainExtraction/sub-s003/BrainExtractionInitialAffine.mat
Using the Mattes MI metric (number of bins = 32)
Starting optimizer with 243 starting points

Iteration/Total,MetricValue
24/243,-0.461456
48/243,-0.498409
72/243,-0.434512
96/243,-0.459426
120/243,-0.496929
144/243,-0.436039
168/243,-0.460234
192/243,-0.506165
216/243,-0.536092
240/243,-0.55029

Optimization complete. Best metric value: -0.580548
END   <<<<<<<<<<<<<<<<<<<<


BEGIN >>>>>>>>>>>>>>>>>>>>
antsRegistration -d 3 -u 1 -w [ 0.025,0.975 ] -o /data/derivatives/flint/antsBrainExtraction/sub-s003/BrainExtractionPrior -r /data/derivatives/flint/antsBrainExtraction/sub-s003/BrainExtractionInitialAffine.mat -z 1 --float 0 --verbose 1 -m MI[ /opt/templates/OASIS/T_template0.nii.gz,/data/derivatives/flint/antsBrainExtraction/sub-s003/N4Corrected0.nii.gz,1,32,Regular,0.25 ] -c [ 1000x500x250x100,1e-8,10 ] -t Rigid[ 0.1 ] -f 8x4x2x1 -s 4x2x1x0 -m MI[ /opt/templates/OASIS/T_template0.nii.gz,/data/derivatives/flint/antsBrainExtraction/sub-s003/N4Corrected0.nii.gz,1,32,Regular,0.25 ] -c [ 1000x500x250x100,1e-8,10 ] -t Affine[ 0.1 ] -f 8x4x2x1 -s 4x2x1x0 -m CC[ /opt/templates/OASIS/T_template0.nii.gz,/data/derivatives/flint/antsBrainExtraction/sub-s003/N4Corrected0.nii.gz,0.5,4 ] -m CC[ /data/derivatives/flint/antsBrainExtraction/sub-s003/BrainExtractionTemplateLaplacian.nii.gz,/data/derivatives/flint/antsBrainExtraction/sub-s003/BrainExtractionLaplacian.nii.gz,0.5,4 ] -c [ 50x10x0,1e-9,15 ] -t SyN[ 0.1,3,0 ] -f 4x2x1 -s 2x1x0
All_Command_lines_OK
Using double precision for computations.
=============================================================================
The composite transform comprises the following transforms (in order): 
  1. /data/derivatives/flint/antsBrainExtraction/sub-s003/BrainExtractionInitialAffine.mat (type = AffineTransform)
=============================================================================
  number of levels = 4
  number of levels = 4
  number of levels = 3
  fixed image: /opt/templates/OASIS/T_template0.nii.gz
  moving image: /data/derivatives/flint/antsBrainExtraction/sub-s003/N4Corrected0.nii.gz
  fixed image: /opt/templates/OASIS/T_template0.nii.gz
  moving image: /data/derivatives/flint/antsBrainExtraction/sub-s003/N4Corrected0.nii.gz
  fixed image: /opt/templates/OASIS/T_template0.nii.gz
  moving image: /data/derivatives/flint/antsBrainExtraction/sub-s003/N4Corrected0.nii.gz
  fixed image: /data/derivatives/flint/antsBrainExtraction/sub-s003/BrainExtractionTemplateLaplacian.nii.gz
  moving image: /data/derivatives/flint/antsBrainExtraction/sub-s003/BrainExtractionLaplacian.nii.gz
Dimension = 3
Number of stages = 3
Use histogram matching = true
Winsorize image intensities = true
  Lower quantile = 0.025
  Upper quantile = 0.975


Stage 1 State
   Image metric = MattesMI
     Fixed image = Image (0x561153af6a20)
  RTTI typeinfo:   itk::Image<double, 3u>
  Reference Count: 2
  Modified Time: 1612
  Debug: Off
  Object Name: 
  Observers: 
    none
  Source: (none)
  Source output name: (none)
  Release Data: Off
  Data Released: False
  Global Release Data: Off
  PipelineMTime: 0
  UpdateMTime: 1221
  RealTimeStamp: 0 seconds 
  LargestPossibleRegion: 
    Dimension: 3
    Index: [0, 0, 0]
    Size: [216, 256, 291]
  BufferedRegion: 
    Dimension: 3
    Index: [0, 0, 0]
    Size: [216, 256, 291]
  RequestedRegion: 
    Dimension: 3
    Index: [0, 0, 0]
    Size: [216, 256, 291]
  Spacing: [1, 1, 1]
  Origin: [0, 293, 0]
  Direction: 
1 0 0
0 -0 -1
0 -1 0

  IndexToPointMatrix: 
1 0 0
0 0 -1
0 -1 0

  PointToIndexMatrix: 
1 0 0
0 0 -1
0 -1 0

  Inverse Direction: 
1 0 0
0 0 -1
0 -1 0

  PixelContainer: 
    ImportImageContainer (0x561153b10020)
      RTTI typeinfo:   itk::ImportImageContainer<unsigned long, double>
      Reference Count: 1
      Modified Time: 1218
      Debug: Off
      Object Name: 
      Observers: 
        none
      Pointer: 0x7ff5ddf90010
      Container manages memory: true
      Size: 16091136
      Capacity: 16091136

     Moving image = Image (0x561153b09ac0)
  RTTI typeinfo:   itk::Image<double, 3u>
  Reference Count: 2
  Modified Time: 1613
  Debug: Off
  Object Name: 
  Observers: 
    none
  Source: (none)
  Source output name: (none)
  Release Data: Off
  Data Released: False
  Global Release Data: Off
  PipelineMTime: 0
  UpdateMTime: 1610
  RealTimeStamp: 0 seconds 
  LargestPossibleRegion: 
    Dimension: 3
    Index: [0, 0, 0]
    Size: [176, 240, 256]
  BufferedRegion: 
    Dimension: 3
    Index: [0, 0, 0]
    Size: [176, 240, 256]
  RequestedRegion: 
    Dimension: 3
    Index: [0, 0, 0]
    Size: [176, 240, 256]
  Spacing: [0.999999, 1, 1]
  Origin: [93.3499, 86.9368, -128.957]
  Direction: 
-0.999513 -0.0279216 -0.0139567
0.0279189 -0.99961 0.000389866
-0.0139622 2.01556e-08 0.999903

  IndexToPointMatrix: 
-0.999512 -0.0279216 -0.0139567
0.0279189 -0.99961 0.000389866
-0.0139621 2.01556e-08 0.999903

  PointToIndexMatrix: 
-0.999514 0.0279189 -0.0139622
-0.0279216 -0.99961 2.02007e-08
-0.0139567 0.000389866 0.999903

  Inverse Direction: 
-0.999513 0.0279189 -0.0139622
-0.0279216 -0.99961 2.02007e-08
-0.0139567 0.000389866 0.999903

  PixelContainer: 
    ImportImageContainer (0x561153b11040)
      RTTI typeinfo:   itk::ImportImageContainer<unsigned long, double>
      Reference Count: 1
      Modified Time: 1607
      Debug: Off
      Object Name: 
      Observers: 
        none
      Pointer: 0x7ff5d8d0f010
      Container manages memory: true
      Size: 10813440
      Capacity: 10813440

     Weighting = 1
     Sampling strategy = regular
     Number of bins = 32
     Radius = 4
     Sampling percentage  = 0.25
   Transform = Rigid
     Gradient step = 0.1
     Update field sigma (voxel space) = 0
     Total field sigma (voxel space) = 0
     Update field time sigma = 0
     Total field time sigma  = 0
     Number of time indices = 0
     Number of time point samples = 0
Stage 2 State
   Image metric = MattesMI
     Fixed image = Image (0x561153b0bc10)
  RTTI typeinfo:   itk::Image<double, 3u>
  Reference Count: 2
  Modified Time: 2390
  Debug: Off
  Object Name: 
  Observers: 
    none
  Source: (none)
  Source output name: (none)
  Release Data: Off
  Data Released: False
  Global Release Data: Off
  PipelineMTime: 0
  UpdateMTime: 1999
  RealTimeStamp: 0 seconds 
  LargestPossibleRegion: 
    Dimension: 3
    Index: [0, 0, 0]
    Size: [216, 256, 291]
  BufferedRegion: 
    Dimension: 3
    Index: [0, 0, 0]
    Size: [216, 256, 291]
  RequestedRegion: 
    Dimension: 3
    Index: [0, 0, 0]
    Size: [216, 256, 291]
  Spacing: [1, 1, 1]
  Origin: [0, 293, 0]
  Direction: 
1 0 0
0 -0 -1
0 -1 0

  IndexToPointMatrix: 
1 0 0
0 0 -1
0 -1 0

  PointToIndexMatrix: 
1 0 0
0 0 -1
0 -1 0

  Inverse Direction: 
1 0 0
0 0 -1
0 -1 0

  PixelContainer: 
    ImportImageContainer (0x561153ca3ad0)
      RTTI typeinfo:   itk::ImportImageContainer<unsigned long, double>
      Reference Count: 1
      Modified Time: 1996
      Debug: Off
      Object Name: 
      Observers: 
        none
      Pointer: 0x7ff5d124a010
      Container manages memory: true
      Size: 16091136
      Capacity: 16091136

     Moving image = Image (0x561153b11500)
  RTTI typeinfo:   itk::Image<double, 3u>
  Reference Count: 2
  Modified Time: 2391
  Debug: Off
  Object Name: 
  Observers: 
    none
  Source: (none)
  Source output name: (none)
  Release Data: Off
  Data Released: False
  Global Release Data: Off
  PipelineMTime: 0
  UpdateMTime: 2388
  RealTimeStamp: 0 seconds 
  LargestPossibleRegion: 
    Dimension: 3
    Index: [0, 0, 0]
    Size: [176, 240, 256]
  BufferedRegion: 
    Dimension: 3
    Index: [0, 0, 0]
    Size: [176, 240, 256]
  RequestedRegion: 
    Dimension: 3
    Index: [0, 0, 0]
    Size: [176, 240, 256]
  Spacing: [0.999999, 1, 1]
  Origin: [93.3499, 86.9368, -128.957]
  Direction: 
-0.999513 -0.0279216 -0.0139567
0.0279189 -0.99961 0.000389866
-0.0139622 2.01556e-08 0.999903

  IndexToPointMatrix: 
-0.999512 -0.0279216 -0.0139567
0.0279189 -0.99961 0.000389866
-0.0139621 2.01556e-08 0.999903

  PointToIndexMatrix: 
-0.999514 0.0279189 -0.0139622
-0.0279216 -0.99961 2.02007e-08
-0.0139567 0.000389866 0.999903

  Inverse Direction: 
-0.999513 0.0279189 -0.0139622
-0.0279216 -0.99961 2.02007e-08
-0.0139567 0.000389866 0.999903

  PixelContainer: 
    ImportImageContainer (0x561153b5b790)
      RTTI typeinfo:   itk::ImportImageContainer<unsigned long, double>
      Reference Count: 1
      Modified Time: 2385
      Debug: Off
      Object Name: 
      Observers: 
        none
      Pointer: 0x7ff5cbfc9010
      Container manages memory: true
      Size: 10813440
      Capacity: 10813440

     Weighting = 1
     Sampling strategy = regular
     Number of bins = 32
     Radius = 4
     Sampling percentage  = 0.25
   Transform = Affine
     Gradient step = 0.1
     Update field sigma (voxel space) = 0
     Total field sigma (voxel space) = 0
     Update field time sigma = 0
     Total field time sigma  = 0
     Number of time indices = 0
     Number of time point samples = 0
Stage 3 State
   Image metric = CC
     Fixed image = Image (0x561153b3ae80)
  RTTI typeinfo:   itk::Image<double, 3u>
  Reference Count: 2
  Modified Time: 3168
  Debug: Off
  Object Name: 
  Observers: 
    none
  Source: (none)
  Source output name: (none)
  Release Data: Off
  Data Released: False
  Global Release Data: Off
  PipelineMTime: 0
  UpdateMTime: 2777
  RealTimeStamp: 0 seconds 
  LargestPossibleRegion: 
    Dimension: 3
    Index: [0, 0, 0]
    Size: [216, 256, 291]
  BufferedRegion: 
    Dimension: 3
    Index: [0, 0, 0]
    Size: [216, 256, 291]
  RequestedRegion: 
    Dimension: 3
    Index: [0, 0, 0]
    Size: [216, 256, 291]
  Spacing: [1, 1, 1]
  Origin: [0, 293, 0]
  Direction: 
1 0 0
0 -0 -1
0 -1 0

  IndexToPointMatrix: 
1 0 0
0 0 -1
0 -1 0

  PointToIndexMatrix: 
1 0 0
0 0 -1
0 -1 0

  Inverse Direction: 
1 0 0
0 0 -1
0 -1 0

  PixelContainer: 
    ImportImageContainer (0x561153b73970)
      RTTI typeinfo:   itk::ImportImageContainer<unsigned long, double>
      Reference Count: 1
      Modified Time: 2774
      Debug: Off
      Object Name: 
      Observers: 
        none
      Pointer: 0x7ff5c4504010
      Container manages memory: true
      Size: 16091136
      Capacity: 16091136

     Moving image = Image (0x561153b13d90)
  RTTI typeinfo:   itk::Image<double, 3u>
  Reference Count: 2
  Modified Time: 3169
  Debug: Off
  Object Name: 
  Observers: 
    none
  Source: (none)
  Source output name: (none)
  Release Data: Off
  Data Released: False
  Global Release Data: Off
  PipelineMTime: 0
  UpdateMTime: 3166
  RealTimeStamp: 0 seconds 
  LargestPossibleRegion: 
    Dimension: 3
    Index: [0, 0, 0]
    Size: [176, 240, 256]
  BufferedRegion: 
    Dimension: 3
    Index: [0, 0, 0]
    Size: [176, 240, 256]
  RequestedRegion: 
    Dimension: 3
    Index: [0, 0, 0]
    Size: [176, 240, 256]
  Spacing: [0.999999, 1, 1]
  Origin: [93.3499, 86.9368, -128.957]
  Direction: 
-0.999513 -0.0279216 -0.0139567
0.0279189 -0.99961 0.000389866
-0.0139622 2.01556e-08 0.999903

  IndexToPointMatrix: 
-0.999512 -0.0279216 -0.0139567
0.0279189 -0.99961 0.000389866
-0.0139621 2.01556e-08 0.999903

  PointToIndexMatrix: 
-0.999514 0.0279189 -0.0139622
-0.0279216 -0.99961 2.02007e-08
-0.0139567 0.000389866 0.999903

  Inverse Direction: 
-0.999513 0.0279189 -0.0139622
-0.0279216 -0.99961 2.02007e-08
-0.0139567 0.000389866 0.999903

  PixelContainer: 
    ImportImageContainer (0x561153e23dd0)
      RTTI typeinfo:   itk::ImportImageContainer<unsigned long, double>
      Reference Count: 1
      Modified Time: 3163
      Debug: Off
      Object Name: 
      Observers: 
        none
      Pointer: 0x7ff5bf283010
      Container manages memory: true
      Size: 10813440
      Capacity: 10813440

     Weighting = 0.5
     Sampling strategy = none
     Number of bins = 32
     Radius = 4
     Sampling percentage  = 1
   Transform = SyN
     Gradient step = 0.1
     Update field sigma (voxel space) = 3
     Total field sigma (voxel space) = 0
     Update field time sigma = 0
     Total field time sigma  = 0
     Number of time indices = 0
     Number of time point samples = 0
Registration using 3 total stages.

Stage 0
  iterations = 1000x500x250x100
  convergence threshold = 1e-08
  convergence window size = 10
  number of levels = 4
  using the Mattes MI metric (number of bins = 32, weight = 1, use gradient filter = 0)
  preprocessing:  winsorizing the image intensities
  preprocessing:  histogram matching the images
  Shrink factors (level 1 out of 4): [8, 8, 8]
  Shrink factors (level 2 out of 4): [4, 4, 4]
  Shrink factors (level 3 out of 4): [2, 2, 2]
  Shrink factors (level 4 out of 4): [1, 1, 1]
  smoothing sigmas per level: [4, 2, 1, 0]
  regular sampling (percentage = 0.25)

*** Running Euler3DTransform registration ***

DIAGNOSTIC,Iteration,metricValue,convergenceValue,ITERATION_TIME_INDEX,SINCE_LAST
 2DIAGNOSTIC,     1, -6.064930499876e-01, 1.797693134862e+308, 1.4255e+00, 1.4255e+00, 
 2DIAGNOSTIC,     2, -6.072621738519e-01, 1.797693134862e+308, 1.4428e+00, 1.7251e-02, 
 2DIAGNOSTIC,     3, -6.079258770155e-01, 1.797693134862e+308, 1.4594e+00, 1.6683e-02, 
 2DIAGNOSTIC,     4, -6.090239635384e-01, 1.797693134862e+308, 1.4759e+00, 1.6492e-02, 
 2DIAGNOSTIC,     5, -6.101131394935e-01, 1.797693134862e+308, 1.4949e+00, 1.8942e-02, 
 2DIAGNOSTIC,     6, -6.108561222315e-01, 1.797693134862e+308, 1.5242e+00, 2.9331e-02, 
 2DIAGNOSTIC,     7, -6.110514129161e-01, 1.797693134862e+308, 1.5406e+00, 1.6358e-02, 
 2DIAGNOSTIC,     8, -6.113922014353e-01, 1.797693134862e+308, 1.5571e+00, 1.6532e-02, 
