
SUBJECT_ID: s020
DATA_DIR: /mnt/lustre/mathdugre/fast-interpolate/datasets/ds004513


Will run Atropos segmentation with K=3. Classes labeled in order of mean intensity. Assuming CSF=1, GM=2, WM=3

The output directory "/data/derivatives/flint/antsBrainExtraction/sub-s020" does not exist. Making it.

    Using antsBrainExtraction with the following arguments:
      image dimension         = 3
      anatomical image        = /data/sub-s020/ses-open/anat/sub-s020_ses-open_T1w.nii.gz
      extraction template     = /opt/templates/OASIS/T_template0.nii.gz
      extraction reg. mask    = 
      extraction prior        = /opt/templates/OASIS/T_template0_BrainCerebellumProbabilityMask.nii.gz
      output prefix           = /data/derivatives/flint/antsBrainExtraction/sub-s020/
      output image suffix     = nii.gz

    antsAI parameters (initial alignment):
      rotation search params  = 20,0.12
      translation search params = 40,0x40x40

    N4 parameters (pre brain extraction):
      convergence             = [ 50x50x50x50,0.0000001 ]
      shrink factor           = 4
      B-spline parameters     = [ 1x1x1, 3 ]

    Atropos parameters (extraction):
       convergence            = [ 3,0.0 ]
       likelihood             = Gaussian
       initialization         = kmeans[ 3 ]
       mrf                    = [ 0.1,1x1x1 ]
       use clock random seed  = 1

---------------------  Running antsBrainExtraction.sh on comp02  ---------------------

--------------------------------------------------------------------------------------
 Bias correction of anatomical images (pre brain extraction)
   1) pre-process by truncating the image intensities
   2) run N4
--------------------------------------------------------------------------------------

BEGIN >>>>>>>>>>>>>>>>>>>>
ImageMath 3 /data/derivatives/flint/antsBrainExtraction/sub-s020/N4Truncated0.nii.gz TruncateImageIntensity /data/sub-s020/ses-open/anat/sub-s020_ses-open_T1w.nii.gz 0.01 0.999 256
END   <<<<<<<<<<<<<<<<<<<<


BEGIN >>>>>>>>>>>>>>>>>>>>
N4BiasFieldCorrection -d 3 -i /data/derivatives/flint/antsBrainExtraction/sub-s020/N4Truncated0.nii.gz -s 4 -c [ 50x50x50x50,0.0000001 ] -b [ 1x1x1, 3 ] -o /data/derivatives/flint/antsBrainExtraction/sub-s020/N4Corrected0.nii.gz --verbose 1

Running N4 for 3-dimensional images.

Mask not read.  Using the entire image as the mask.

Original intensity range:  [0.660925, 745.784]
Current level = 1
  Iteration 1 (of 50).   Current convergence value = 0.000335748 (threshold = 1e-07)
  Iteration 2 (of 50).   Current convergence value = 0.000302707 (threshold = 1e-07)
  Iteration 3 (of 50).   Current convergence value = 0.000274593 (threshold = 1e-07)
  Iteration 4 (of 50).   Current convergence value = 0.000251225 (threshold = 1e-07)
  Iteration 5 (of 50).   Current convergence value = 0.000228722 (threshold = 1e-07)
  Iteration 6 (of 50).   Current convergence value = 0.000211022 (threshold = 1e-07)
  Iteration 7 (of 50).   Current convergence value = 0.00019497 (threshold = 1e-07)
  Iteration 8 (of 50).   Current convergence value = 0.000181577 (threshold = 1e-07)
  Iteration 9 (of 50).   Current convergence value = 0.000170828 (threshold = 1e-07)
  Iteration 10 (of 50).   Current convergence value = 0.000160259 (threshold = 1e-07)
  Iteration 11 (of 50).   Current convergence value = 0.000150974 (threshold = 1e-07)
  Iteration 12 (of 50).   Current convergence value = 0.000142693 (threshold = 1e-07)
  Iteration 13 (of 50).   Current convergence value = 0.000136175 (threshold = 1e-07)
  Iteration 14 (of 50).   Current convergence value = 0.000131128 (threshold = 1e-07)
  Iteration 15 (of 50).   Current convergence value = 0.000126785 (threshold = 1e-07)
  Iteration 16 (of 50).   Current convergence value = 0.000122843 (threshold = 1e-07)
  Iteration 17 (of 50).   Current convergence value = 0.00011992 (threshold = 1e-07)
  Iteration 18 (of 50).   Current convergence value = 0.00011749 (threshold = 1e-07)
  Iteration 19 (of 50).   Current convergence value = 0.000115937 (threshold = 1e-07)
  Iteration 20 (of 50).   Current convergence value = 0.00011483 (threshold = 1e-07)
  Iteration 21 (of 50).   Current convergence value = 0.000114207 (threshold = 1e-07)
  Iteration 22 (of 50).   Current convergence value = 0.000113874 (threshold = 1e-07)
  Iteration 23 (of 50).   Current convergence value = 0.0001139 (threshold = 1e-07)
  Iteration 24 (of 50).   Current convergence value = 0.00011408 (threshold = 1e-07)
  Iteration 25 (of 50).   Current convergence value = 0.000114451 (threshold = 1e-07)
  Iteration 26 (of 50).   Current convergence value = 0.00011471 (threshold = 1e-07)
  Iteration 27 (of 50).   Current convergence value = 0.00011516 (threshold = 1e-07)
  Iteration 28 (of 50).   Current convergence value = 0.000115482 (threshold = 1e-07)
  Iteration 29 (of 50).   Current convergence value = 0.000115908 (threshold = 1e-07)
  Iteration 30 (of 50).   Current convergence value = 0.000116204 (threshold = 1e-07)
  Iteration 31 (of 50).   Current convergence value = 0.000116652 (threshold = 1e-07)
  Iteration 32 (of 50).   Current convergence value = 0.000116875 (threshold = 1e-07)
  Iteration 33 (of 50).   Current convergence value = 0.00011724 (threshold = 1e-07)
  Iteration 34 (of 50).   Current convergence value = 0.000117622 (threshold = 1e-07)
  Iteration 35 (of 50).   Current convergence value = 0.00011789 (threshold = 1e-07)
  Iteration 36 (of 50).   Current convergence value = 0.000118273 (threshold = 1e-07)
  Iteration 37 (of 50).   Current convergence value = 0.000118564 (threshold = 1e-07)
  Iteration 38 (of 50).   Current convergence value = 0.000118819 (threshold = 1e-07)
  Iteration 39 (of 50).   Current convergence value = 0.000119008 (threshold = 1e-07)
  Iteration 40 (of 50).   Current convergence value = 0.000119348 (threshold = 1e-07)
  Iteration 41 (of 50).   Current convergence value = 0.000119627 (threshold = 1e-07)
  Iteration 42 (of 50).   Current convergence value = 0.000119857 (threshold = 1e-07)
  Iteration 43 (of 50).   Current convergence value = 0.000120078 (threshold = 1e-07)
  Iteration 44 (of 50).   Current convergence value = 0.000120206 (threshold = 1e-07)
  Iteration 45 (of 50).   Current convergence value = 0.000120529 (threshold = 1e-07)
  Iteration 46 (of 50).   Current convergence value = 0.000120546 (threshold = 1e-07)
  Iteration 47 (of 50).   Current convergence value = 0.0001207 (threshold = 1e-07)
  Iteration 48 (of 50).   Current convergence value = 0.000120857 (threshold = 1e-07)
  Iteration 49 (of 50).   Current convergence value = 0.000121141 (threshold = 1e-07)
  Iteration 50 (of 50).   Current convergence value = 0.000121347 (threshold = 1e-07)
Current level = 2
  Iteration 1 (of 50).   Current convergence value = 0.000339852 (threshold = 1e-07)
  Iteration 2 (of 50).   Current convergence value = 0.00026509 (threshold = 1e-07)
  Iteration 3 (of 50).   Current convergence value = 0.000217577 (threshold = 1e-07)
  Iteration 4 (of 50).   Current convergence value = 0.000187035 (threshold = 1e-07)
  Iteration 5 (of 50).   Current convergence value = 0.000166163 (threshold = 1e-07)
  Iteration 6 (of 50).   Current convergence value = 0.00015136 (threshold = 1e-07)
  Iteration 7 (of 50).   Current convergence value = 0.000139781 (threshold = 1e-07)
  Iteration 8 (of 50).   Current convergence value = 0.000130129 (threshold = 1e-07)
  Iteration 9 (of 50).   Current convergence value = 0.000122019 (threshold = 1e-07)
  Iteration 10 (of 50).   Current convergence value = 0.000115793 (threshold = 1e-07)
  Iteration 11 (of 50).   Current convergence value = 0.000109894 (threshold = 1e-07)
  Iteration 12 (of 50).   Current convergence value = 0.000104805 (threshold = 1e-07)
  Iteration 13 (of 50).   Current convergence value = 0.000100142 (threshold = 1e-07)
  Iteration 14 (of 50).   Current convergence value = 9.59258e-05 (threshold = 1e-07)
  Iteration 15 (of 50).   Current convergence value = 9.32514e-05 (threshold = 1e-07)
  Iteration 16 (of 50).   Current convergence value = 9.08259e-05 (threshold = 1e-07)
  Iteration 17 (of 50).   Current convergence value = 8.90069e-05 (threshold = 1e-07)
  Iteration 18 (of 50).   Current convergence value = 8.75424e-05 (threshold = 1e-07)
  Iteration 19 (of 50).   Current convergence value = 8.62282e-05 (threshold = 1e-07)
  Iteration 20 (of 50).   Current convergence value = 8.45059e-05 (threshold = 1e-07)
  Iteration 21 (of 50).   Current convergence value = 8.33316e-05 (threshold = 1e-07)
  Iteration 22 (of 50).   Current convergence value = 8.14959e-05 (threshold = 1e-07)
  Iteration 23 (of 50).   Current convergence value = 7.97731e-05 (threshold = 1e-07)
  Iteration 24 (of 50).   Current convergence value = 7.8252e-05 (threshold = 1e-07)
  Iteration 25 (of 50).   Current convergence value = 7.73138e-05 (threshold = 1e-07)
  Iteration 26 (of 50).   Current convergence value = 7.64215e-05 (threshold = 1e-07)
  Iteration 27 (of 50).   Current convergence value = 7.58079e-05 (threshold = 1e-07)
  Iteration 28 (of 50).   Current convergence value = 7.53624e-05 (threshold = 1e-07)
  Iteration 29 (of 50).   Current convergence value = 7.4623e-05 (threshold = 1e-07)
  Iteration 30 (of 50).   Current convergence value = 7.40951e-05 (threshold = 1e-07)
  Iteration 31 (of 50).   Current convergence value = 7.35448e-05 (threshold = 1e-07)
  Iteration 32 (of 50).   Current convergence value = 7.30021e-05 (threshold = 1e-07)
  Iteration 33 (of 50).   Current convergence value = 7.26363e-05 (threshold = 1e-07)
  Iteration 34 (of 50).   Current convergence value = 7.21581e-05 (threshold = 1e-07)
  Iteration 35 (of 50).   Current convergence value = 7.18192e-05 (threshold = 1e-07)
  Iteration 36 (of 50).   Current convergence value = 7.14758e-05 (threshold = 1e-07)
  Iteration 37 (of 50).   Current convergence value = 7.1232e-05 (threshold = 1e-07)
  Iteration 38 (of 50).   Current convergence value = 7.09566e-05 (threshold = 1e-07)
  Iteration 39 (of 50).   Current convergence value = 7.07882e-05 (threshold = 1e-07)
  Iteration 40 (of 50).   Current convergence value = 7.04863e-05 (threshold = 1e-07)
  Iteration 41 (of 50).   Current convergence value = 7.01588e-05 (threshold = 1e-07)
  Iteration 42 (of 50).   Current convergence value = 6.99441e-05 (threshold = 1e-07)
  Iteration 43 (of 50).   Current convergence value = 6.96416e-05 (threshold = 1e-07)
  Iteration 44 (of 50).   Current convergence value = 6.96264e-05 (threshold = 1e-07)
  Iteration 45 (of 50).   Current convergence value = 6.92199e-05 (threshold = 1e-07)
  Iteration 46 (of 50).   Current convergence value = 6.92336e-05 (threshold = 1e-07)
  Iteration 47 (of 50).   Current convergence value = 6.91114e-05 (threshold = 1e-07)
  Iteration 48 (of 50).   Current convergence value = 6.89446e-05 (threshold = 1e-07)
  Iteration 49 (of 50).   Current convergence value = 6.85469e-05 (threshold = 1e-07)
  Iteration 50 (of 50).   Current convergence value = 6.85525e-05 (threshold = 1e-07)
Current level = 3
  Iteration 1 (of 50).   Current convergence value = 0.00105606 (threshold = 1e-07)
  Iteration 2 (of 50).   Current convergence value = 0.000985001 (threshold = 1e-07)
  Iteration 3 (of 50).   Current convergence value = 0.000967301 (threshold = 1e-07)
  Iteration 4 (of 50).   Current convergence value = 0.00124398 (threshold = 1e-07)
  Iteration 5 (of 50).   Current convergence value = 0.00111326 (threshold = 1e-07)
  Iteration 6 (of 50).   Current convergence value = 0.000998017 (threshold = 1e-07)
  Iteration 7 (of 50).   Current convergence value = 0.000903775 (threshold = 1e-07)
  Iteration 8 (of 50).   Current convergence value = 0.000842768 (threshold = 1e-07)
  Iteration 9 (of 50).   Current convergence value = 0.000820655 (threshold = 1e-07)
  Iteration 10 (of 50).   Current convergence value = 0.000820622 (threshold = 1e-07)
  Iteration 11 (of 50).   Current convergence value = 0.000838548 (threshold = 1e-07)
  Iteration 12 (of 50).   Current convergence value = 0.000851891 (threshold = 1e-07)
  Iteration 13 (of 50).   Current convergence value = 0.000853651 (threshold = 1e-07)
  Iteration 14 (of 50).   Current convergence value = 0.0008381 (threshold = 1e-07)
  Iteration 15 (of 50).   Current convergence value = 0.000817769 (threshold = 1e-07)
  Iteration 16 (of 50).   Current convergence value = 0.00079502 (threshold = 1e-07)
  Iteration 17 (of 50).   Current convergence value = 0.000767851 (threshold = 1e-07)
  Iteration 18 (of 50).   Current convergence value = 0.000661638 (threshold = 1e-07)
  Iteration 19 (of 50).   Current convergence value = 0.000756184 (threshold = 1e-07)
  Iteration 20 (of 50).   Current convergence value = 0.000839883 (threshold = 1e-07)
  Iteration 21 (of 50).   Current convergence value = 0.000764592 (threshold = 1e-07)
  Iteration 22 (of 50).   Current convergence value = 0.000694102 (threshold = 1e-07)
  Iteration 23 (of 50).   Current convergence value = 0.000637792 (threshold = 1e-07)
  Iteration 24 (of 50).   Current convergence value = 0.000599221 (threshold = 1e-07)
  Iteration 25 (of 50).   Current convergence value = 0.000599119 (threshold = 1e-07)
  Iteration 26 (of 50).   Current convergence value = 0.00060482 (threshold = 1e-07)
  Iteration 27 (of 50).   Current convergence value = 0.000625445 (threshold = 1e-07)
  Iteration 28 (of 50).   Current convergence value = 0.000648581 (threshold = 1e-07)
  Iteration 29 (of 50).   Current convergence value = 0.000648211 (threshold = 1e-07)
  Iteration 30 (of 50).   Current convergence value = 0.000629484 (threshold = 1e-07)
  Iteration 31 (of 50).   Current convergence value = 0.000607143 (threshold = 1e-07)
  Iteration 32 (of 50).   Current convergence value = 0.000599787 (threshold = 1e-07)
  Iteration 33 (of 50).   Current convergence value = 0.000590995 (threshold = 1e-07)
  Iteration 34 (of 50).   Current convergence value = 0.000576376 (threshold = 1e-07)
  Iteration 35 (of 50).   Current convergence value = 0.000555894 (threshold = 1e-07)
  Iteration 36 (of 50).   Current convergence value = 0.000534521 (threshold = 1e-07)
  Iteration 37 (of 50).   Current convergence value = 0.000510378 (threshold = 1e-07)
  Iteration 38 (of 50).   Current convergence value = 0.000487355 (threshold = 1e-07)
  Iteration 39 (of 50).   Current convergence value = 0.00046473 (threshold = 1e-07)
  Iteration 40 (of 50).   Current convergence value = 0.000393481 (threshold = 1e-07)
  Iteration 41 (of 50).   Current convergence value = 0.00041883 (threshold = 1e-07)
  Iteration 42 (of 50).   Current convergence value = 0.000628726 (threshold = 1e-07)
  Iteration 43 (of 50).   Current convergence value = 0.000707879 (threshold = 1e-07)
  Iteration 44 (of 50).   Current convergence value = 0.000649988 (threshold = 1e-07)
  Iteration 45 (of 50).   Current convergence value = 0.000598405 (threshold = 1e-07)
  Iteration 46 (of 50).   Current convergence value = 0.000544176 (threshold = 1e-07)
  Iteration 47 (of 50).   Current convergence value = 0.000486591 (threshold = 1e-07)
  Iteration 48 (of 50).   Current convergence value = 0.000433707 (threshold = 1e-07)
  Iteration 49 (of 50).   Current convergence value = 0.000390812 (threshold = 1e-07)
  Iteration 50 (of 50).   Current convergence value = 0.000362469 (threshold = 1e-07)
Current level = 4
  Iteration 1 (of 50).   Current convergence value = 0.00145419 (threshold = 1e-07)
  Iteration 2 (of 50).   Current convergence value = 0.00135461 (threshold = 1e-07)
  Iteration 3 (of 50).   Current convergence value = 0.00131066 (threshold = 1e-07)
  Iteration 4 (of 50).   Current convergence value = 0.00128412 (threshold = 1e-07)
  Iteration 5 (of 50).   Current convergence value = 0.00126303 (threshold = 1e-07)
  Iteration 6 (of 50).   Current convergence value = 0.00124244 (threshold = 1e-07)
  Iteration 7 (of 50).   Current convergence value = 0.00122228 (threshold = 1e-07)
  Iteration 8 (of 50).   Current convergence value = 0.00120115 (threshold = 1e-07)
  Iteration 9 (of 50).   Current convergence value = 0.00117851 (threshold = 1e-07)
  Iteration 10 (of 50).   Current convergence value = 0.00115486 (threshold = 1e-07)
  Iteration 11 (of 50).   Current convergence value = 0.00113136 (threshold = 1e-07)
  Iteration 12 (of 50).   Current convergence value = 0.00110723 (threshold = 1e-07)
  Iteration 13 (of 50).   Current convergence value = 0.00109409 (threshold = 1e-07)
  Iteration 14 (of 50).   Current convergence value = 0.00108351 (threshold = 1e-07)
  Iteration 15 (of 50).   Current convergence value = 0.00105975 (threshold = 1e-07)
  Iteration 16 (of 50).   Current convergence value = 0.00102657 (threshold = 1e-07)
  Iteration 17 (of 50).   Current convergence value = 0.00094849 (threshold = 1e-07)
  Iteration 18 (of 50).   Current convergence value = 0.0012295 (threshold = 1e-07)
  Iteration 19 (of 50).   Current convergence value = 0.00116571 (threshold = 1e-07)
  Iteration 20 (of 50).   Current convergence value = 0.00107999 (threshold = 1e-07)
  Iteration 21 (of 50).   Current convergence value = 0.000957487 (threshold = 1e-07)
  Iteration 22 (of 50).   Current convergence value = 0.000879313 (threshold = 1e-07)
  Iteration 23 (of 50).   Current convergence value = 0.000893387 (threshold = 1e-07)
  Iteration 24 (of 50).   Current convergence value = 0.000903914 (threshold = 1e-07)
  Iteration 25 (of 50).   Current convergence value = 0.000893685 (threshold = 1e-07)
  Iteration 26 (of 50).   Current convergence value = 0.000871416 (threshold = 1e-07)
  Iteration 27 (of 50).   Current convergence value = 0.000842764 (threshold = 1e-07)
  Iteration 28 (of 50).   Current convergence value = 0.000809712 (threshold = 1e-07)
  Iteration 29 (of 50).   Current convergence value = 0.000774708 (threshold = 1e-07)
  Iteration 30 (of 50).   Current convergence value = 0.000738271 (threshold = 1e-07)
  Iteration 31 (of 50).   Current convergence value = 0.000744329 (threshold = 1e-07)
  Iteration 32 (of 50).   Current convergence value = 0.00101542 (threshold = 1e-07)
  Iteration 33 (of 50).   Current convergence value = 0.00100111 (threshold = 1e-07)
  Iteration 34 (of 50).   Current convergence value = 0.000920659 (threshold = 1e-07)
  Iteration 35 (of 50).   Current convergence value = 0.000794201 (threshold = 1e-07)
  Iteration 36 (of 50).   Current convergence value = 0.000686067 (threshold = 1e-07)
  Iteration 37 (of 50).   Current convergence value = 0.000644952 (threshold = 1e-07)
  Iteration 38 (of 50).   Current convergence value = 0.000688135 (threshold = 1e-07)
  Iteration 39 (of 50).   Current convergence value = 0.000725664 (threshold = 1e-07)
  Iteration 40 (of 50).   Current convergence value = 0.000733512 (threshold = 1e-07)
  Iteration 41 (of 50).   Current convergence value = 0.000718095 (threshold = 1e-07)
  Iteration 42 (of 50).   Current convergence value = 0.000696741 (threshold = 1e-07)
  Iteration 43 (of 50).   Current convergence value = 0.000679221 (threshold = 1e-07)
  Iteration 44 (of 50).   Current convergence value = 0.000652847 (threshold = 1e-07)
  Iteration 45 (of 50).   Current convergence value = 0.000614437 (threshold = 1e-07)
  Iteration 46 (of 50).   Current convergence value = 0.000573221 (threshold = 1e-07)
  Iteration 47 (of 50).   Current convergence value = 0.000538506 (threshold = 1e-07)
  Iteration 48 (of 50).   Current convergence value = 0.00059952 (threshold = 1e-07)
  Iteration 49 (of 50).   Current convergence value = 0.000914634 (threshold = 1e-07)
  Iteration 50 (of 50).   Current convergence value = 0.000947458 (threshold = 1e-07)
   N4BiasFieldCorrectionImageFilter (0x5574ed117830)
     RTTI typeinfo:   itk::N4BiasFieldCorrectionImageFilter<itk::Image<float, 3u>, itk::Image<float, 3u>, itk::Image<float, 3u> >
     Reference Count: 1
     Modified Time: 678
     Debug: Off
     Object Name: 
     Observers: 
       IterationEvent(Command)
     Inputs: 
       ConfidenceImage: (0)
       MaskImage: (0x5574ed181770)
       Primary: (0x5574ed17fc30) *
     Indexed Inputs: 
       0: Primary (0x5574ed17fc30)
       1: MaskImage (0x5574ed181770)
       2: ConfidenceImage (0)
     Required Input Names: Primary
     NumberOfRequiredInputs: 1
     Outputs: 
       Primary: (0x5574ed12b880)
     Indexed Outputs: 
       0: Primary (0x5574ed12b880)
     NumberOfRequiredOutputs: 1
     Number Of Work Units: 128
     ReleaseDataFlag: Off
     ReleaseDataBeforeUpdateFlag: Off
     AbortGenerateData: Off
     Progress: 0
     Multithreader: 
       RTTI typeinfo:   itk::PoolMultiThreader
       Reference Count: 1
       Modified Time: 140
       Debug: Off
       Object Name: 
       Observers: 
         none
       Number of Work Units: 128
       Number of Threads: 64
       Global Maximum Number Of Threads: 128
       Global Default Number Of Threads: 64
       Global Default Threader Type: itk::MultiThreaderBaseEnums::Threader::Pool
       SingleMethod: 0
       SingleData: 0
     DynamicMultiThreading: On
     CoordinateTolerance: 1e-06
     DirectionTolerance: 1e-06
     Use Mask Label: 0
     Mask label: 1
     Number of histogram bins: 200
     Wiener filter noise: 0.01
     Bias field FWHM: 0.15
     Maximum number of iterations: [50, 50, 50, 50]
     Convergence threshold: 1e-07
     Spline order: 3
     Number of fitting levels: [4, 4, 4]
     Number of control points: [4, 4, 4]
     CurrentConvergenceMeasurement: 0.000947458
     CurrentLevel: 4
     ElapsedIterations: 51
     LogBiasFieldControlPointLattice: 
       Image (0x5574ed194da0)
         RTTI typeinfo:   itk::Image<itk::Vector<float, 1u>, 3u>
         Reference Count: 1
         Modified Time: 980403
         Debug: Off
         Object Name: 
         Observers: 
           none
         Source: (none)
         Source output name: (none)
         Release Data: Off
         Data Released: False
         Global Release Data: Off
         PipelineMTime: 0
         UpdateMTime: 0
         RealTimeStamp: 0 seconds 
         LargestPossibleRegion: 
           Dimension: 3
           Index: [0, 0, 0]
           Size: [11, 11, 11]
         BufferedRegion: 
           Dimension: 3
           Index: [0, 0, 0]
           Size: [11, 11, 11]
         RequestedRegion: 
           Dimension: 3
           Index: [0, 0, 0]
           Size: [11, 11, 11]
         Spacing: [19.4999, 29.5, 31.5]
         Origin: [20.9754, 30.0585, -29.9877]
         Direction: 
-0.996975 0.0261379 -0.0731913
-0.0260677 -0.999658 -0.00191374
-0.0732163 -2.46403e-08 0.997316

         IndexToPointMatrix: 
-19.4409 0.771068 -2.30552
-0.508318 -29.4899 -0.0602829
-1.42771 -7.26889e-07 31.4155

         PointToIndexMatrix: 
-0.0511272 -0.00133681 -0.0037547
0.00088603 -0.0338867 -8.37265e-10
-0.00232353 -6.07538e-05 0.0316608

         Inverse Direction: 
-0.996975 -0.0260677 -0.0732163
0.0261379 -0.999658 -2.46993e-08
-0.0731913 -0.00191374 0.997316

         PixelContainer: 
           ImportImageContainer (0x5574ed369be0)
             RTTI typeinfo:   itk::ImportImageContainer<unsigned long, itk::Vector<float, 1u> >
             Reference Count: 1
             Modified Time: 980404
             Debug: Off
             Object Name: 
             Observers: 
               none
             Pointer: 0x5574ed606920
             Container manages memory: true
             Size: 1331
             Capacity: 1331
Elapsed time: 84.7659
END   <<<<<<<<<<<<<<<<<<<<



--------------------------------------------------------------------------------------
 Done with N4 correction (pre brain extraction):  0h 1m 30s
--------------------------------------------------------------------------------------


--------------------------------------------------------------------------------------
 Brain extraction using the following steps:
   1) Register /opt/templates/OASIS/T_template0.nii.gz to /data/derivatives/flint/antsBrainExtraction/sub-s020/N4Corrected0.nii.gz
   2) Warp /opt/templates/OASIS/T_template0_BrainCerebellumProbabilityMask.nii.gz to /data/sub-s020/ses-open/anat/sub-s020_ses-open_T1w.nii.gz using, from 1),
      /data/derivatives/flint/antsBrainExtraction/sub-s020/BrainExtractionWarp/Affine
   3) Refine segmentation results using Atropos
--------------------------------------------------------------------------------------

BEGIN >>>>>>>>>>>>>>>>>>>>
ImageMath 3 /data/derivatives/flint/antsBrainExtraction/sub-s020/BrainExtractionLaplacian.nii.gz Laplacian /data/derivatives/flint/antsBrainExtraction/sub-s020/N4Corrected0.nii.gz 1.5 1
END   <<<<<<<<<<<<<<<<<<<<


BEGIN >>>>>>>>>>>>>>>>>>>>
ImageMath 3 /data/derivatives/flint/antsBrainExtraction/sub-s020/BrainExtractionTemplateLaplacian.nii.gz Laplacian /opt/templates/OASIS/T_template0.nii.gz 1.5 1
END   <<<<<<<<<<<<<<<<<<<<


BEGIN >>>>>>>>>>>>>>>>>>>>
SmoothImage 3 /opt/templates/OASIS/T_template0.nii.gz 4 /data/derivatives/flint/antsBrainExtraction/sub-s020/BrainExtractionInitialAffineFixed.nii.gz
END   <<<<<<<<<<<<<<<<<<<<


BEGIN >>>>>>>>>>>>>>>>>>>>
SmoothImage 3 /data/derivatives/flint/antsBrainExtraction/sub-s020/N4Corrected0.nii.gz 4 /data/derivatives/flint/antsBrainExtraction/sub-s020/BrainExtractionInitialAffineMoving.nii.gz
END   <<<<<<<<<<<<<<<<<<<<


BEGIN >>>>>>>>>>>>>>>>>>>>
ResampleImageBySpacing 3 /data/derivatives/flint/antsBrainExtraction/sub-s020/BrainExtractionInitialAffineFixed.nii.gz /data/derivatives/flint/antsBrainExtraction/sub-s020/BrainExtractionInitialAffineFixed.nii.gz 5 5 5 0
 spacing [1, 1, 1] dim 3
 spacing2 [5, 5, 5]
 out space [5, 5, 5]
 output size [43, 51, 58] spc [5, 5, 5]
END   <<<<<<<<<<<<<<<<<<<<


BEGIN >>>>>>>>>>>>>>>>>>>>
ResampleImageBySpacing 3 /data/derivatives/flint/antsBrainExtraction/sub-s020/BrainExtractionInitialAffineMoving.nii.gz /data/derivatives/flint/antsBrainExtraction/sub-s020/BrainExtractionInitialAffineMoving.nii.gz 5 5 5 0
 spacing [0.999995, 1, 1] dim 3
 spacing2 [5, 5, 5]
 out space [5, 5, 5]
 output size [31, 48, 51] spc [5, 5, 5]
END   <<<<<<<<<<<<<<<<<<<<


BEGIN >>>>>>>>>>>>>>>>>>>>
antsAI -d 3 -v 1 -m Mattes[ /data/derivatives/flint/antsBrainExtraction/sub-s020/BrainExtractionInitialAffineFixed.nii.gz,/data/derivatives/flint/antsBrainExtraction/sub-s020/BrainExtractionInitialAffineMoving.nii.gz,32,Regular,0.2 ] -t Affine[ 0.1 ] -s [ 20,0.12 ] -g [ 40,0x40x40 ] -p 0 -c 10 -o /data/derivatives/flint/antsBrainExtraction/sub-s020/BrainExtractionInitialAffine.mat
Using the Mattes MI metric (number of bins = 32)
Starting optimizer with 243 starting points

Iteration/Total,MetricValue
24/243,-0.502378
48/243,-0.50331
72/243,-0.495213
96/243,-0.529846
120/243,-0.501546
144/243,-0.473831
168/243,-0.537239
192/243,-0.511345
216/243,-0.561278
240/243,-0.551883

Optimization complete. Best metric value: -0.602034
END   <<<<<<<<<<<<<<<<<<<<


BEGIN >>>>>>>>>>>>>>>>>>>>
antsRegistration -d 3 -u 1 -w [ 0.025,0.975 ] -o /data/derivatives/flint/antsBrainExtraction/sub-s020/BrainExtractionPrior -r /data/derivatives/flint/antsBrainExtraction/sub-s020/BrainExtractionInitialAffine.mat -z 1 --float 0 --verbose 1 -m MI[ /opt/templates/OASIS/T_template0.nii.gz,/data/derivatives/flint/antsBrainExtraction/sub-s020/N4Corrected0.nii.gz,1,32,Regular,0.25 ] -c [ 1000x500x250x100,1e-8,10 ] -t Rigid[ 0.1 ] -f 8x4x2x1 -s 4x2x1x0 -m MI[ /opt/templates/OASIS/T_template0.nii.gz,/data/derivatives/flint/antsBrainExtraction/sub-s020/N4Corrected0.nii.gz,1,32,Regular,0.25 ] -c [ 1000x500x250x100,1e-8,10 ] -t Affine[ 0.1 ] -f 8x4x2x1 -s 4x2x1x0 -m CC[ /opt/templates/OASIS/T_template0.nii.gz,/data/derivatives/flint/antsBrainExtraction/sub-s020/N4Corrected0.nii.gz,0.5,4 ] -m CC[ /data/derivatives/flint/antsBrainExtraction/sub-s020/BrainExtractionTemplateLaplacian.nii.gz,/data/derivatives/flint/antsBrainExtraction/sub-s020/BrainExtractionLaplacian.nii.gz,0.5,4 ] -c [ 50x10x0,1e-9,15 ] -t SyN[ 0.1,3,0 ] -f 4x2x1 -s 2x1x0
All_Command_lines_OK
Using double precision for computations.
=============================================================================
The composite transform comprises the following transforms (in order): 
  1. /data/derivatives/flint/antsBrainExtraction/sub-s020/BrainExtractionInitialAffine.mat (type = AffineTransform)
=============================================================================
  number of levels = 4
  number of levels = 4
  number of levels = 3
  fixed image: /opt/templates/OASIS/T_template0.nii.gz
  moving image: /data/derivatives/flint/antsBrainExtraction/sub-s020/N4Corrected0.nii.gz
  fixed image: /opt/templates/OASIS/T_template0.nii.gz
  moving image: /data/derivatives/flint/antsBrainExtraction/sub-s020/N4Corrected0.nii.gz
  fixed image: /opt/templates/OASIS/T_template0.nii.gz
  moving image: /data/derivatives/flint/antsBrainExtraction/sub-s020/N4Corrected0.nii.gz
  fixed image: /data/derivatives/flint/antsBrainExtraction/sub-s020/BrainExtractionTemplateLaplacian.nii.gz
  moving image: /data/derivatives/flint/antsBrainExtraction/sub-s020/BrainExtractionLaplacian.nii.gz
Dimension = 3
Number of stages = 3
Use histogram matching = true
Winsorize image intensities = true
  Lower quantile = 0.025
  Upper quantile = 0.975


Stage 1 State
   Image metric = MattesMI
     Fixed image = Image (0x56333d42ca20)
  RTTI typeinfo:   itk::Image<double, 3u>
  Reference Count: 2
  Modified Time: 1612
  Debug: Off
  Object Name: 
  Observers: 
    none
  Source: (none)
  Source output name: (none)
  Release Data: Off
  Data Released: False
  Global Release Data: Off
  PipelineMTime: 0
  UpdateMTime: 1221
  RealTimeStamp: 0 seconds 
  LargestPossibleRegion: 
    Dimension: 3
    Index: [0, 0, 0]
    Size: [216, 256, 291]
  BufferedRegion: 
    Dimension: 3
    Index: [0, 0, 0]
    Size: [216, 256, 291]
  RequestedRegion: 
    Dimension: 3
    Index: [0, 0, 0]
    Size: [216, 256, 291]
  Spacing: [1, 1, 1]
  Origin: [0, 293, 0]
  Direction: 
1 0 0
0 -0 -1
0 -1 0

  IndexToPointMatrix: 
1 0 0
0 0 -1
0 -1 0

  PointToIndexMatrix: 
1 0 0
0 0 -1
0 -1 0

  Inverse Direction: 
1 0 0
0 0 -1
0 -1 0

  PixelContainer: 
    ImportImageContainer (0x56333d446020)
      RTTI typeinfo:   itk::ImportImageContainer<unsigned long, double>
      Reference Count: 1
      Modified Time: 1218
      Debug: Off
      Object Name: 
      Observers: 
        none
      Pointer: 0x7f9e592ce010
      Container manages memory: true
      Size: 16091136
      Capacity: 16091136

     Moving image = Image (0x56333d43fac0)
  RTTI typeinfo:   itk::Image<double, 3u>
  Reference Count: 2
  Modified Time: 1613
  Debug: Off
  Object Name: 
  Observers: 
    none
  Source: (none)
  Source output name: (none)
  Release Data: Off
  Data Released: False
  Global Release Data: Off
  PipelineMTime: 0
  UpdateMTime: 1610
  RealTimeStamp: 0 seconds 
  LargestPossibleRegion: 
    Dimension: 3
    Index: [0, 0, 0]
    Size: [160, 240, 256]
  BufferedRegion: 
    Dimension: 3
    Index: [0, 0, 0]
    Size: [160, 240, 256]
  RequestedRegion: 
    Dimension: 3
    Index: [0, 0, 0]
    Size: [160, 240, 256]
  Spacing: [0.999995, 1, 1]
  Origin: [87.0906, 98.7205, -152.377]
  Direction: 
-0.996975 0.0261379 -0.0731913
-0.0260677 -0.999658 -0.00191374
-0.0732163 -2.46185e-08 0.997316

  IndexToPointMatrix: 
-0.996971 0.0261379 -0.0731913
-0.0260676 -0.999658 -0.00191374
-0.0732159 -2.46185e-08 0.997316

  PointToIndexMatrix: 
-0.99698 -0.0260679 -0.0732166
0.0261379 -0.999658 -2.46993e-08
-0.0731913 -0.00191374 0.997316

  Inverse Direction: 
-0.996975 -0.0260677 -0.0732163
0.0261379 -0.999658 -2.46993e-08
-0.0731913 -0.00191374 0.997316

  PixelContainer: 
    ImportImageContainer (0x56333d447040)
      RTTI typeinfo:   itk::ImportImageContainer<unsigned long, double>
      Reference Count: 1
      Modified Time: 1607
      Debug: Off
      Object Name: 
      Observers: 
        none
      Pointer: 0x7f9e547cd010
      Container manages memory: true
      Size: 9830400
      Capacity: 9830400

     Weighting = 1
     Sampling strategy = regular
     Number of bins = 32
     Radius = 4
     Sampling percentage  = 0.25
   Transform = Rigid
     Gradient step = 0.1
     Update field sigma (voxel space) = 0
     Total field sigma (voxel space) = 0
     Update field time sigma = 0
     Total field time sigma  = 0
     Number of time indices = 0
     Number of time point samples = 0
Stage 2 State
   Image metric = MattesMI
     Fixed image = Image (0x56333d441c10)
  RTTI typeinfo:   itk::Image<double, 3u>
  Reference Count: 2
  Modified Time: 2390
  Debug: Off
  Object Name: 
  Observers: 
    none
  Source: (none)
  Source output name: (none)
  Release Data: Off
  Data Released: False
  Global Release Data: Off
  PipelineMTime: 0
  UpdateMTime: 1999
  RealTimeStamp: 0 seconds 
  LargestPossibleRegion: 
    Dimension: 3
    Index: [0, 0, 0]
    Size: [216, 256, 291]
  BufferedRegion: 
    Dimension: 3
    Index: [0, 0, 0]
    Size: [216, 256, 291]
  RequestedRegion: 
    Dimension: 3
    Index: [0, 0, 0]
    Size: [216, 256, 291]
  Spacing: [1, 1, 1]
  Origin: [0, 293, 0]
  Direction: 
1 0 0
0 -0 -1
0 -1 0

  IndexToPointMatrix: 
1 0 0
0 0 -1
0 -1 0

  PointToIndexMatrix: 
1 0 0
0 0 -1
0 -1 0

  Inverse Direction: 
1 0 0
0 0 -1
0 -1 0

  PixelContainer: 
    ImportImageContainer (0x56333d5a1af0)
      RTTI typeinfo:   itk::ImportImageContainer<unsigned long, double>
      Reference Count: 1
      Modified Time: 1996
      Debug: Off
      Object Name: 
      Observers: 
        none
      Pointer: 0x7f9e4cd08010
      Container manages memory: true
      Size: 16091136
      Capacity: 16091136

     Moving image = Image (0x56333d447ad0)
  RTTI typeinfo:   itk::Image<double, 3u>
  Reference Count: 2
  Modified Time: 2391
  Debug: Off
  Object Name: 
  Observers: 
    none
  Source: (none)
  Source output name: (none)
  Release Data: Off
  Data Released: False
  Global Release Data: Off
  PipelineMTime: 0
  UpdateMTime: 2388
  RealTimeStamp: 0 seconds 
  LargestPossibleRegion: 
    Dimension: 3
    Index: [0, 0, 0]
    Size: [160, 240, 256]
  BufferedRegion: 
    Dimension: 3
    Index: [0, 0, 0]
    Size: [160, 240, 256]
  RequestedRegion: 
    Dimension: 3
    Index: [0, 0, 0]
    Size: [160, 240, 256]
  Spacing: [0.999995, 1, 1]
  Origin: [87.0906, 98.7205, -152.377]
  Direction: 
-0.996975 0.0261379 -0.0731913
-0.0260677 -0.999658 -0.00191374
-0.0732163 -2.46185e-08 0.997316

  IndexToPointMatrix: 
-0.996971 0.0261379 -0.0731913
-0.0260676 -0.999658 -0.00191374
-0.0732159 -2.46185e-08 0.997316

  PointToIndexMatrix: 
-0.99698 -0.0260679 -0.0732166
0.0261379 -0.999658 -2.46993e-08
-0.0731913 -0.00191374 0.997316

  Inverse Direction: 
-0.996975 -0.0260677 -0.0732163
0.0261379 -0.999658 -2.46993e-08
-0.0731913 -0.00191374 0.997316

  PixelContainer: 
    ImportImageContainer (0x56333d599a50)
      RTTI typeinfo:   itk::ImportImageContainer<unsigned long, double>
      Reference Count: 1
      Modified Time: 2385
      Debug: Off
      Object Name: 
      Observers: 
        none
      Pointer: 0x7f9e48207010
      Container manages memory: true
      Size: 9830400
      Capacity: 9830400

     Weighting = 1
     Sampling strategy = regular
     Number of bins = 32
     Radius = 4
     Sampling percentage  = 0.25
   Transform = Affine
     Gradient step = 0.1
     Update field sigma (voxel space) = 0
     Total field sigma (voxel space) = 0
     Update field time sigma = 0
     Total field time sigma  = 0
     Number of time indices = 0
     Number of time point samples = 0
Stage 3 State
   Image metric = CC
     Fixed image = Image (0x56333d44b050)
  RTTI typeinfo:   itk::Image<double, 3u>
  Reference Count: 2
  Modified Time: 3168
  Debug: Off
  Object Name: 
  Observers: 
    none
  Source: (none)
  Source output name: (none)
  Release Data: Off
  Data Released: False
  Global Release Data: Off
  PipelineMTime: 0
  UpdateMTime: 2777
  RealTimeStamp: 0 seconds 
  LargestPossibleRegion: 
    Dimension: 3
    Index: [0, 0, 0]
    Size: [216, 256, 291]
  BufferedRegion: 
    Dimension: 3
    Index: [0, 0, 0]
    Size: [216, 256, 291]
  RequestedRegion: 
    Dimension: 3
    Index: [0, 0, 0]
    Size: [216, 256, 291]
  Spacing: [1, 1, 1]
  Origin: [0, 293, 0]
  Direction: 
1 0 0
0 -0 -1
0 -1 0

  IndexToPointMatrix: 
1 0 0
0 0 -1
0 -1 0

  PointToIndexMatrix: 
1 0 0
0 0 -1
0 -1 0

  Inverse Direction: 
1 0 0
0 0 -1
0 -1 0

  PixelContainer: 
    ImportImageContainer (0x56333d699c50)
      RTTI typeinfo:   itk::ImportImageContainer<unsigned long, double>
      Reference Count: 1
      Modified Time: 2774
      Debug: Off
      Object Name: 
      Observers: 
        none
      Pointer: 0x7f9e40742010
      Container manages memory: true
      Size: 16091136
      Capacity: 16091136

     Moving image = Image (0x56333d449660)
  RTTI typeinfo:   itk::Image<double, 3u>
  Reference Count: 2
  Modified Time: 3169
  Debug: Off
  Object Name: 
  Observers: 
    none
  Source: (none)
  Source output name: (none)
  Release Data: Off
  Data Released: False
  Global Release Data: Off
  PipelineMTime: 0
  UpdateMTime: 3166
  RealTimeStamp: 0 seconds 
  LargestPossibleRegion: 
    Dimension: 3
    Index: [0, 0, 0]
    Size: [160, 240, 256]
  BufferedRegion: 
    Dimension: 3
    Index: [0, 0, 0]
    Size: [160, 240, 256]
  RequestedRegion: 
    Dimension: 3
    Index: [0, 0, 0]
    Size: [160, 240, 256]
  Spacing: [0.999995, 1, 1]
  Origin: [87.0906, 98.7205, -152.377]
  Direction: 
-0.996975 0.0261379 -0.0731913
-0.0260677 -0.999658 -0.00191374
-0.0732163 -2.46185e-08 0.997316

  IndexToPointMatrix: 
-0.996971 0.0261379 -0.0731913
-0.0260676 -0.999658 -0.00191374
-0.0732159 -2.46185e-08 0.997316

  PointToIndexMatrix: 
-0.99698 -0.0260679 -0.0732166
0.0261379 -0.999658 -2.46993e-08
-0.0731913 -0.00191374 0.997316

  Inverse Direction: 
-0.996975 -0.0260677 -0.0732163
0.0261379 -0.999658 -2.46993e-08
-0.0731913 -0.00191374 0.997316

  PixelContainer: 
    ImportImageContainer (0x56333d4a9970)
      RTTI typeinfo:   itk::ImportImageContainer<unsigned long, double>
      Reference Count: 1
      Modified Time: 3163
      Debug: Off
      Object Name: 
      Observers: 
        none
      Pointer: 0x7f9e3bc41010
      Container manages memory: true
      Size: 9830400
      Capacity: 9830400

     Weighting = 0.5
     Sampling strategy = none
     Number of bins = 32
     Radius = 4
     Sampling percentage  = 1
   Transform = SyN
     Gradient step = 0.1
     Update field sigma (voxel space) = 3
     Total field sigma (voxel space) = 0
     Update field time sigma = 0
     Total field time sigma  = 0
     Number of time indices = 0
     Number of time point samples = 0
Registration using 3 total stages.

Stage 0
  iterations = 1000x500x250x100
  convergence threshold = 1e-08
  convergence window size = 10
  number of levels = 4
  using the Mattes MI metric (number of bins = 32, weight = 1, use gradient filter = 0)
  preprocessing:  winsorizing the image intensities
  preprocessing:  histogram matching the images
  Shrink factors (level 1 out of 4): [8, 8, 8]
  Shrink factors (level 2 out of 4): [4, 4, 4]
  Shrink factors (level 3 out of 4): [2, 2, 2]
  Shrink factors (level 4 out of 4): [1, 1, 1]
  smoothing sigmas per level: [4, 2, 1, 0]
  regular sampling (percentage = 0.25)

*** Running Euler3DTransform registration ***

DIAGNOSTIC,Iteration,metricValue,convergenceValue,ITERATION_TIME_INDEX,SINCE_LAST
 2DIAGNOSTIC,     1, -5.992074745007e-01, 1.797693134862e+308, 1.2111e+00, 1.2111e+00, 
 2DIAGNOSTIC,     2, -5.999237419263e-01, 1.797693134862e+308, 1.2229e+00, 1.1798e-02, 
 2DIAGNOSTIC,     3, -6.010831162250e-01, 1.797693134862e+308, 1.2366e+00, 1.3640e-02, 
 2DIAGNOSTIC,     4, -6.016052115689e-01, 1.797693134862e+308, 1.2514e+00, 1.4823e-02, 
 2DIAGNOSTIC,     5, -6.016590755049e-01, 1.797693134862e+308, 1.2627e+00, 1.1323e-02, 
 2DIAGNOSTIC,     6, -6.020638578016e-01, 1.797693134862e+308, 1.2756e+00, 1.2915e-02, 
 2DIAGNOSTIC,     7, -6.022152423857e-01, 1.797693134862e+308, 1.2870e+00, 1.1332e-02, 
 2DIAGNOSTIC,     8, -6.022893501378e-01, 1.797693134862e+308, 1.2982e+00, 1.1262e-02, 
