
##########################
# Experiment information #
##########################

EXPERIMENT_NAME: binary64
VFC_BACKENDS: libinterflop_ieee.so

SIF_IMG: /mnt/lustre/mathdugre/containers/ants-vprec-no_metric.simg

SUBJECT_ID: s003
INPUT_IMG: /mnt/lustre/mathdugre/fast-interpolate/datasets/ds004513/derivatives/flint/antsBrainExtraction/sub-s003/BrainExtractionBrain.nii.gz
OUTPUT_DIR: /mnt/lustre/mathdugre/fast-interpolate/datasets/ds004513/derivatives/flint/antsRegistration/binary64/sub-s003

FIXED_IMG: /templateflow/tpl-MNI152NLin2009cAsym/tpl-MNI152NLin2009cAsym_res-01_desc-brain_T1w.nii.gz
DATA_DIR: /mnt/lustre/mathdugre/fast-interpolate/datasets/ds004513
TEMPLATEFLOW_DIR: /home/mathdugre/.cache/templateflow
ITK_GLOBAL_DEFAULT_NUMBER_OF_THREADS: 4
##########################

Info [verificarlo]: loaded backend libinterflop_ieee.so
Info [interflop-ieee]: load backend with:
Info [interflop-ieee]: debug = false
Info [interflop-ieee]: debug-binary = false
Info [interflop-ieee]: no-backend-name = false
Info [interflop-ieee]: print-new-line = false
Info [interflop-ieee]: print-subnormal-normalized = false
Info [interflop-ieee]: count-op = false
All_Command_lines_OK
Using double precision for computations.
=============================================================================
The composite transform comprises the following transforms (in order): 
  1. Center of mass alignment using fixed image: /templateflow/tpl-MNI152NLin2009cAsym/tpl-MNI152NLin2009cAsym_res-01_desc-brain_T1w.nii.gz and moving image: /mnt/lustre/mathdugre/fast-interpolate/datasets/ds004513/derivatives/flint/antsBrainExtraction/sub-s003/BrainExtractionBrain.nii.gz (type = Euler3DTransform)
=============================================================================
  number of levels = 4
  number of levels = 4
  number of levels = 4
  fixed image: /templateflow/tpl-MNI152NLin2009cAsym/tpl-MNI152NLin2009cAsym_res-01_desc-brain_T1w.nii.gz
  moving image: /mnt/lustre/mathdugre/fast-interpolate/datasets/ds004513/derivatives/flint/antsBrainExtraction/sub-s003/BrainExtractionBrain.nii.gz
  fixed image: /templateflow/tpl-MNI152NLin2009cAsym/tpl-MNI152NLin2009cAsym_res-01_desc-brain_T1w.nii.gz
  moving image: /mnt/lustre/mathdugre/fast-interpolate/datasets/ds004513/derivatives/flint/antsBrainExtraction/sub-s003/BrainExtractionBrain.nii.gz
  fixed image: /templateflow/tpl-MNI152NLin2009cAsym/tpl-MNI152NLin2009cAsym_res-01_desc-brain_T1w.nii.gz
  moving image: /mnt/lustre/mathdugre/fast-interpolate/datasets/ds004513/derivatives/flint/antsBrainExtraction/sub-s003/BrainExtractionBrain.nii.gz
Dimension = 3
Number of stages = 3
Use histogram matching = false
Winsorize image intensities = true
  Lower quantile = 0.005
  Upper quantile = 0.995


Stage 1 State
   Image metric = MattesMI
     Fixed image = Image (0x356de80)
  RTTI typeinfo:   itk::Image<double, 3u>
  Reference Count: 2
  Modified Time: 2389
  Debug: Off
  Object Name: 
  Observers: 
    none
  Source: (none)
  Source output name: (none)
  Release Data: Off
  Data Released: False
  Global Release Data: Off
  PipelineMTime: 0
  UpdateMTime: 1998
  RealTimeStamp: 0 seconds 
  LargestPossibleRegion: 
    Dimension: 3
    Index: [0, 0, 0]
    Size: [193, 229, 193]
  BufferedRegion: 
    Dimension: 3
    Index: [0, 0, 0]
    Size: [193, 229, 193]
  RequestedRegion: 
    Dimension: 3
    Index: [0, 0, 0]
    Size: [193, 229, 193]
  Spacing: [1, 1, 1]
  Origin: [96, 132, -78]
  Direction: 
-1 0 0
0 -1 0
0 0 1

  IndexToPointMatrix: 
-1 0 0
0 -1 0
0 0 1

  PointToIndexMatrix: 
-1 0 0
0 -1 0
0 0 1

  Inverse Direction: 
-1 0 0
0 -1 0
0 0 1

  PixelContainer: 
    ImportImageContainer (0x35c27b0)
      RTTI typeinfo:   itk::ImportImageContainer<unsigned long, double>
      Reference Count: 1
      Modified Time: 1995
      Debug: Off
      Object Name: 
      Observers: 
        none
      Pointer: 0x7f17354e2010
      Container manages memory: true
      Size: 8530021
      Capacity: 8530021

     Moving image = Image (0x356fb90)
  RTTI typeinfo:   itk::Image<double, 3u>
  Reference Count: 2
  Modified Time: 2390
  Debug: Off
  Object Name: 
  Observers: 
    none
  Source: (none)
  Source output name: (none)
  Release Data: Off
  Data Released: False
  Global Release Data: Off
  PipelineMTime: 0
  UpdateMTime: 2387
  RealTimeStamp: 0 seconds 
  LargestPossibleRegion: 
    Dimension: 3
    Index: [0, 0, 0]
    Size: [176, 240, 256]
  BufferedRegion: 
    Dimension: 3
    Index: [0, 0, 0]
    Size: [176, 240, 256]
  RequestedRegion: 
    Dimension: 3
    Index: [0, 0, 0]
    Size: [176, 240, 256]
  Spacing: [0.999999, 1, 1]
  Origin: [93.3499, 86.9368, -128.957]
  Direction: 
-0.999513 -0.0279216 -0.0139567
0.0279189 -0.99961 0.000389866
-0.0139622 2.01492e-08 0.999903

  IndexToPointMatrix: 
-0.999512 -0.0279216 -0.0139567
0.0279189 -0.99961 0.000389866
-0.0139621 2.01492e-08 0.999903

  PointToIndexMatrix: 
-0.999514 0.0279189 -0.0139622
-0.0279216 -0.99961 2.01716e-08
-0.0139567 0.000389866 0.999903

  Inverse Direction: 
-0.999513 0.0279189 -0.0139622
-0.0279216 -0.99961 2.01716e-08
-0.0139567 0.000389866 0.999903

  PixelContainer: 
    ImportImageContainer (0x35a5f10)
      RTTI typeinfo:   itk::ImportImageContainer<unsigned long, double>
      Reference Count: 1
      Modified Time: 2384
      Debug: Off
      Object Name: 
      Observers: 
        none
      Pointer: 0x7f1730261010
      Container manages memory: true
      Size: 10813440
      Capacity: 10813440

     Weighting = 1
     Sampling strategy = regular
     Number of bins = 32
     Radius = 4
     Sampling percentage  = 0.25
   Transform = Rigid
     Gradient step = 0.1
     Update field sigma (voxel space) = 0
     Total field sigma (voxel space) = 0
     Update field time sigma = 0
     Total field time sigma  = 0
     Number of time indices = 0
     Number of time point samples = 0
Stage 2 State
   Image metric = MattesMI
     Fixed image = Image (0x3569a80)
  RTTI typeinfo:   itk::Image<double, 3u>
  Reference Count: 2
  Modified Time: 3167
  Debug: Off
  Object Name: 
  Observers: 
    none
  Source: (none)
  Source output name: (none)
  Release Data: Off
  Data Released: False
  Global Release Data: Off
  PipelineMTime: 0
  UpdateMTime: 2776
  RealTimeStamp: 0 seconds 
  LargestPossibleRegion: 
    Dimension: 3
    Index: [0, 0, 0]
    Size: [193, 229, 193]
  BufferedRegion: 
    Dimension: 3
    Index: [0, 0, 0]
    Size: [193, 229, 193]
  RequestedRegion: 
    Dimension: 3
    Index: [0, 0, 0]
    Size: [193, 229, 193]
  Spacing: [1, 1, 1]
  Origin: [96, 132, -78]
  Direction: 
-1 0 0
0 -1 0
0 0 1

  IndexToPointMatrix: 
-1 0 0
0 -1 0
0 0 1

  PointToIndexMatrix: 
-1 0 0
0 -1 0
0 0 1

  Inverse Direction: 
-1 0 0
0 -1 0
0 0 1

  PixelContainer: 
    ImportImageContainer (0x35f8350)
      RTTI typeinfo:   itk::ImportImageContainer<unsigned long, double>
      Reference Count: 1
      Modified Time: 2773
      Debug: Off
      Object Name: 
      Observers: 
        none
      Pointer: 0x7f172c14c010
      Container manages memory: true
      Size: 8530021
      Capacity: 8530021

     Moving image = Image (0x35c6c90)
  RTTI typeinfo:   itk::Image<double, 3u>
  Reference Count: 2
  Modified Time: 3168
  Debug: Off
  Object Name: 
  Observers: 
    none
  Source: (none)
  Source output name: (none)
  Release Data: Off
  Data Released: False
  Global Release Data: Off
  PipelineMTime: 0
  UpdateMTime: 3165
  RealTimeStamp: 0 seconds 
  LargestPossibleRegion: 
    Dimension: 3
    Index: [0, 0, 0]
    Size: [176, 240, 256]
  BufferedRegion: 
    Dimension: 3
    Index: [0, 0, 0]
    Size: [176, 240, 256]
  RequestedRegion: 
    Dimension: 3
    Index: [0, 0, 0]
    Size: [176, 240, 256]
  Spacing: [0.999999, 1, 1]
  Origin: [93.3499, 86.9368, -128.957]
  Direction: 
-0.999513 -0.0279216 -0.0139567
0.0279189 -0.99961 0.000389866
-0.0139622 2.01492e-08 0.999903

  IndexToPointMatrix: 
-0.999512 -0.0279216 -0.0139567
0.0279189 -0.99961 0.000389866
-0.0139621 2.01492e-08 0.999903

  PointToIndexMatrix: 
-0.999514 0.0279189 -0.0139622
-0.0279216 -0.99961 2.01716e-08
-0.0139567 0.000389866 0.999903

  Inverse Direction: 
-0.999513 0.0279189 -0.0139622
-0.0279216 -0.99961 2.01716e-08
-0.0139567 0.000389866 0.999903

  PixelContainer: 
    ImportImageContainer (0x3595dd0)
      RTTI typeinfo:   itk::ImportImageContainer<unsigned long, double>
      Reference Count: 1
      Modified Time: 3162
      Debug: Off
      Object Name: 
      Observers: 
        none
      Pointer: 0x7f1726ecb010
      Container manages memory: true
      Size: 10813440
      Capacity: 10813440

     Weighting = 1
     Sampling strategy = regular
     Number of bins = 32
     Radius = 4
     Sampling percentage  = 0.25
   Transform = Affine
     Gradient step = 0.1
     Update field sigma (voxel space) = 0
     Total field sigma (voxel space) = 0
     Update field time sigma = 0
     Total field time sigma  = 0
     Number of time indices = 0
     Number of time point samples = 0
Stage 3 State
   Image metric = CC
     Fixed image = Image (0x359e870)
  RTTI typeinfo:   itk::Image<double, 3u>
  Reference Count: 2
  Modified Time: 3945
  Debug: Off
  Object Name: 
  Observers: 
    none
  Source: (none)
  Source output name: (none)
  Release Data: Off
  Data Released: False
  Global Release Data: Off
  PipelineMTime: 0
  UpdateMTime: 3554
  RealTimeStamp: 0 seconds 
  LargestPossibleRegion: 
    Dimension: 3
    Index: [0, 0, 0]
    Size: [193, 229, 193]
  BufferedRegion: 
    Dimension: 3
    Index: [0, 0, 0]
    Size: [193, 229, 193]
  RequestedRegion: 
    Dimension: 3
    Index: [0, 0, 0]
    Size: [193, 229, 193]
  Spacing: [1, 1, 1]
  Origin: [96, 132, -78]
  Direction: 
-1 0 0
0 -1 0
0 0 1

  IndexToPointMatrix: 
-1 0 0
0 -1 0
0 0 1

  PointToIndexMatrix: 
-1 0 0
0 -1 0
0 0 1

  Inverse Direction: 
-1 0 0
0 -1 0
0 0 1

  PixelContainer: 
    ImportImageContainer (0x36b8590)
      RTTI typeinfo:   itk::ImportImageContainer<unsigned long, double>
      Reference Count: 1
      Modified Time: 3551
      Debug: Off
      Object Name: 
      Observers: 
        none
      Pointer: 0x7f1722db6010
      Container manages memory: true
      Size: 8530021
      Capacity: 8530021

     Moving image = Image (0x35a55d0)
  RTTI typeinfo:   itk::Image<double, 3u>
  Reference Count: 2
  Modified Time: 3946
  Debug: Off
  Object Name: 
  Observers: 
    none
  Source: (none)
  Source output name: (none)
  Release Data: Off
  Data Released: False
  Global Release Data: Off
  PipelineMTime: 0
  UpdateMTime: 3943
  RealTimeStamp: 0 seconds 
  LargestPossibleRegion: 
    Dimension: 3
    Index: [0, 0, 0]
    Size: [176, 240, 256]
  BufferedRegion: 
    Dimension: 3
    Index: [0, 0, 0]
    Size: [176, 240, 256]
  RequestedRegion: 
    Dimension: 3
    Index: [0, 0, 0]
    Size: [176, 240, 256]
  Spacing: [0.999999, 1, 1]
  Origin: [93.3499, 86.9368, -128.957]
  Direction: 
-0.999513 -0.0279216 -0.0139567
0.0279189 -0.99961 0.000389866
-0.0139622 2.01492e-08 0.999903

  IndexToPointMatrix: 
-0.999512 -0.0279216 -0.0139567
0.0279189 -0.99961 0.000389866
-0.0139621 2.01492e-08 0.999903

  PointToIndexMatrix: 
-0.999514 0.0279189 -0.0139622
-0.0279216 -0.99961 2.01716e-08
-0.0139567 0.000389866 0.999903

  Inverse Direction: 
-0.999513 0.0279189 -0.0139622
-0.0279216 -0.99961 2.01716e-08
-0.0139567 0.000389866 0.999903

  PixelContainer: 
    ImportImageContainer (0x3698590)
      RTTI typeinfo:   itk::ImportImageContainer<unsigned long, double>
      Reference Count: 1
      Modified Time: 3940
      Debug: Off
      Object Name: 
      Observers: 
        none
      Pointer: 0x7f171db35010
      Container manages memory: true
      Size: 10813440
      Capacity: 10813440

     Weighting = 1
     Sampling strategy = none
     Number of bins = 32
     Radius = 4
     Sampling percentage  = 1
   Transform = SyN
     Gradient step = 0.1
     Update field sigma (voxel space) = 3
     Total field sigma (voxel space) = 0
     Update field time sigma = 0
     Total field time sigma  = 0
     Number of time indices = 0
     Number of time point samples = 0
Registration using 3 total stages.

Stage 0
  iterations = 1000x500x250x100
  convergence threshold = 1e-06
  convergence window size = 10
  number of levels = 4
  using the Mattes MI metric (number of bins = 32, weight = 1, use gradient filter = 0)
  preprocessing:  winsorizing the image intensities
  Shrink factors (level 1 out of 4): [8, 8, 8]
  Shrink factors (level 2 out of 4): [4, 4, 4]
  Shrink factors (level 3 out of 4): [2, 2, 2]
  Shrink factors (level 4 out of 4): [1, 1, 1]
  smoothing sigmas per level: [3, 2, 1, 0]
  regular sampling (percentage = 0.25)

*** Running Euler3DTransform registration ***

DIAGNOSTIC,Iteration,metricValue,convergenceValue,ITERATION_TIME_INDEX,SINCE_LAST
*/mnt/lustre/mathdugre/fast-interpolate/datasets/ds004513/derivatives/flint/antsRegistration/binary64/sub-s003/Stage1_level1_Iter0001.nii.gz
2DIAGNOSTIC,     1, -4.867210442547e-01, 1.797693134862e+308, 5.3008e+00, 5.3008e+00, 
*/mnt/lustre/mathdugre/fast-interpolate/datasets/ds004513/derivatives/flint/antsRegistration/binary64/sub-s003/Stage1_level1_Iter0002.nii.gz
2DIAGNOSTIC,     2, -4.888685726314e-01, 1.797693134862e+308, 5.3300e+00, 2.9155e-02, 
*/mnt/lustre/mathdugre/fast-interpolate/datasets/ds004513/derivatives/flint/antsRegistration/binary64/sub-s003/Stage1_level1_Iter0003.nii.gz
2DIAGNOSTIC,     3, -4.925742853754e-01, 1.797693134862e+308, 5.3598e+00, 2.9848e-02, 
*/mnt/lustre/mathdugre/fast-interpolate/datasets/ds004513/derivatives/flint/antsRegistration/binary64/sub-s003/Stage1_level1_Iter0004.nii.gz
2DIAGNOSTIC,     4, -5.007265555022e-01, 1.797693134862e+308, 5.3892e+00, 2.9365e-02, 
*/mnt/lustre/mathdugre/fast-interpolate/datasets/ds004513/derivatives/flint/antsRegistration/binary64/sub-s003/Stage1_level1_Iter0005.nii.gz
2DIAGNOSTIC,     5, -5.092729165807e-01, 1.797693134862e+308, 5.4173e+00, 2.8135e-02, 
*/mnt/lustre/mathdugre/fast-interpolate/datasets/ds004513/derivatives/flint/antsRegistration/binary64/sub-s003/Stage1_level1_Iter0006.nii.gz
2DIAGNOSTIC,     6, -5.159848490464e-01, 1.797693134862e+308, 5.4462e+00, 2.8918e-02, 
*/mnt/lustre/mathdugre/fast-interpolate/datasets/ds004513/derivatives/flint/antsRegistration/binary64/sub-s003/Stage1_level1_Iter0007.nii.gz
2DIAGNOSTIC,     7, -5.229367831720e-01, 1.797693134862e+308, 5.4751e+00, 2.8847e-02, 
*/mnt/lustre/mathdugre/fast-interpolate/datasets/ds004513/derivatives/flint/antsRegistration/binary64/sub-s003/Stage1_level1_Iter0008.nii.gz
2DIAGNOSTIC,     8, -5.481853789847e-01, 1.797693134862e+308, 5.5059e+00, 3.0857e-02, 
*/mnt/lustre/mathdugre/fast-interpolate/datasets/ds004513/derivatives/flint/antsRegistration/binary64/sub-s003/Stage1_level1_Iter0009.nii.gz
2DIAGNOSTIC,     9, -5.597619755397e-01, 1.797693134862e+308, 5.5417e+00, 3.5723e-02, 
*/mnt/lustre/mathdugre/fast-interpolate/datasets/ds004513/derivatives/flint/antsRegistration/binary64/sub-s003/Stage1_level1_Iter0010.nii.gz
2DIAGNOSTIC,    10, -5.601477584838e-01, 1.019187702292e-02, 5.5737e+00, 3.1986e-02, 
*/mnt/lustre/mathdugre/fast-interpolate/datasets/ds004513/derivatives/flint/antsRegistration/binary64/sub-s003/Stage1_level1_Iter0011.nii.gz
2DIAGNOSTIC,    11, -5.615344915653e-01, 9.521392230948e-03, 5.6022e+00, 2.8588e-02, 
*/mnt/lustre/mathdugre/fast-interpolate/datasets/ds004513/derivatives/flint/antsRegistration/binary64/sub-s003/Stage1_level1_Iter0012.nii.gz
2DIAGNOSTIC,    12, -5.625491362098e-01, 8.265392125006e-03, 5.6323e+00, 3.0037e-02, 
*/mnt/lustre/mathdugre/fast-interpolate/datasets/ds004513/derivatives/flint/antsRegistration/binary64/sub-s003/Stage1_level1_Iter0013.nii.gz
2DIAGNOSTIC,    13, -5.643210778106e-01, 6.676190419801e-03, 5.6693e+00, 3.7006e-02, 
*/mnt/lustre/mathdugre/fast-interpolate/datasets/ds004513/derivatives/flint/antsRegistration/binary64/sub-s003/Stage1_level1_Iter0014.nii.gz
2DIAGNOSTIC,    14, -5.651469997334e-01, 5.053699950652e-03, 5.6987e+00, 2.9428e-02, 
*/mnt/lustre/mathdugre/fast-interpolate/datasets/ds004513/derivatives/flint/antsRegistration/binary64/sub-s003/Stage1_level1_Iter0015.nii.gz
2DIAGNOSTIC,    15, -5.660303834170e-01, 3.544887010538e-03, 5.7283e+00, 2.9592e-02, 
*/mnt/lustre/mathdugre/fast-interpolate/datasets/ds004513/derivatives/flint/antsRegistration/binary64/sub-s003/Stage1_level1_Iter0016.nii.gz
2DIAGNOSTIC,    16, -5.672028289097e-01, 2.182117897232e-03, 5.7560e+00, 2.7711e-02, 
*/mnt/lustre/mathdugre/fast-interpolate/datasets/ds004513/derivatives/flint/antsRegistration/binary64/sub-s003/Stage1_level1_Iter0017.nii.gz
2DIAGNOSTIC,    17, -5.684587281958e-01, 1.024426307727e-03, 5.7849e+00, 2.8928e-02, 
*/mnt/lustre/mathdugre/fast-interpolate/datasets/ds004513/derivatives/flint/antsRegistration/binary64/sub-s003/Stage1_level1_Iter0018.nii.gz
2DIAGNOSTIC,    18, -5.725513204422e-01, 7.565182511269e-04, 5.8128e+00, 2.7827e-02, 
*/mnt/lustre/mathdugre/fast-interpolate/datasets/ds004513/derivatives/flint/antsRegistration/binary64/sub-s003/Stage1_level1_Iter0019.nii.gz
2DIAGNOSTIC,    19, -5.830775547345e-01, 1.056048001568e-03, 5.8565e+00, 4.3764e-02, 
*/mnt/lustre/mathdugre/fast-interpolate/datasets/ds004513/derivatives/flint/antsRegistration/binary64/sub-s003/Stage1_level1_Iter0020.nii.gz
2DIAGNOSTIC,    20, -5.836925861812e-01, 1.245357012008e-03, 5.8888e+00, 3.2244e-02, 
*/mnt/lustre/mathdugre/fast-interpolate/datasets/ds004513/derivatives/flint/antsRegistration/binary64/sub-s003/Stage1_level1_Iter0021.nii.gz
2DIAGNOSTIC,    21, -5.843426586415e-01, 1.354166254864e-03, 5.9185e+00, 2.9716e-02, 
*/mnt/lustre/mathdugre/fast-interpolate/datasets/ds004513/derivatives/flint/antsRegistration/binary64/sub-s003/Stage1_level1_Iter0022.nii.gz
2DIAGNOSTIC,    22, -5.904365269455e-01, 1.495649462861e-03, 5.9482e+00, 2.9732e-02, 
*/mnt/lustre/mathdugre/fast-interpolate/datasets/ds004513/derivatives/flint/antsRegistration/binary64/sub-s003/Stage1_level1_Iter0023.nii.gz
2DIAGNOSTIC,    23, -5.962012267033e-01, 1.647308873261e-03, 5.9763e+00, 2.8082e-02, 
*/mnt/lustre/mathdugre/fast-interpolate/datasets/ds004513/derivatives/flint/antsRegistration/binary64/sub-s003/Stage1_level1_Iter0024.nii.gz
2DIAGNOSTIC,    24, -6.147900515182e-01, 2.039512578348e-03, 6.0139e+00, 3.7544e-02, 
*/mnt/lustre/mathdugre/fast-interpolate/datasets/ds004513/derivatives/flint/antsRegistration/binary64/sub-s003/Stage1_level1_Iter0025.nii.gz
2DIAGNOSTIC,    25, -6.173070004738e-01, 2.268145846459e-03, 6.0581e+00, 4.4248e-02, 
*/mnt/lustre/mathdugre/fast-interpolate/datasets/ds004513/derivatives/flint/antsRegistration/binary64/sub-s003/Stage1_level1_Iter0026.nii.gz
2DIAGNOSTIC,    26, -6.184124825127e-01, 2.317234834296e-03, 6.0856e+00, 2.7527e-02, 
*/mnt/lustre/mathdugre/fast-interpolate/datasets/ds004513/derivatives/flint/antsRegistration/binary64/sub-s003/Stage1_level1_Iter0027.nii.gz
2DIAGNOSTIC,    27, -6.208100188803e-01, 2.217018925175e-03, 6.1137e+00, 2.8091e-02, 
*/mnt/lustre/mathdugre/fast-interpolate/datasets/ds004513/derivatives/flint/antsRegistration/binary64/sub-s003/Stage1_level1_Iter0028.nii.gz
2DIAGNOSTIC,    28, -6.237814992651e-01, 2.034850825109e-03, 6.1422e+00, 2.8427e-02, 
*/mnt/lustre/mathdugre/fast-interpolate/datasets/ds004513/derivatives/flint/antsRegistration/binary64/sub-s003/Stage1_level1_Iter0029.nii.gz
2DIAGNOSTIC,    29, -6.281374521875e-01, 1.928009619776e-03, 6.1718e+00, 2.9668e-02, 
*/mnt/lustre/mathdugre/fast-interpolate/datasets/ds004513/derivatives/flint/antsRegistration/binary64/sub-s003/Stage1_level1_Iter0030.nii.gz
2DIAGNOSTIC,    30, -6.319510625815e-01, 1.720906929240e-03, 6.1998e+00, 2.7940e-02, 
*/mnt/lustre/mathdugre/fast-interpolate/datasets/ds004513/derivatives/flint/antsRegistration/binary64/sub-s003/Stage1_level1_Iter0031.nii.gz
2DIAGNOSTIC,    31, -6.379120971361e-01, 1.474941843566e-03, 6.2313e+00, 3.1532e-02, 
*/mnt/lustre/mathdugre/fast-interpolate/datasets/ds004513/derivatives/flint/antsRegistration/binary64/sub-s003/Stage1_level1_Iter0032.nii.gz
2DIAGNOSTIC,    32, -6.402010081863e-01, 1.237028332745e-03, 6.2655e+00, 3.4164e-02, 
*/mnt/lustre/mathdugre/fast-interpolate/datasets/ds004513/derivatives/flint/antsRegistration/binary64/sub-s003/Stage1_level1_Iter0033.nii.gz
2DIAGNOSTIC,    33, -6.412969436739e-01, 9.940007068692e-04, 6.2930e+00, 2.7548e-02, 
*/mnt/lustre/mathdugre/fast-interpolate/datasets/ds004513/derivatives/flint/antsRegistration/binary64/sub-s003/Stage1_level1_Iter0034.nii.gz
2DIAGNOSTIC,    34, -6.442857840696e-01, 9.858639194061e-04, 6.3204e+00, 2.7405e-02, 
*/mnt/lustre/mathdugre/fast-interpolate/datasets/ds004513/derivatives/flint/antsRegistration/binary64/sub-s003/Stage1_level1_Iter0035.nii.gz
2DIAGNOSTIC,    35, -6.521311504578e-01, 1.028977503323e-03, 6.3559e+00, 3.5495e-02, 
*/mnt/lustre/mathdugre/fast-interpolate/datasets/ds004513/derivatives/flint/antsRegistration/binary64/sub-s003/Stage1_level1_Iter0036.nii.gz
2DIAGNOSTIC,    36, -6.533358429633e-01, 9.999006027535e-04, 6.3877e+00, 3.1803e-02, 
*/mnt/lustre/mathdugre/fast-interpolate/datasets/ds004513/derivatives/flint/antsRegistration/binary64/sub-s003/Stage1_level1_Iter0037.nii.gz
2DIAGNOSTIC,    37, -6.543760512085e-01, 9.241488648524e-04, 6.4164e+00, 2.8680e-02, 
*/mnt/lustre/mathdugre/fast-interpolate/datasets/ds004513/derivatives/flint/antsRegistration/binary64/sub-s003/Stage1_level1_Iter0038.nii.gz
2DIAGNOSTIC,    38, -6.567496927759e-01, 8.348031424769e-04, 6.4489e+00, 3.2562e-02, 
*/mnt/lustre/mathdugre/fast-interpolate/datasets/ds004513/derivatives/flint/antsRegistration/binary64/sub-s003/Stage1_level1_Iter0039.nii.gz
2DIAGNOSTIC,    39, -6.571805720126e-01, 7.294261410683e-04, 6.4857e+00, 3.6760e-02, 
*/mnt/lustre/mathdugre/fast-interpolate/datasets/ds004513/derivatives/flint/antsRegistration/binary64/sub-s003/Stage1_level1_Iter0040.nii.gz
2DIAGNOSTIC,    40, -6.571987765826e-01, 6.041097220831e-04, 6.5144e+00, 2.8694e-02, 
*/mnt/lustre/mathdugre/fast-interpolate/datasets/ds004513/derivatives/flint/antsRegistration/binary64/sub-s003/Stage1_level1_Iter0041.nii.gz
2DIAGNOSTIC,    41, -6.572085898146e-01, 4.982925278592e-04, 6.5452e+00, 3.0803e-02, 
*/mnt/lustre/mathdugre/fast-interpolate/datasets/ds004513/derivatives/flint/antsRegistration/binary64/sub-s003/Stage1_level1_Iter0042.nii.gz
2DIAGNOSTIC,    42, -6.572003583407e-01, 3.780770010783e-04, 6.5732e+00, 2.8012e-02, 
*/mnt/lustre/mathdugre/fast-interpolate/datasets/ds004513/derivatives/flint/antsRegistration/binary64/sub-s003/Stage1_level1_Iter0043.nii.gz
2DIAGNOSTIC,    43, -6.572361572945e-01, 2.405618675079e-04, 6.6020e+00, 2.8829e-02, 
*/mnt/lustre/mathdugre/fast-interpolate/datasets/ds004513/derivatives/flint/antsRegistration/binary64/sub-s003/Stage1_level1_Iter0044.nii.gz
2DIAGNOSTIC,    44, -6.574166285404e-01, 1.192836071439e-04, 6.6311e+00, 2.9071e-02, 
*/mnt/lustre/mathdugre/fast-interpolate/datasets/ds004513/derivatives/flint/antsRegistration/binary64/sub-s003/Stage1_level1_Iter0045.nii.gz
2DIAGNOSTIC,    45, -6.576466889797e-01, 7.843746434741e-05, 6.6627e+00, 3.1594e-02, 
*/mnt/lustre/mathdugre/fast-interpolate/datasets/ds004513/derivatives/flint/antsRegistration/binary64/sub-s003/Stage1_level1_Iter0046.nii.gz
2DIAGNOSTIC,    46, -6.578629088034e-01, 4.686744639992e-05, 6.6911e+00, 2.8428e-02, 
*/mnt/lustre/mathdugre/fast-interpolate/datasets/ds004513/derivatives/flint/antsRegistration/binary64/sub-s003/Stage1_level1_Iter0047.nii.gz
2DIAGNOSTIC,    47, -6.579404649015e-01, 2.303726265480e-05, 6.7229e+00, 3.1768e-02, 
*/mnt/lustre/mathdugre/fast-interpolate/datasets/ds004513/derivatives/flint/antsRegistration/binary64/sub-s003/Stage1_level1_Iter0048.nii.gz
2DIAGNOSTIC,    48, -6.582258921461e-01, 2.435279950492e-05, 6.7599e+00, 3.7005e-02, 
*/mnt/lustre/mathdugre/fast-interpolate/datasets/ds004513/derivatives/flint/antsRegistration/binary64/sub-s003/Stage1_level1_Iter0049.nii.gz
2DIAGNOSTIC,    49, -6.580613983178e-01, 2.584388048096e-05, 6.7897e+00, 2.9778e-02, 
*/mnt/lustre/mathdugre/fast-interpolate/datasets/ds004513/derivatives/flint/antsRegistration/binary64/sub-s003/Stage1_level1_Iter0050.nii.gz
2DIAGNOSTIC,    50, -6.580665157260e-01, 2.512556545397e-05, 6.8258e+00, 3.6066e-02, 
*/mnt/lustre/mathdugre/fast-interpolate/datasets/ds004513/derivatives/flint/antsRegistration/binary64/sub-s003/Stage1_level1_Iter0051.nii.gz
2DIAGNOSTIC,    51, -6.581554449937e-01, 2.302487403614e-05, 6.8692e+00, 4.3411e-02, 
*/mnt/lustre/mathdugre/fast-interpolate/datasets/ds004513/derivatives/flint/antsRegistration/binary64/sub-s003/Stage1_level1_Iter0052.nii.gz
2DIAGNOSTIC,    52, -6.581554458422e-01, 1.876671166365e-05, 6.8996e+00, 3.0413e-02, 
*/mnt/lustre/mathdugre/fast-interpolate/datasets/ds004513/derivatives/flint/antsRegistration/binary64/sub-s003/Stage1_level1_Iter0053.nii.gz
2DIAGNOSTIC,    53, -6.581554462591e-01, 1.324721655430e-05, 6.9333e+00, 3.3683e-02, 
*/mnt/lustre/mathdugre/fast-interpolate/datasets/ds004513/derivatives/flint/antsRegistration/binary64/sub-s003/Stage1_level1_Iter0054.nii.gz
2DIAGNOSTIC,    54, -6.581554464074e-01, 8.314325091130e-06, 6.9644e+00, 3.1167e-02, 
*/mnt/lustre/mathdugre/fast-interpolate/datasets/ds004513/derivatives/flint/antsRegistration/binary64/sub-s003/Stage1_level1_Iter0055.nii.gz
2DIAGNOSTIC,    55, -6.581554464712e-01, 4.796167679025e-06, 6.9928e+00, 2.8404e-02, 
*/mnt/lustre/mathdugre/fast-interpolate/datasets/ds004513/derivatives/flint/antsRegistration/binary64/sub-s003/Stage1_level1_Iter0056.nii.gz
2DIAGNOSTIC,    56, -6.581554476401e-01, 2.795320133548e-06, 7.0207e+00, 2.7883e-02, 
*/mnt/lustre/mathdugre/fast-interpolate/datasets/ds004513/derivatives/flint/antsRegistration/binary64/sub-s003/Stage1_level1_Iter0057.nii.gz
2DIAGNOSTIC,    57, -6.581554503936e-01, 1.211352328317e-06, 7.0486e+00, 2.7835e-02, 
*/mnt/lustre/mathdugre/fast-interpolate/datasets/ds004513/derivatives/flint/antsRegistration/binary64/sub-s003/Stage1_level1_Iter0058.nii.gz
2DIAGNOSTIC,    58, -6.581554538382e-01, 1.973446194618e-06, 7.0788e+00, 3.0283e-02, 
*/mnt/lustre/mathdugre/fast-interpolate/datasets/ds004513/derivatives/flint/antsRegistration/binary64/sub-s003/Stage1_level1_Iter0059.nii.gz
2DIAGNOSTIC,    59, -6.581554568566e-01, 1.283780057964e-06, 7.1113e+00, 3.2502e-02, 
DIAGNOSTIC,Iteration,metricValue,convergenceValue,ITERATION_TIME_INDEX,SINCE_LAST
*/mnt/lustre/mathdugre/fast-interpolate/datasets/ds004513/derivatives/flint/antsRegistration/binary64/sub-s003/Stage1_level2_Iter0001.nii.gz
2DIAGNOSTIC,     1, -5.277342908827e-01, 1.797693134862e+308, 1.2549e+01, 5.4375e+00, 
*/mnt/lustre/mathdugre/fast-interpolate/datasets/ds004513/derivatives/flint/antsRegistration/binary64/sub-s003/Stage1_level2_Iter0002.nii.gz
2DIAGNOSTIC,     2, -5.281071685395e-01, 1.797693134862e+308, 1.2742e+01, 1.9295e-01, 
*/mnt/lustre/mathdugre/fast-interpolate/datasets/ds004513/derivatives/flint/antsRegistration/binary64/sub-s003/Stage1_level2_Iter0003.nii.gz
2DIAGNOSTIC,     3, -5.286774778754e-01, 1.797693134862e+308, 1.2933e+01, 1.9092e-01, 
*/mnt/lustre/mathdugre/fast-interpolate/datasets/ds004513/derivatives/flint/antsRegistration/binary64/sub-s003/Stage1_level2_Iter0004.nii.gz
2DIAGNOSTIC,     4, -5.295356617732e-01, 1.797693134862e+308, 1.3127e+01, 1.9468e-01, 
*/mnt/lustre/mathdugre/fast-interpolate/datasets/ds004513/derivatives/flint/antsRegistration/binary64/sub-s003/Stage1_level2_Iter0005.nii.gz
2DIAGNOSTIC,     5, -5.302922955549e-01, 1.797693134862e+308, 1.3320e+01, 1.9233e-01, 
*/mnt/lustre/mathdugre/fast-interpolate/datasets/ds004513/derivatives/flint/antsRegistration/binary64/sub-s003/Stage1_level2_Iter0006.nii.gz
2DIAGNOSTIC,     6, -5.312694967199e-01, 1.797693134862e+308, 1.3512e+01, 1.9263e-01, 
*/mnt/lustre/mathdugre/fast-interpolate/datasets/ds004513/derivatives/flint/antsRegistration/binary64/sub-s003/Stage1_level2_Iter0007.nii.gz
2DIAGNOSTIC,     7, -5.339626653189e-01, 1.797693134862e+308, 1.3752e+01, 2.3950e-01, 
*/mnt/lustre/mathdugre/fast-interpolate/datasets/ds004513/derivatives/flint/antsRegistration/binary64/sub-s003/Stage1_level2_Iter0008.nii.gz
2DIAGNOSTIC,     8, -5.358943716159e-01, 1.797693134862e+308, 1.4177e+01, 4.2482e-01, 
*/mnt/lustre/mathdugre/fast-interpolate/datasets/ds004513/derivatives/flint/antsRegistration/binary64/sub-s003/Stage1_level2_Iter0009.nii.gz
2DIAGNOSTIC,     9, -5.358889119416e-01, 1.797693134862e+308, 1.4389e+01, 2.1259e-01, 
*/mnt/lustre/mathdugre/fast-interpolate/datasets/ds004513/derivatives/flint/antsRegistration/binary64/sub-s003/Stage1_level2_Iter0010.nii.gz
2DIAGNOSTIC,    10, -5.359271336864e-01, 1.194395235603e-03, 1.4605e+01, 2.1603e-01, 
*/mnt/lustre/mathdugre/fast-interpolate/datasets/ds004513/derivatives/flint/antsRegistration/binary64/sub-s003/Stage1_level2_Iter0011.nii.gz
2DIAGNOSTIC,    11, -5.359633922438e-01, 1.057070701587e-03, 1.4802e+01, 1.9635e-01, 
*/mnt/lustre/mathdugre/fast-interpolate/datasets/ds004513/derivatives/flint/antsRegistration/binary64/sub-s003/Stage1_level2_Iter0012.nii.gz
2DIAGNOSTIC,    12, -5.360112421397e-01, 8.647753303867e-04, 1.4994e+01, 1.9232e-01, 
*/mnt/lustre/mathdugre/fast-interpolate/datasets/ds004513/derivatives/flint/antsRegistration/binary64/sub-s003/Stage1_level2_Iter0013.nii.gz
2DIAGNOSTIC,    13, -5.360904360217e-01, 6.493485264375e-04, 1.5184e+01, 1.9008e-01, 
*/mnt/lustre/mathdugre/fast-interpolate/datasets/ds004513/derivatives/flint/antsRegistration/binary64/sub-s003/Stage1_level2_Iter0014.nii.gz
2DIAGNOSTIC,    14, -5.362415543262e-01, 4.455591822253e-04, 1.5376e+01, 1.9162e-01, 
*/mnt/lustre/mathdugre/fast-interpolate/datasets/ds004513/derivatives/flint/antsRegistration/binary64/sub-s003/Stage1_level2_Iter0015.nii.gz
2DIAGNOSTIC,    15, -5.363912265812e-01, 2.620055679622e-04, 1.5573e+01, 1.9694e-01, 
*/mnt/lustre/mathdugre/fast-interpolate/datasets/ds004513/derivatives/flint/antsRegistration/binary64/sub-s003/Stage1_level2_Iter0016.nii.gz
2DIAGNOSTIC,    16, -5.366010376254e-01, 1.153599030572e-04, 1.5763e+01, 1.9018e-01, 
*/mnt/lustre/mathdugre/fast-interpolate/datasets/ds004513/derivatives/flint/antsRegistration/binary64/sub-s003/Stage1_level2_Iter0017.nii.gz
2DIAGNOSTIC,    17, -5.368657272113e-01, 6.649037553720e-05, 1.5957e+01, 1.9388e-01, 
*/mnt/lustre/mathdugre/fast-interpolate/datasets/ds004513/derivatives/flint/antsRegistration/binary64/sub-s003/Stage1_level2_Iter0018.nii.gz
2DIAGNOSTIC,    18, -5.371418717633e-01, 8.231721439082e-05, 1.6149e+01, 1.9234e-01, 
*/mnt/lustre/mathdugre/fast-interpolate/datasets/ds004513/derivatives/flint/antsRegistration/binary64/sub-s003/Stage1_level2_Iter0019.nii.gz
2DIAGNOSTIC,    19, -5.377023122069e-01, 1.044191543182e-04, 1.6344e+01, 1.9507e-01, 
*/mnt/lustre/mathdugre/fast-interpolate/datasets/ds004513/derivatives/flint/antsRegistration/binary64/sub-s003/Stage1_level2_Iter0020.nii.gz
2DIAGNOSTIC,    20, -5.379725103495e-01, 1.226498009109e-04, 1.6538e+01, 1.9431e-01, 
*/mnt/lustre/mathdugre/fast-interpolate/datasets/ds004513/derivatives/flint/antsRegistration/binary64/sub-s003/Stage1_level2_Iter0021.nii.gz
2DIAGNOSTIC,    21, -5.385594485833e-01, 1.436463878687e-04, 1.6824e+01, 2.8547e-01, 
*/mnt/lustre/mathdugre/fast-interpolate/datasets/ds004513/derivatives/flint/antsRegistration/binary64/sub-s003/Stage1_level2_Iter0022.nii.gz
2DIAGNOSTIC,    22, -5.386708788686e-01, 1.530922519882e-04, 1.7018e+01, 1.9460e-01, 
*/mnt/lustre/mathdugre/fast-interpolate/datasets/ds004513/derivatives/flint/antsRegistration/binary64/sub-s003/Stage1_level2_Iter0023.nii.gz
2DIAGNOSTIC,    23, -5.387225432892e-01, 1.505836559315e-04, 1.7209e+01, 1.9091e-01, 
*/mnt/lustre/mathdugre/fast-interpolate/datasets/ds004513/derivatives/flint/antsRegistration/binary64/sub-s003/Stage1_level2_Iter0024.nii.gz
2DIAGNOSTIC,    24, -5.389010717431e-01, 1.416104629628e-04, 1.7426e+01, 2.1658e-01, 
*/mnt/lustre/mathdugre/fast-interpolate/datasets/ds004513/derivatives/flint/antsRegistration/binary64/sub-s003/Stage1_level2_Iter0025.nii.gz
2DIAGNOSTIC,    25, -5.390399843694e-01, 1.261116782411e-04, 1.7735e+01, 3.0888e-01, 
*/mnt/lustre/mathdugre/fast-interpolate/datasets/ds004513/derivatives/flint/antsRegistration/binary64/sub-s003/Stage1_level2_Iter0026.nii.gz
2DIAGNOSTIC,    26, -5.390789963023e-01, 1.050053003041e-04, 1.7951e+01, 2.1602e-01, 
*/mnt/lustre/mathdugre/fast-interpolate/datasets/ds004513/derivatives/flint/antsRegistration/binary64/sub-s003/Stage1_level2_Iter0027.nii.gz
2DIAGNOSTIC,    27, -5.390711501684e-01, 8.079832152843e-05, 1.8191e+01, 2.4010e-01, 
*/mnt/lustre/mathdugre/fast-interpolate/datasets/ds004513/derivatives/flint/antsRegistration/binary64/sub-s003/Stage1_level2_Iter0028.nii.gz
2DIAGNOSTIC,    28, -5.390699646062e-01, 5.599321359433e-05, 1.8405e+01, 2.1411e-01, 
*/mnt/lustre/mathdugre/fast-interpolate/datasets/ds004513/derivatives/flint/antsRegistration/binary64/sub-s003/Stage1_level2_Iter0029.nii.gz
2DIAGNOSTIC,    29, -5.390594139195e-01, 3.775450989661e-05, 1.8599e+01, 1.9416e-01, 
*/mnt/lustre/mathdugre/fast-interpolate/datasets/ds004513/derivatives/flint/antsRegistration/binary64/sub-s003/Stage1_level2_Iter0030.nii.gz
2DIAGNOSTIC,    30, -5.390592233796e-01, 2.173658163944e-05, 1.8793e+01, 1.9329e-01, 
*/mnt/lustre/mathdugre/fast-interpolate/datasets/ds004513/derivatives/flint/antsRegistration/binary64/sub-s003/Stage1_level2_Iter0031.nii.gz
2DIAGNOSTIC,    31, -5.390612923626e-01, 1.486250395607e-05, 1.9010e+01, 2.1740e-01, 
*/mnt/lustre/mathdugre/fast-interpolate/datasets/ds004513/derivatives/flint/antsRegistration/binary64/sub-s003/Stage1_level2_Iter0032.nii.gz
2DIAGNOSTIC,    32, -5.390601370785e-01, 8.982164309959e-06, 1.9202e+01, 1.9251e-01, 
*/mnt/lustre/mathdugre/fast-interpolate/datasets/ds004513/derivatives/flint/antsRegistration/binary64/sub-s003/Stage1_level2_Iter0033.nii.gz
2DIAGNOSTIC,    33, -5.390683002838e-01, 3.621524684187e-06, 1.9421e+01, 2.1816e-01, 
*/mnt/lustre/mathdugre/fast-interpolate/datasets/ds004513/derivatives/flint/antsRegistration/binary64/sub-s003/Stage1_level2_Iter0034.nii.gz
2DIAGNOSTIC,    34, -5.390744021353e-01, 1.147382559130e-06, 1.9636e+01, 2.1571e-01, 
DIAGNOSTIC,Iteration,metricValue,convergenceValue,ITERATION_TIME_INDEX,SINCE_LAST
*/mnt/lustre/mathdugre/fast-interpolate/datasets/ds004513/derivatives/flint/antsRegistration/binary64/sub-s003/Stage1_level3_Iter0001.nii.gz
2DIAGNOSTIC,     1, -4.775878352084e-01, 1.797693134862e+308, 2.6612e+01, 6.9754e+00, 
*/mnt/lustre/mathdugre/fast-interpolate/datasets/ds004513/derivatives/flint/antsRegistration/binary64/sub-s003/Stage1_level3_Iter0002.nii.gz
2DIAGNOSTIC,     2, -4.777362328501e-01, 1.797693134862e+308, 2.8084e+01, 1.4724e+00, 
*/mnt/lustre/mathdugre/fast-interpolate/datasets/ds004513/derivatives/flint/antsRegistration/binary64/sub-s003/Stage1_level3_Iter0003.nii.gz
2DIAGNOSTIC,     3, -4.779404781464e-01, 1.797693134862e+308, 2.9538e+01, 1.4539e+00, 
*/mnt/lustre/mathdugre/fast-interpolate/datasets/ds004513/derivatives/flint/antsRegistration/binary64/sub-s003/Stage1_level3_Iter0004.nii.gz
2DIAGNOSTIC,     4, -4.781990652619e-01, 1.797693134862e+308, 3.0996e+01, 1.4580e+00, 
*/mnt/lustre/mathdugre/fast-interpolate/datasets/ds004513/derivatives/flint/antsRegistration/binary64/sub-s003/Stage1_level3_Iter0005.nii.gz
2DIAGNOSTIC,     5, -4.783829026857e-01, 1.797693134862e+308, 3.2465e+01, 1.4687e+00, 
*/mnt/lustre/mathdugre/fast-interpolate/datasets/ds004513/derivatives/flint/antsRegistration/binary64/sub-s003/Stage1_level3_Iter0006.nii.gz
2DIAGNOSTIC,     6, -4.787127538826e-01, 1.797693134862e+308, 3.3927e+01, 1.4627e+00, 
*/mnt/lustre/mathdugre/fast-interpolate/datasets/ds004513/derivatives/flint/antsRegistration/binary64/sub-s003/Stage1_level3_Iter0007.nii.gz
2DIAGNOSTIC,     7, -4.802962657440e-01, 1.797693134862e+308, 3.5925e+01, 1.9972e+00, 
*/mnt/lustre/mathdugre/fast-interpolate/datasets/ds004513/derivatives/flint/antsRegistration/binary64/sub-s003/Stage1_level3_Iter0008.nii.gz
2DIAGNOSTIC,     8, -4.806263943230e-01, 1.797693134862e+308, 3.7568e+01, 1.6429e+00, 
*/mnt/lustre/mathdugre/fast-interpolate/datasets/ds004513/derivatives/flint/antsRegistration/binary64/sub-s003/Stage1_level3_Iter0009.nii.gz
2DIAGNOSTIC,     9, -4.807998618938e-01, 1.797693134862e+308, 3.9243e+01, 1.6749e+00, 
*/mnt/lustre/mathdugre/fast-interpolate/datasets/ds004513/derivatives/flint/antsRegistration/binary64/sub-s003/Stage1_level3_Iter0010.nii.gz
2DIAGNOSTIC,    10, -4.809763335132e-01, 5.361125090367e-04, 4.0923e+01, 1.6806e+00, 
*/mnt/lustre/mathdugre/fast-interpolate/datasets/ds004513/derivatives/flint/antsRegistration/binary64/sub-s003/Stage1_level3_Iter0011.nii.gz
2DIAGNOSTIC,    11, -4.814593361427e-01, 5.155181969718e-04, 4.2562e+01, 1.6391e+00, 
*/mnt/lustre/mathdugre/fast-interpolate/datasets/ds004513/derivatives/flint/antsRegistration/binary64/sub-s003/Stage1_level3_Iter0012.nii.gz
2DIAGNOSTIC,    12, -4.818597835285e-01, 4.776319694880e-04, 4.4219e+01, 1.6568e+00, 
*/mnt/lustre/mathdugre/fast-interpolate/datasets/ds004513/derivatives/flint/antsRegistration/binary64/sub-s003/Stage1_level3_Iter0013.nii.gz
2DIAGNOSTIC,    13, -4.820617323817e-01, 4.205555837665e-04, 4.6569e+01, 2.3498e+00, 
*/mnt/lustre/mathdugre/fast-interpolate/datasets/ds004513/derivatives/flint/antsRegistration/binary64/sub-s003/Stage1_level3_Iter0014.nii.gz
2DIAGNOSTIC,    14, -4.820655526258e-01, 3.459335945781e-04, 4.8614e+01, 2.0448e+00, 
*/mnt/lustre/mathdugre/fast-interpolate/datasets/ds004513/derivatives/flint/antsRegistration/binary64/sub-s003/Stage1_level3_Iter0015.nii.gz
2DIAGNOSTIC,    15, -4.820626222463e-01, 2.578063642149e-04, 5.0258e+01, 1.6448e+00, 
*/mnt/lustre/mathdugre/fast-interpolate/datasets/ds004513/derivatives/flint/antsRegistration/binary64/sub-s003/Stage1_level3_Iter0016.nii.gz
2DIAGNOSTIC,    16, -4.820614964850e-01, 1.677756817782e-04, 5.1888e+01, 1.6300e+00, 
*/mnt/lustre/mathdugre/fast-interpolate/datasets/ds004513/derivatives/flint/antsRegistration/binary64/sub-s003/Stage1_level3_Iter0017.nii.gz
2DIAGNOSTIC,    17, -4.820626929361e-01, 1.278001398205e-04, 5.3372e+01, 1.4832e+00, 
*/mnt/lustre/mathdugre/fast-interpolate/datasets/ds004513/derivatives/flint/antsRegistration/binary64/sub-s003/Stage1_level3_Iter0018.nii.gz
2DIAGNOSTIC,    18, -4.820601105921e-01, 9.141762610516e-05, 5.5025e+01, 1.6531e+00, 
*/mnt/lustre/mathdugre/fast-interpolate/datasets/ds004513/derivatives/flint/antsRegistration/binary64/sub-s003/Stage1_level3_Iter0019.nii.gz
2DIAGNOSTIC,    19, -4.820607268302e-01, 5.619560320391e-05, 5.6676e+01, 1.6515e+00, 
*/mnt/lustre/mathdugre/fast-interpolate/datasets/ds004513/derivatives/flint/antsRegistration/binary64/sub-s003/Stage1_level3_Iter0020.nii.gz
2DIAGNOSTIC,    20, -4.820603812032e-01, 2.448090874526e-05, 5.8328e+01, 1.6520e+00, 
*/mnt/lustre/mathdugre/fast-interpolate/datasets/ds004513/derivatives/flint/antsRegistration/binary64/sub-s003/Stage1_level3_Iter0021.nii.gz
2DIAGNOSTIC,    21, -4.820588760513e-01, 6.969387009746e-06, 6.0000e+01, 1.6719e+00, 
*/mnt/lustre/mathdugre/fast-interpolate/datasets/ds004513/derivatives/flint/antsRegistration/binary64/sub-s003/Stage1_level3_Iter0022.nii.gz
2DIAGNOSTIC,    22, -4.820603029976e-01, 1.191448899047e-06, 6.1642e+01, 1.6416e+00, 
*/mnt/lustre/mathdugre/fast-interpolate/datasets/ds004513/derivatives/flint/antsRegistration/binary64/sub-s003/Stage1_level3_Iter0023.nii.gz
2DIAGNOSTIC,    23, -4.820603792679e-01, 1.129348386683e-06, 6.3099e+01, 1.4571e+00, 
*/mnt/lustre/mathdugre/fast-interpolate/datasets/ds004513/derivatives/flint/antsRegistration/binary64/sub-s003/Stage1_level3_Iter0024.nii.gz
2DIAGNOSTIC,    24, -4.820609904122e-01, 1.207708236972e-06, 6.4728e+01, 1.6295e+00, 
*/mnt/lustre/mathdugre/fast-interpolate/datasets/ds004513/derivatives/flint/antsRegistration/binary64/sub-s003/Stage1_level3_Iter0025.nii.gz
2DIAGNOSTIC,    25, -4.820594454891e-01, 1.185840562239e-06, 6.6354e+01, 1.6252e+00, 
*/mnt/lustre/mathdugre/fast-interpolate/datasets/ds004513/derivatives/flint/antsRegistration/binary64/sub-s003/Stage1_level3_Iter0026.nii.gz
