
##########################
# Experiment information #
##########################

EXPERIMENT_NAME: binary64
VFC_BACKENDS: libinterflop_ieee.so

SIF_IMG: /mnt/lustre/mathdugre/containers/ants-vprec-no_metric.simg

SUBJECT_ID: s025
INPUT_IMG: /mnt/lustre/mathdugre/fast-interpolate/datasets/ds004513/derivatives/flint/antsBrainExtraction/sub-s025/BrainExtractionBrain.nii.gz
OUTPUT_DIR: /mnt/lustre/mathdugre/fast-interpolate/datasets/ds004513/derivatives/flint/antsRegistration/binary64/sub-s025

FIXED_IMG: /templateflow/tpl-MNI152NLin2009cAsym/tpl-MNI152NLin2009cAsym_res-01_desc-brain_T1w.nii.gz
DATA_DIR: /mnt/lustre/mathdugre/fast-interpolate/datasets/ds004513
TEMPLATEFLOW_DIR: /home/mathdugre/.cache/templateflow
ITK_GLOBAL_DEFAULT_NUMBER_OF_THREADS: 4
##########################

Info [verificarlo]: loaded backend libinterflop_ieee.so
Info [interflop-ieee]: load backend with:
Info [interflop-ieee]: debug = false
Info [interflop-ieee]: debug-binary = false
Info [interflop-ieee]: no-backend-name = false
Info [interflop-ieee]: print-new-line = false
Info [interflop-ieee]: print-subnormal-normalized = false
Info [interflop-ieee]: count-op = false
All_Command_lines_OK
Using double precision for computations.
=============================================================================
The composite transform comprises the following transforms (in order): 
  1. Center of mass alignment using fixed image: /templateflow/tpl-MNI152NLin2009cAsym/tpl-MNI152NLin2009cAsym_res-01_desc-brain_T1w.nii.gz and moving image: /mnt/lustre/mathdugre/fast-interpolate/datasets/ds004513/derivatives/flint/antsBrainExtraction/sub-s025/BrainExtractionBrain.nii.gz (type = Euler3DTransform)
=============================================================================
  number of levels = 4
  number of levels = 4
  number of levels = 4
  fixed image: /templateflow/tpl-MNI152NLin2009cAsym/tpl-MNI152NLin2009cAsym_res-01_desc-brain_T1w.nii.gz
  moving image: /mnt/lustre/mathdugre/fast-interpolate/datasets/ds004513/derivatives/flint/antsBrainExtraction/sub-s025/BrainExtractionBrain.nii.gz
  fixed image: /templateflow/tpl-MNI152NLin2009cAsym/tpl-MNI152NLin2009cAsym_res-01_desc-brain_T1w.nii.gz
  moving image: /mnt/lustre/mathdugre/fast-interpolate/datasets/ds004513/derivatives/flint/antsBrainExtraction/sub-s025/BrainExtractionBrain.nii.gz
  fixed image: /templateflow/tpl-MNI152NLin2009cAsym/tpl-MNI152NLin2009cAsym_res-01_desc-brain_T1w.nii.gz
  moving image: /mnt/lustre/mathdugre/fast-interpolate/datasets/ds004513/derivatives/flint/antsBrainExtraction/sub-s025/BrainExtractionBrain.nii.gz
Dimension = 3
Number of stages = 3
Use histogram matching = false
Winsorize image intensities = true
  Lower quantile = 0.005
  Upper quantile = 0.995


Stage 1 State
   Image metric = MattesMI
     Fixed image = Image (0x46cfe80)
  RTTI typeinfo:   itk::Image<double, 3u>
  Reference Count: 2
  Modified Time: 2389
  Debug: Off
  Object Name: 
  Observers: 
    none
  Source: (none)
  Source output name: (none)
  Release Data: Off
  Data Released: False
  Global Release Data: Off
  PipelineMTime: 0
  UpdateMTime: 1998
  RealTimeStamp: 0 seconds 
  LargestPossibleRegion: 
    Dimension: 3
    Index: [0, 0, 0]
    Size: [193, 229, 193]
  BufferedRegion: 
    Dimension: 3
    Index: [0, 0, 0]
    Size: [193, 229, 193]
  RequestedRegion: 
    Dimension: 3
    Index: [0, 0, 0]
    Size: [193, 229, 193]
  Spacing: [1, 1, 1]
  Origin: [96, 132, -78]
  Direction: 
-1 0 0
0 -1 0
0 0 1

  IndexToPointMatrix: 
-1 0 0
0 -1 0
0 0 1

  PointToIndexMatrix: 
-1 0 0
0 -1 0
0 0 1

  Inverse Direction: 
-1 0 0
0 -1 0
0 0 1

  PixelContainer: 
    ImportImageContainer (0x47247b0)
      RTTI typeinfo:   itk::ImportImageContainer<unsigned long, double>
      Reference Count: 1
      Modified Time: 1995
      Debug: Off
      Object Name: 
      Observers: 
        none
      Pointer: 0x7f374e880010
      Container manages memory: true
      Size: 8530021
      Capacity: 8530021

     Moving image = Image (0x46d1490)
  RTTI typeinfo:   itk::Image<double, 3u>
  Reference Count: 2
  Modified Time: 2390
  Debug: Off
  Object Name: 
  Observers: 
    none
  Source: (none)
  Source output name: (none)
  Release Data: Off
  Data Released: False
  Global Release Data: Off
  PipelineMTime: 0
  UpdateMTime: 2387
  RealTimeStamp: 0 seconds 
  LargestPossibleRegion: 
    Dimension: 3
    Index: [0, 0, 0]
    Size: [176, 240, 256]
  BufferedRegion: 
    Dimension: 3
    Index: [0, 0, 0]
    Size: [176, 240, 256]
  RequestedRegion: 
    Dimension: 3
    Index: [0, 0, 0]
    Size: [176, 240, 256]
  Spacing: [0.999999, 1, 1]
  Origin: [90.3778, 84.5091, -154.071]
  Direction: 
-0.999391 7.48184e-06 -0.0348969
-7.47664e-06 -1 -2.7953e-07
-0.0348969 -1.84481e-08 0.999391

  IndexToPointMatrix: 
-0.99939 7.48184e-06 -0.0348969
-7.47663e-06 -1 -2.7953e-07
-0.0348968 -1.84481e-08 0.999391

  PointToIndexMatrix: 
-0.999392 -7.47665e-06 -0.0348969
7.48184e-06 -1 -1.84481e-08
-0.0348969 -2.7953e-07 0.999391

  Inverse Direction: 
-0.999391 -7.47664e-06 -0.0348969
7.48184e-06 -1 -1.84481e-08
-0.0348969 -2.7953e-07 0.999391

  PixelContainer: 
    ImportImageContainer (0x4707f10)
      RTTI typeinfo:   itk::ImportImageContainer<unsigned long, double>
      Reference Count: 1
      Modified Time: 2384
      Debug: Off
      Object Name: 
      Observers: 
        none
      Pointer: 0x7f37495ff010
      Container manages memory: true
      Size: 10813440
      Capacity: 10813440

     Weighting = 1
     Sampling strategy = regular
     Number of bins = 32
     Radius = 4
     Sampling percentage  = 0.25
   Transform = Rigid
     Gradient step = 0.1
     Update field sigma (voxel space) = 0
     Total field sigma (voxel space) = 0
     Update field time sigma = 0
     Total field time sigma  = 0
     Number of time indices = 0
     Number of time point samples = 0
Stage 2 State
   Image metric = MattesMI
     Fixed image = Image (0x46d1b90)
  RTTI typeinfo:   itk::Image<double, 3u>
  Reference Count: 2
  Modified Time: 3167
  Debug: Off
  Object Name: 
  Observers: 
    none
  Source: (none)
  Source output name: (none)
  Release Data: Off
  Data Released: False
  Global Release Data: Off
  PipelineMTime: 0
  UpdateMTime: 2776
  RealTimeStamp: 0 seconds 
  LargestPossibleRegion: 
    Dimension: 3
    Index: [0, 0, 0]
    Size: [193, 229, 193]
  BufferedRegion: 
    Dimension: 3
    Index: [0, 0, 0]
    Size: [193, 229, 193]
  RequestedRegion: 
    Dimension: 3
    Index: [0, 0, 0]
    Size: [193, 229, 193]
  Spacing: [1, 1, 1]
  Origin: [96, 132, -78]
  Direction: 
-1 0 0
0 -1 0
0 0 1

  IndexToPointMatrix: 
-1 0 0
0 -1 0
0 0 1

  PointToIndexMatrix: 
-1 0 0
0 -1 0
0 0 1

  Inverse Direction: 
-1 0 0
0 -1 0
0 0 1

  PixelContainer: 
    ImportImageContainer (0x46dfdf0)
      RTTI typeinfo:   itk::ImportImageContainer<unsigned long, double>
      Reference Count: 1
      Modified Time: 2773
      Debug: Off
      Object Name: 
      Observers: 
        none
      Pointer: 0x7f37454ea010
      Container manages memory: true
      Size: 8530021
      Capacity: 8530021

     Moving image = Image (0x4726380)
  RTTI typeinfo:   itk::Image<double, 3u>
  Reference Count: 2
  Modified Time: 3168
  Debug: Off
  Object Name: 
  Observers: 
    none
  Source: (none)
  Source output name: (none)
  Release Data: Off
  Data Released: False
  Global Release Data: Off
  PipelineMTime: 0
  UpdateMTime: 3165
  RealTimeStamp: 0 seconds 
  LargestPossibleRegion: 
    Dimension: 3
    Index: [0, 0, 0]
    Size: [176, 240, 256]
  BufferedRegion: 
    Dimension: 3
    Index: [0, 0, 0]
    Size: [176, 240, 256]
  RequestedRegion: 
    Dimension: 3
    Index: [0, 0, 0]
    Size: [176, 240, 256]
  Spacing: [0.999999, 1, 1]
  Origin: [90.3778, 84.5091, -154.071]
  Direction: 
-0.999391 7.48184e-06 -0.0348969
-7.47664e-06 -1 -2.7953e-07
-0.0348969 -1.84481e-08 0.999391

  IndexToPointMatrix: 
-0.99939 7.48184e-06 -0.0348969
-7.47663e-06 -1 -2.7953e-07
-0.0348968 -1.84481e-08 0.999391

  PointToIndexMatrix: 
-0.999392 -7.47665e-06 -0.0348969
7.48184e-06 -1 -1.84481e-08
-0.0348969 -2.7953e-07 0.999391

  Inverse Direction: 
-0.999391 -7.47664e-06 -0.0348969
7.48184e-06 -1 -1.84481e-08
-0.0348969 -2.7953e-07 0.999391

  PixelContainer: 
    ImportImageContainer (0x475a390)
      RTTI typeinfo:   itk::ImportImageContainer<unsigned long, double>
      Reference Count: 1
      Modified Time: 3162
      Debug: Off
      Object Name: 
      Observers: 
        none
      Pointer: 0x7f3740269010
      Container manages memory: true
      Size: 10813440
      Capacity: 10813440

     Weighting = 1
     Sampling strategy = regular
     Number of bins = 32
     Radius = 4
     Sampling percentage  = 0.25
   Transform = Affine
     Gradient step = 0.1
     Update field sigma (voxel space) = 0
     Total field sigma (voxel space) = 0
     Update field time sigma = 0
     Total field time sigma  = 0
     Number of time indices = 0
     Number of time point samples = 0
Stage 3 State
   Image metric = CC
     Fixed image = Image (0x4730ae0)
  RTTI typeinfo:   itk::Image<double, 3u>
  Reference Count: 2
  Modified Time: 3945
  Debug: Off
  Object Name: 
  Observers: 
    none
  Source: (none)
  Source output name: (none)
  Release Data: Off
  Data Released: False
  Global Release Data: Off
  PipelineMTime: 0
  UpdateMTime: 3554
  RealTimeStamp: 0 seconds 
  LargestPossibleRegion: 
    Dimension: 3
    Index: [0, 0, 0]
    Size: [193, 229, 193]
  BufferedRegion: 
    Dimension: 3
    Index: [0, 0, 0]
    Size: [193, 229, 193]
  RequestedRegion: 
    Dimension: 3
    Index: [0, 0, 0]
    Size: [193, 229, 193]
  Spacing: [1, 1, 1]
  Origin: [96, 132, -78]
  Direction: 
-1 0 0
0 -1 0
0 0 1

  IndexToPointMatrix: 
-1 0 0
0 -1 0
0 0 1

  PointToIndexMatrix: 
-1 0 0
0 -1 0
0 0 1

  Inverse Direction: 
-1 0 0
0 -1 0
0 0 1

  PixelContainer: 
    ImportImageContainer (0x47da510)
      RTTI typeinfo:   itk::ImportImageContainer<unsigned long, double>
      Reference Count: 1
      Modified Time: 3551
      Debug: Off
      Object Name: 
      Observers: 
        none
      Pointer: 0x7f373c154010
      Container manages memory: true
      Size: 8530021
      Capacity: 8530021

     Moving image = Image (0x4707be0)
  RTTI typeinfo:   itk::Image<double, 3u>
  Reference Count: 2
  Modified Time: 3946
  Debug: Off
  Object Name: 
  Observers: 
    none
  Source: (none)
  Source output name: (none)
  Release Data: Off
  Data Released: False
  Global Release Data: Off
  PipelineMTime: 0
  UpdateMTime: 3943
  RealTimeStamp: 0 seconds 
  LargestPossibleRegion: 
    Dimension: 3
    Index: [0, 0, 0]
    Size: [176, 240, 256]
  BufferedRegion: 
    Dimension: 3
    Index: [0, 0, 0]
    Size: [176, 240, 256]
  RequestedRegion: 
    Dimension: 3
    Index: [0, 0, 0]
    Size: [176, 240, 256]
  Spacing: [0.999999, 1, 1]
  Origin: [90.3778, 84.5091, -154.071]
  Direction: 
-0.999391 7.48184e-06 -0.0348969
-7.47664e-06 -1 -2.7953e-07
-0.0348969 -1.84481e-08 0.999391

  IndexToPointMatrix: 
-0.99939 7.48184e-06 -0.0348969
-7.47663e-06 -1 -2.7953e-07
-0.0348968 -1.84481e-08 0.999391

  PointToIndexMatrix: 
-0.999392 -7.47665e-06 -0.0348969
7.48184e-06 -1 -1.84481e-08
-0.0348969 -2.7953e-07 0.999391

  Inverse Direction: 
-0.999391 -7.47664e-06 -0.0348969
7.48184e-06 -1 -1.84481e-08
-0.0348969 -2.7953e-07 0.999391

  PixelContainer: 
    ImportImageContainer (0x477a410)
      RTTI typeinfo:   itk::ImportImageContainer<unsigned long, double>
      Reference Count: 1
      Modified Time: 3940
      Debug: Off
      Object Name: 
      Observers: 
        none
      Pointer: 0x7f3736ed3010
      Container manages memory: true
      Size: 10813440
      Capacity: 10813440

     Weighting = 1
     Sampling strategy = none
     Number of bins = 32
     Radius = 4
     Sampling percentage  = 1
   Transform = SyN
     Gradient step = 0.1
     Update field sigma (voxel space) = 3
     Total field sigma (voxel space) = 0
     Update field time sigma = 0
     Total field time sigma  = 0
     Number of time indices = 0
     Number of time point samples = 0
Registration using 3 total stages.

Stage 0
  iterations = 1000x500x250x100
  convergence threshold = 1e-06
  convergence window size = 10
  number of levels = 4
  using the Mattes MI metric (number of bins = 32, weight = 1, use gradient filter = 0)
  preprocessing:  winsorizing the image intensities
  Shrink factors (level 1 out of 4): [8, 8, 8]
  Shrink factors (level 2 out of 4): [4, 4, 4]
  Shrink factors (level 3 out of 4): [2, 2, 2]
  Shrink factors (level 4 out of 4): [1, 1, 1]
  smoothing sigmas per level: [3, 2, 1, 0]
  regular sampling (percentage = 0.25)

*** Running Euler3DTransform registration ***

DIAGNOSTIC,Iteration,metricValue,convergenceValue,ITERATION_TIME_INDEX,SINCE_LAST
*/mnt/lustre/mathdugre/fast-interpolate/datasets/ds004513/derivatives/flint/antsRegistration/binary64/sub-s025/Stage1_level1_Iter0001.nii.gz
2DIAGNOSTIC,     1, -5.322954715085e-01, 1.797693134862e+308, 5.3399e+00, 5.3399e+00, 
*/mnt/lustre/mathdugre/fast-interpolate/datasets/ds004513/derivatives/flint/antsRegistration/binary64/sub-s025/Stage1_level1_Iter0002.nii.gz
2DIAGNOSTIC,     2, -5.345123933423e-01, 1.797693134862e+308, 5.3681e+00, 2.8157e-02, 
*/mnt/lustre/mathdugre/fast-interpolate/datasets/ds004513/derivatives/flint/antsRegistration/binary64/sub-s025/Stage1_level1_Iter0003.nii.gz
2DIAGNOSTIC,     3, -5.376851931240e-01, 1.797693134862e+308, 5.3951e+00, 2.7007e-02, 
*/mnt/lustre/mathdugre/fast-interpolate/datasets/ds004513/derivatives/flint/antsRegistration/binary64/sub-s025/Stage1_level1_Iter0004.nii.gz
2DIAGNOSTIC,     4, -5.420413030905e-01, 1.797693134862e+308, 5.4224e+00, 2.7255e-02, 
*/mnt/lustre/mathdugre/fast-interpolate/datasets/ds004513/derivatives/flint/antsRegistration/binary64/sub-s025/Stage1_level1_Iter0005.nii.gz
2DIAGNOSTIC,     5, -5.484937011711e-01, 1.797693134862e+308, 5.4502e+00, 2.7880e-02, 
*/mnt/lustre/mathdugre/fast-interpolate/datasets/ds004513/derivatives/flint/antsRegistration/binary64/sub-s025/Stage1_level1_Iter0006.nii.gz
2DIAGNOSTIC,     6, -5.542435981377e-01, 1.797693134862e+308, 5.4781e+00, 2.7906e-02, 
*/mnt/lustre/mathdugre/fast-interpolate/datasets/ds004513/derivatives/flint/antsRegistration/binary64/sub-s025/Stage1_level1_Iter0007.nii.gz
2DIAGNOSTIC,     7, -5.627497435499e-01, 1.797693134862e+308, 5.5062e+00, 2.8101e-02, 
*/mnt/lustre/mathdugre/fast-interpolate/datasets/ds004513/derivatives/flint/antsRegistration/binary64/sub-s025/Stage1_level1_Iter0008.nii.gz
2DIAGNOSTIC,     8, -5.759000055420e-01, 1.797693134862e+308, 5.5337e+00, 2.7468e-02, 
*/mnt/lustre/mathdugre/fast-interpolate/datasets/ds004513/derivatives/flint/antsRegistration/binary64/sub-s025/Stage1_level1_Iter0009.nii.gz
2DIAGNOSTIC,     9, -5.869003815424e-01, 1.797693134862e+308, 5.5640e+00, 3.0341e-02, 
*/mnt/lustre/mathdugre/fast-interpolate/datasets/ds004513/derivatives/flint/antsRegistration/binary64/sub-s025/Stage1_level1_Iter0010.nii.gz
2DIAGNOSTIC,    10, -5.958720213313e-01, 7.492301753469e-03, 5.6031e+00, 3.9029e-02, 
*/mnt/lustre/mathdugre/fast-interpolate/datasets/ds004513/derivatives/flint/antsRegistration/binary64/sub-s025/Stage1_level1_Iter0011.nii.gz
2DIAGNOSTIC,    11, -5.989313399778e-01, 7.417114133472e-03, 5.6402e+00, 3.7109e-02, 
*/mnt/lustre/mathdugre/fast-interpolate/datasets/ds004513/derivatives/flint/antsRegistration/binary64/sub-s025/Stage1_level1_Iter0012.nii.gz
2DIAGNOSTIC,    12, -6.006693138350e-01, 6.860680814476e-03, 5.6680e+00, 2.7850e-02, 
*/mnt/lustre/mathdugre/fast-interpolate/datasets/ds004513/derivatives/flint/antsRegistration/binary64/sub-s025/Stage1_level1_Iter0013.nii.gz
2DIAGNOSTIC,    13, -6.059312166538e-01, 6.095221740675e-03, 5.6963e+00, 2.8291e-02, 
*/mnt/lustre/mathdugre/fast-interpolate/datasets/ds004513/derivatives/flint/antsRegistration/binary64/sub-s025/Stage1_level1_Iter0014.nii.gz
2DIAGNOSTIC,    14, -6.097047022513e-01, 5.170685960739e-03, 5.7253e+00, 2.8966e-02, 
*/mnt/lustre/mathdugre/fast-interpolate/datasets/ds004513/derivatives/flint/antsRegistration/binary64/sub-s025/Stage1_level1_Iter0015.nii.gz
2DIAGNOSTIC,    15, -6.118528313187e-01, 4.188696751772e-03, 5.7547e+00, 2.9434e-02, 
*/mnt/lustre/mathdugre/fast-interpolate/datasets/ds004513/derivatives/flint/antsRegistration/binary64/sub-s025/Stage1_level1_Iter0016.nii.gz
2DIAGNOSTIC,    16, -6.266537106589e-01, 3.585531468588e-03, 5.7861e+00, 3.1350e-02, 
*/mnt/lustre/mathdugre/fast-interpolate/datasets/ds004513/derivatives/flint/antsRegistration/binary64/sub-s025/Stage1_level1_Iter0017.nii.gz
2DIAGNOSTIC,    17, -6.312459632773e-01, 3.093067001291e-03, 5.8174e+00, 3.1283e-02, 
*/mnt/lustre/mathdugre/fast-interpolate/datasets/ds004513/derivatives/flint/antsRegistration/binary64/sub-s025/Stage1_level1_Iter0018.nii.gz
2DIAGNOSTIC,    18, -6.334236730584e-01, 2.785552255000e-03, 5.8522e+00, 3.4870e-02, 
*/mnt/lustre/mathdugre/fast-interpolate/datasets/ds004513/derivatives/flint/antsRegistration/binary64/sub-s025/Stage1_level1_Iter0019.nii.gz
2DIAGNOSTIC,    19, -6.430560203632e-01, 2.779829723020e-03, 5.8802e+00, 2.7955e-02, 
*/mnt/lustre/mathdugre/fast-interpolate/datasets/ds004513/derivatives/flint/antsRegistration/binary64/sub-s025/Stage1_level1_Iter0020.nii.gz
2DIAGNOSTIC,    20, -6.718657460886e-01, 3.415045435658e-03, 5.9166e+00, 3.6430e-02, 
*/mnt/lustre/mathdugre/fast-interpolate/datasets/ds004513/derivatives/flint/antsRegistration/binary64/sub-s025/Stage1_level1_Iter0021.nii.gz
2DIAGNOSTIC,    21, -6.819936817116e-01, 3.943288549123e-03, 5.9564e+00, 3.9767e-02, 
*/mnt/lustre/mathdugre/fast-interpolate/datasets/ds004513/derivatives/flint/antsRegistration/binary64/sub-s025/Stage1_level1_Iter0022.nii.gz
2DIAGNOSTIC,    22, -6.843131639763e-01, 4.138134710557e-03, 5.9837e+00, 2.7338e-02, 
*/mnt/lustre/mathdugre/fast-interpolate/datasets/ds004513/derivatives/flint/antsRegistration/binary64/sub-s025/Stage1_level1_Iter0023.nii.gz
2DIAGNOSTIC,    23, -6.929225173496e-01, 4.223209385364e-03, 6.0110e+00, 2.7236e-02, 
*/mnt/lustre/mathdugre/fast-interpolate/datasets/ds004513/derivatives/flint/antsRegistration/binary64/sub-s025/Stage1_level1_Iter0024.nii.gz
2DIAGNOSTIC,    24, -6.990657818693e-01, 4.096047122676e-03, 6.0396e+00, 2.8643e-02, 
*/mnt/lustre/mathdugre/fast-interpolate/datasets/ds004513/derivatives/flint/antsRegistration/binary64/sub-s025/Stage1_level1_Iter0025.nii.gz
2DIAGNOSTIC,    25, -7.011994965158e-01, 3.660316648379e-03, 6.0678e+00, 2.8199e-02, 
*/mnt/lustre/mathdugre/fast-interpolate/datasets/ds004513/derivatives/flint/antsRegistration/binary64/sub-s025/Stage1_level1_Iter0026.nii.gz
2DIAGNOSTIC,    26, -7.032019635635e-01, 3.217947497248e-03, 6.0945e+00, 2.6722e-02, 
*/mnt/lustre/mathdugre/fast-interpolate/datasets/ds004513/derivatives/flint/antsRegistration/binary64/sub-s025/Stage1_level1_Iter0027.nii.gz
2DIAGNOSTIC,    27, -7.077235814237e-01, 2.674427361855e-03, 6.1296e+00, 3.5072e-02, 
*/mnt/lustre/mathdugre/fast-interpolate/datasets/ds004513/derivatives/flint/antsRegistration/binary64/sub-s025/Stage1_level1_Iter0028.nii.gz
2DIAGNOSTIC,    28, -7.206384524394e-01, 2.169315164711e-03, 6.1607e+00, 3.1064e-02, 
*/mnt/lustre/mathdugre/fast-interpolate/datasets/ds004513/derivatives/flint/antsRegistration/binary64/sub-s025/Stage1_level1_Iter0029.nii.gz
2DIAGNOSTIC,    29, -7.228725683096e-01, 1.669580554394e-03, 6.1931e+00, 3.2403e-02, 
*/mnt/lustre/mathdugre/fast-interpolate/datasets/ds004513/derivatives/flint/antsRegistration/binary64/sub-s025/Stage1_level1_Iter0030.nii.gz
2DIAGNOSTIC,    30, -7.280898682866e-01, 1.563769317117e-03, 6.2207e+00, 2.7607e-02, 
*/mnt/lustre/mathdugre/fast-interpolate/datasets/ds004513/derivatives/flint/antsRegistration/binary64/sub-s025/Stage1_level1_Iter0031.nii.gz
2DIAGNOSTIC,    31, -7.333614668258e-01, 1.544273850507e-03, 6.2493e+00, 2.8639e-02, 
*/mnt/lustre/mathdugre/fast-interpolate/datasets/ds004513/derivatives/flint/antsRegistration/binary64/sub-s025/Stage1_level1_Iter0032.nii.gz
2DIAGNOSTIC,    32, -7.373217054088e-01, 1.463768701307e-03, 6.2826e+00, 3.3286e-02, 
*/mnt/lustre/mathdugre/fast-interpolate/datasets/ds004513/derivatives/flint/antsRegistration/binary64/sub-s025/Stage1_level1_Iter0033.nii.gz
2DIAGNOSTIC,    33, -7.416191698039e-01, 1.420386380882e-03, 6.3098e+00, 2.7171e-02, 
*/mnt/lustre/mathdugre/fast-interpolate/datasets/ds004513/derivatives/flint/antsRegistration/binary64/sub-s025/Stage1_level1_Iter0034.nii.gz
2DIAGNOSTIC,    34, -7.415845310214e-01, 1.324731030633e-03, 6.3434e+00, 3.3661e-02, 
*/mnt/lustre/mathdugre/fast-interpolate/datasets/ds004513/derivatives/flint/antsRegistration/binary64/sub-s025/Stage1_level1_Iter0035.nii.gz
2DIAGNOSTIC,    35, -7.468157273250e-01, 1.205364686011e-03, 6.3733e+00, 2.9918e-02, 
*/mnt/lustre/mathdugre/fast-interpolate/datasets/ds004513/derivatives/flint/antsRegistration/binary64/sub-s025/Stage1_level1_Iter0036.nii.gz
2DIAGNOSTIC,    36, -7.529370480159e-01, 1.076743400406e-03, 6.3994e+00, 2.6077e-02, 
*/mnt/lustre/mathdugre/fast-interpolate/datasets/ds004513/derivatives/flint/antsRegistration/binary64/sub-s025/Stage1_level1_Iter0037.nii.gz
2DIAGNOSTIC,    37, -7.572314375495e-01, 9.526476277313e-04, 6.4294e+00, 2.9971e-02, 
*/mnt/lustre/mathdugre/fast-interpolate/datasets/ds004513/derivatives/flint/antsRegistration/binary64/sub-s025/Stage1_level1_Iter0038.nii.gz
2DIAGNOSTIC,    38, -7.607282155682e-01, 9.341054347475e-04, 6.4730e+00, 4.3618e-02, 
*/mnt/lustre/mathdugre/fast-interpolate/datasets/ds004513/derivatives/flint/antsRegistration/binary64/sub-s025/Stage1_level1_Iter0039.nii.gz
2DIAGNOSTIC,    39, -7.608192909726e-01, 8.538802496983e-04, 6.4999e+00, 2.6891e-02, 
*/mnt/lustre/mathdugre/fast-interpolate/datasets/ds004513/derivatives/flint/antsRegistration/binary64/sub-s025/Stage1_level1_Iter0040.nii.gz
2DIAGNOSTIC,    40, -7.609729287455e-01, 7.548417390054e-04, 6.5289e+00, 2.8959e-02, 
*/mnt/lustre/mathdugre/fast-interpolate/datasets/ds004513/derivatives/flint/antsRegistration/binary64/sub-s025/Stage1_level1_Iter0041.nii.gz
2DIAGNOSTIC,    41, -7.611040581615e-01, 6.447985030577e-04, 6.5590e+00, 3.0155e-02, 
*/mnt/lustre/mathdugre/fast-interpolate/datasets/ds004513/derivatives/flint/antsRegistration/binary64/sub-s025/Stage1_level1_Iter0042.nii.gz
2DIAGNOSTIC,    42, -7.610560310159e-01, 5.179093579105e-04, 6.5900e+00, 3.0944e-02, 
*/mnt/lustre/mathdugre/fast-interpolate/datasets/ds004513/derivatives/flint/antsRegistration/binary64/sub-s025/Stage1_level1_Iter0043.nii.gz
2DIAGNOSTIC,    43, -7.610125470874e-01, 3.917115919022e-04, 6.6198e+00, 2.9834e-02, 
*/mnt/lustre/mathdugre/fast-interpolate/datasets/ds004513/derivatives/flint/antsRegistration/binary64/sub-s025/Stage1_level1_Iter0044.nii.gz
2DIAGNOSTIC,    44, -7.609321361104e-01, 2.335158153597e-04, 6.6473e+00, 2.7511e-02, 
*/mnt/lustre/mathdugre/fast-interpolate/datasets/ds004513/derivatives/flint/antsRegistration/binary64/sub-s025/Stage1_level1_Iter0045.nii.gz
2DIAGNOSTIC,    45, -7.608724581022e-01, 1.092269034500e-04, 6.6751e+00, 2.7789e-02, 
*/mnt/lustre/mathdugre/fast-interpolate/datasets/ds004513/derivatives/flint/antsRegistration/binary64/sub-s025/Stage1_level1_Iter0046.nii.gz
2DIAGNOSTIC,    46, -7.609631745290e-01, 3.708534346613e-05, 6.7032e+00, 2.8123e-02, 
*/mnt/lustre/mathdugre/fast-interpolate/datasets/ds004513/derivatives/flint/antsRegistration/binary64/sub-s025/Stage1_level1_Iter0047.nii.gz
2DIAGNOSTIC,    47, -7.611093178912e-01, 3.894903120413e-06, 6.7297e+00, 2.6497e-02, 
*/mnt/lustre/mathdugre/fast-interpolate/datasets/ds004513/derivatives/flint/antsRegistration/binary64/sub-s025/Stage1_level1_Iter0048.nii.gz
2DIAGNOSTIC,    48, -7.613036315938e-01, 4.300990683399e-06, 6.7717e+00, 4.1988e-02, 
*/mnt/lustre/mathdugre/fast-interpolate/datasets/ds004513/derivatives/flint/antsRegistration/binary64/sub-s025/Stage1_level1_Iter0049.nii.gz
2DIAGNOSTIC,    49, -7.614514847163e-01, 6.358889638965e-06, 6.8017e+00, 2.9974e-02, 
*/mnt/lustre/mathdugre/fast-interpolate/datasets/ds004513/derivatives/flint/antsRegistration/binary64/sub-s025/Stage1_level1_Iter0050.nii.gz
2DIAGNOSTIC,    50, -7.612345153246e-01, 7.226122574044e-06, 6.8293e+00, 2.7615e-02, 
*/mnt/lustre/mathdugre/fast-interpolate/datasets/ds004513/derivatives/flint/antsRegistration/binary64/sub-s025/Stage1_level1_Iter0051.nii.gz
2DIAGNOSTIC,    51, -7.610318388310e-01, 6.918897904166e-06, 6.8571e+00, 2.7837e-02, 
*/mnt/lustre/mathdugre/fast-interpolate/datasets/ds004513/derivatives/flint/antsRegistration/binary64/sub-s025/Stage1_level1_Iter0052.nii.gz
2DIAGNOSTIC,    52, -7.609721392385e-01, 5.177165602763e-06, 6.8871e+00, 2.9939e-02, 
*/mnt/lustre/mathdugre/fast-interpolate/datasets/ds004513/derivatives/flint/antsRegistration/binary64/sub-s025/Stage1_level1_Iter0053.nii.gz
2DIAGNOSTIC,    53, -7.610543262576e-01, 3.337900492208e-06, 6.9173e+00, 3.0253e-02, 
DIAGNOSTIC,Iteration,metricValue,convergenceValue,ITERATION_TIME_INDEX,SINCE_LAST
*/mnt/lustre/mathdugre/fast-interpolate/datasets/ds004513/derivatives/flint/antsRegistration/binary64/sub-s025/Stage1_level2_Iter0001.nii.gz
2DIAGNOSTIC,     1, -6.035919420922e-01, 1.797693134862e+308, 1.2293e+01, 5.3752e+00, 
*/mnt/lustre/mathdugre/fast-interpolate/datasets/ds004513/derivatives/flint/antsRegistration/binary64/sub-s025/Stage1_level2_Iter0002.nii.gz
2DIAGNOSTIC,     2, -6.045875595912e-01, 1.797693134862e+308, 1.2479e+01, 1.8620e-01, 
*/mnt/lustre/mathdugre/fast-interpolate/datasets/ds004513/derivatives/flint/antsRegistration/binary64/sub-s025/Stage1_level2_Iter0003.nii.gz
2DIAGNOSTIC,     3, -6.056284183589e-01, 1.797693134862e+308, 1.2667e+01, 1.8870e-01, 
*/mnt/lustre/mathdugre/fast-interpolate/datasets/ds004513/derivatives/flint/antsRegistration/binary64/sub-s025/Stage1_level2_Iter0004.nii.gz
2DIAGNOSTIC,     4, -6.067750123485e-01, 1.797693134862e+308, 1.2855e+01, 1.8742e-01, 
*/mnt/lustre/mathdugre/fast-interpolate/datasets/ds004513/derivatives/flint/antsRegistration/binary64/sub-s025/Stage1_level2_Iter0005.nii.gz
2DIAGNOSTIC,     5, -6.078033190812e-01, 1.797693134862e+308, 1.3042e+01, 1.8702e-01, 
*/mnt/lustre/mathdugre/fast-interpolate/datasets/ds004513/derivatives/flint/antsRegistration/binary64/sub-s025/Stage1_level2_Iter0006.nii.gz
2DIAGNOSTIC,     6, -6.090292778097e-01, 1.797693134862e+308, 1.3228e+01, 1.8632e-01, 
*/mnt/lustre/mathdugre/fast-interpolate/datasets/ds004513/derivatives/flint/antsRegistration/binary64/sub-s025/Stage1_level2_Iter0007.nii.gz
2DIAGNOSTIC,     7, -6.113113268500e-01, 1.797693134862e+308, 1.3414e+01, 1.8546e-01, 
*/mnt/lustre/mathdugre/fast-interpolate/datasets/ds004513/derivatives/flint/antsRegistration/binary64/sub-s025/Stage1_level2_Iter0008.nii.gz
2DIAGNOSTIC,     8, -6.161765078454e-01, 1.797693134862e+308, 1.3621e+01, 2.0709e-01, 
*/mnt/lustre/mathdugre/fast-interpolate/datasets/ds004513/derivatives/flint/antsRegistration/binary64/sub-s025/Stage1_level2_Iter0009.nii.gz
2DIAGNOSTIC,     9, -6.166373752306e-01, 1.797693134862e+308, 1.3829e+01, 2.0849e-01, 
*/mnt/lustre/mathdugre/fast-interpolate/datasets/ds004513/derivatives/flint/antsRegistration/binary64/sub-s025/Stage1_level2_Iter0010.nii.gz
2DIAGNOSTIC,    10, -6.169993423365e-01, 1.571878848298e-03, 1.4039e+01, 2.0941e-01, 
*/mnt/lustre/mathdugre/fast-interpolate/datasets/ds004513/derivatives/flint/antsRegistration/binary64/sub-s025/Stage1_level2_Iter0011.nii.gz
2DIAGNOSTIC,    11, -6.186110644134e-01, 1.490872365221e-03, 1.4268e+01, 2.2953e-01, 
*/mnt/lustre/mathdugre/fast-interpolate/datasets/ds004513/derivatives/flint/antsRegistration/binary64/sub-s025/Stage1_level2_Iter0012.nii.gz
2DIAGNOSTIC,    12, -6.198593054975e-01, 1.373279155717e-03, 1.4455e+01, 1.8725e-01, 
*/mnt/lustre/mathdugre/fast-interpolate/datasets/ds004513/derivatives/flint/antsRegistration/binary64/sub-s025/Stage1_level2_Iter0013.nii.gz
2DIAGNOSTIC,    13, -6.208395988089e-01, 1.218740350922e-03, 1.4664e+01, 2.0892e-01, 
*/mnt/lustre/mathdugre/fast-interpolate/datasets/ds004513/derivatives/flint/antsRegistration/binary64/sub-s025/Stage1_level2_Iter0014.nii.gz
2DIAGNOSTIC,    14, -6.212470493215e-01, 1.027922621132e-03, 1.4874e+01, 2.0919e-01, 
*/mnt/lustre/mathdugre/fast-interpolate/datasets/ds004513/derivatives/flint/antsRegistration/binary64/sub-s025/Stage1_level2_Iter0015.nii.gz
2DIAGNOSTIC,    15, -6.214224843695e-01, 8.089155323971e-04, 1.5079e+01, 2.0594e-01, 
*/mnt/lustre/mathdugre/fast-interpolate/datasets/ds004513/derivatives/flint/antsRegistration/binary64/sub-s025/Stage1_level2_Iter0016.nii.gz
2DIAGNOSTIC,    16, -6.215238307985e-01, 5.816191643524e-04, 1.5356e+01, 2.7690e-01, 
*/mnt/lustre/mathdugre/fast-interpolate/datasets/ds004513/derivatives/flint/antsRegistration/binary64/sub-s025/Stage1_level2_Iter0017.nii.gz
2DIAGNOSTIC,    17, -6.215381376326e-01, 3.863843563270e-04, 1.5586e+01, 2.2938e-01, 
*/mnt/lustre/mathdugre/fast-interpolate/datasets/ds004513/derivatives/flint/antsRegistration/binary64/sub-s025/Stage1_level2_Iter0018.nii.gz
2DIAGNOSTIC,    18, -6.215322025175e-01, 3.023546909375e-04, 1.5794e+01, 2.0854e-01, 
*/mnt/lustre/mathdugre/fast-interpolate/datasets/ds004513/derivatives/flint/antsRegistration/binary64/sub-s025/Stage1_level2_Iter0019.nii.gz
2DIAGNOSTIC,    19, -6.215170221340e-01, 2.107564330507e-04, 1.5983e+01, 1.8824e-01, 
*/mnt/lustre/mathdugre/fast-interpolate/datasets/ds004513/derivatives/flint/antsRegistration/binary64/sub-s025/Stage1_level2_Iter0020.nii.gz
2DIAGNOSTIC,    20, -6.215139468962e-01, 1.168297792746e-04, 1.6193e+01, 2.1020e-01, 
*/mnt/lustre/mathdugre/fast-interpolate/datasets/ds004513/derivatives/flint/antsRegistration/binary64/sub-s025/Stage1_level2_Iter0021.nii.gz
2DIAGNOSTIC,    21, -6.215231160674e-01, 5.639491450149e-05, 1.6402e+01, 2.0974e-01, 
*/mnt/lustre/mathdugre/fast-interpolate/datasets/ds004513/derivatives/flint/antsRegistration/binary64/sub-s025/Stage1_level2_Iter0022.nii.gz
2DIAGNOSTIC,    22, -6.215129214479e-01, 2.189819358876e-05, 1.6589e+01, 1.8639e-01, 
*/mnt/lustre/mathdugre/fast-interpolate/datasets/ds004513/derivatives/flint/antsRegistration/binary64/sub-s025/Stage1_level2_Iter0023.nii.gz
2DIAGNOSTIC,    23, -6.215650711081e-01, 9.069696125116e-06, 1.6798e+01, 2.0920e-01, 
*/mnt/lustre/mathdugre/fast-interpolate/datasets/ds004513/derivatives/flint/antsRegistration/binary64/sub-s025/Stage1_level2_Iter0024.nii.gz
2DIAGNOSTIC,    24, -6.215520075661e-01, 4.085219414696e-06, 1.7008e+01, 2.1003e-01, 
*/mnt/lustre/mathdugre/fast-interpolate/datasets/ds004513/derivatives/flint/antsRegistration/binary64/sub-s025/Stage1_level2_Iter0025.nii.gz
2DIAGNOSTIC,    25, -6.215664791514e-01, 2.710381803196e-06, 1.7195e+01, 1.8695e-01, 
*/mnt/lustre/mathdugre/fast-interpolate/datasets/ds004513/derivatives/flint/antsRegistration/binary64/sub-s025/Stage1_level2_Iter0026.nii.gz
2DIAGNOSTIC,    26, -6.216491647907e-01, 4.559296091701e-06, 1.7405e+01, 2.0993e-01, 
*/mnt/lustre/mathdugre/fast-interpolate/datasets/ds004513/derivatives/flint/antsRegistration/binary64/sub-s025/Stage1_level2_Iter0027.nii.gz
2DIAGNOSTIC,    27, -6.216413748735e-01, 6.025102406632e-06, 1.7614e+01, 2.0920e-01, 
*/mnt/lustre/mathdugre/fast-interpolate/datasets/ds004513/derivatives/flint/antsRegistration/binary64/sub-s025/Stage1_level2_Iter0028.nii.gz
2DIAGNOSTIC,    28, -6.216764263927e-01, 7.427963062162e-06, 1.7802e+01, 1.8823e-01, 
*/mnt/lustre/mathdugre/fast-interpolate/datasets/ds004513/derivatives/flint/antsRegistration/binary64/sub-s025/Stage1_level2_Iter0029.nii.gz
2DIAGNOSTIC,    29, -6.217063415114e-01, 8.378011971018e-06, 1.8034e+01, 2.3176e-01, 
*/mnt/lustre/mathdugre/fast-interpolate/datasets/ds004513/derivatives/flint/antsRegistration/binary64/sub-s025/Stage1_level2_Iter0030.nii.gz
2DIAGNOSTIC,    30, -6.217154133003e-01, 8.659473906020e-06, 1.8245e+01, 2.1119e-01, 
*/mnt/lustre/mathdugre/fast-interpolate/datasets/ds004513/derivatives/flint/antsRegistration/binary64/sub-s025/Stage1_level2_Iter0031.nii.gz
2DIAGNOSTIC,    31, -6.217133132126e-01, 8.308524855623e-06, 1.8501e+01, 2.5546e-01, 
*/mnt/lustre/mathdugre/fast-interpolate/datasets/ds004513/derivatives/flint/antsRegistration/binary64/sub-s025/Stage1_level2_Iter0032.nii.gz
2DIAGNOSTIC,    32, -6.216934254576e-01, 6.842466376972e-06, 1.8687e+01, 1.8598e-01, 
*/mnt/lustre/mathdugre/fast-interpolate/datasets/ds004513/derivatives/flint/antsRegistration/binary64/sub-s025/Stage1_level2_Iter0033.nii.gz
2DIAGNOSTIC,    33, -6.216862225485e-01, 5.565010229136e-06, 1.8873e+01, 1.8600e-01, 
*/mnt/lustre/mathdugre/fast-interpolate/datasets/ds004513/derivatives/flint/antsRegistration/binary64/sub-s025/Stage1_level2_Iter0034.nii.gz
2DIAGNOSTIC,    34, -6.217031504552e-01, 3.975406711078e-06, 1.9082e+01, 2.0880e-01, 
*/mnt/lustre/mathdugre/fast-interpolate/datasets/ds004513/derivatives/flint/antsRegistration/binary64/sub-s025/Stage1_level2_Iter0035.nii.gz
2DIAGNOSTIC,    35, -6.217208786853e-01, 2.571917769981e-06, 1.9271e+01, 1.8930e-01, 
*/mnt/lustre/mathdugre/fast-interpolate/datasets/ds004513/derivatives/flint/antsRegistration/binary64/sub-s025/Stage1_level2_Iter0036.nii.gz
2DIAGNOSTIC,    36, -6.217390507892e-01, 2.387347244181e-06, 1.9454e+01, 1.8315e-01, 
*/mnt/lustre/mathdugre/fast-interpolate/datasets/ds004513/derivatives/flint/antsRegistration/binary64/sub-s025/Stage1_level2_Iter0037.nii.gz
2DIAGNOSTIC,    37, -6.217336293986e-01, 1.904124923801e-06, 1.9663e+01, 2.0858e-01, 
*/mnt/lustre/mathdugre/fast-interpolate/datasets/ds004513/derivatives/flint/antsRegistration/binary64/sub-s025/Stage1_level2_Iter0038.nii.gz
2DIAGNOSTIC,    38, -6.217374494159e-01, 1.817779563939e-06, 1.9848e+01, 1.8549e-01, 
*/mnt/lustre/mathdugre/fast-interpolate/datasets/ds004513/derivatives/flint/antsRegistration/binary64/sub-s025/Stage1_level2_Iter0039.nii.gz
2DIAGNOSTIC,    39, -6.217055203899e-01, 1.609570408283e-06, 2.0057e+01, 2.0907e-01, 
*/mnt/lustre/mathdugre/fast-interpolate/datasets/ds004513/derivatives/flint/antsRegistration/binary64/sub-s025/Stage1_level2_Iter0040.nii.gz
2DIAGNOSTIC,    40, -6.217960802073e-01, 2.482605451527e-06, 2.0428e+01, 3.7060e-01, 
*/mnt/lustre/mathdugre/fast-interpolate/datasets/ds004513/derivatives/flint/antsRegistration/binary64/sub-s025/Stage1_level2_Iter0041.nii.gz
2DIAGNOSTIC,    41, -6.218015435177e-01, 3.161839704609e-06, 2.0658e+01, 2.3053e-01, 
*/mnt/lustre/mathdugre/fast-interpolate/datasets/ds004513/derivatives/flint/antsRegistration/binary64/sub-s025/Stage1_level2_Iter0042.nii.gz
2DIAGNOSTIC,    42, -6.218089482465e-01, 3.456884928057e-06, 2.0865e+01, 2.0644e-01, 
*/mnt/lustre/mathdugre/fast-interpolate/datasets/ds004513/derivatives/flint/antsRegistration/binary64/sub-s025/Stage1_level2_Iter0043.nii.gz
2DIAGNOSTIC,    43, -6.218078731064e-01, 3.407481978124e-06, 2.1097e+01, 2.3244e-01, 
*/mnt/lustre/mathdugre/fast-interpolate/datasets/ds004513/derivatives/flint/antsRegistration/binary64/sub-s025/Stage1_level2_Iter0044.nii.gz
2DIAGNOSTIC,    44, -6.218018623280e-01, 3.219799828567e-06, 2.1308e+01, 2.1087e-01, 
*/mnt/lustre/mathdugre/fast-interpolate/datasets/ds004513/derivatives/flint/antsRegistration/binary64/sub-s025/Stage1_level2_Iter0045.nii.gz
2DIAGNOSTIC,    45, -6.217851789823e-01, 2.795659422513e-06, 2.1494e+01, 1.8588e-01, 
*/mnt/lustre/mathdugre/fast-interpolate/datasets/ds004513/derivatives/flint/antsRegistration/binary64/sub-s025/Stage1_level2_Iter0046.nii.gz
2DIAGNOSTIC,    46, -6.217714490105e-01, 2.230937343382e-06, 2.1680e+01, 1.8593e-01, 
*/mnt/lustre/mathdugre/fast-interpolate/datasets/ds004513/derivatives/flint/antsRegistration/binary64/sub-s025/Stage1_level2_Iter0047.nii.gz
2DIAGNOSTIC,    47, -6.217833349007e-01, 1.615571173973e-06, 2.1887e+01, 2.0711e-01, 
DIAGNOSTIC,Iteration,metricValue,convergenceValue,ITERATION_TIME_INDEX,SINCE_LAST
*/mnt/lustre/mathdugre/fast-interpolate/datasets/ds004513/derivatives/flint/antsRegistration/binary64/sub-s025/Stage1_level3_Iter0001.nii.gz
2DIAGNOSTIC,     1, -5.351004125483e-01, 1.797693134862e+308, 2.8830e+01, 6.9428e+00, 
*/mnt/lustre/mathdugre/fast-interpolate/datasets/ds004513/derivatives/flint/antsRegistration/binary64/sub-s025/Stage1_level3_Iter0002.nii.gz
2DIAGNOSTIC,     2, -5.353440154613e-01, 1.797693134862e+308, 3.0265e+01, 1.4350e+00, 
*/mnt/lustre/mathdugre/fast-interpolate/datasets/ds004513/derivatives/flint/antsRegistration/binary64/sub-s025/Stage1_level3_Iter0003.nii.gz
2DIAGNOSTIC,     3, -5.355062835124e-01, 1.797693134862e+308, 3.1668e+01, 1.4031e+00, 
*/mnt/lustre/mathdugre/fast-interpolate/datasets/ds004513/derivatives/flint/antsRegistration/binary64/sub-s025/Stage1_level3_Iter0004.nii.gz
2DIAGNOSTIC,     4, -5.356089773979e-01, 1.797693134862e+308, 3.3108e+01, 1.4406e+00, 
*/mnt/lustre/mathdugre/fast-interpolate/datasets/ds004513/derivatives/flint/antsRegistration/binary64/sub-s025/Stage1_level3_Iter0005.nii.gz
2DIAGNOSTIC,     5, -5.356599637206e-01, 1.797693134862e+308, 3.4525e+01, 1.4165e+00, 
*/mnt/lustre/mathdugre/fast-interpolate/datasets/ds004513/derivatives/flint/antsRegistration/binary64/sub-s025/Stage1_level3_Iter0006.nii.gz
2DIAGNOSTIC,     6, -5.359479382951e-01, 1.797693134862e+308, 3.6688e+01, 2.1632e+00, 
*/mnt/lustre/mathdugre/fast-interpolate/datasets/ds004513/derivatives/flint/antsRegistration/binary64/sub-s025/Stage1_level3_Iter0007.nii.gz
2DIAGNOSTIC,     7, -5.359767294404e-01, 1.797693134862e+308, 3.8886e+01, 2.1975e+00, 
*/mnt/lustre/mathdugre/fast-interpolate/datasets/ds004513/derivatives/flint/antsRegistration/binary64/sub-s025/Stage1_level3_Iter0008.nii.gz
2DIAGNOSTIC,     8, -5.359772389706e-01, 1.797693134862e+308, 4.0496e+01, 1.6105e+00, 
*/mnt/lustre/mathdugre/fast-interpolate/datasets/ds004513/derivatives/flint/antsRegistration/binary64/sub-s025/Stage1_level3_Iter0009.nii.gz
2DIAGNOSTIC,     9, -5.359764512343e-01, 1.797693134862e+308, 4.2107e+01, 1.6110e+00, 
*/mnt/lustre/mathdugre/fast-interpolate/datasets/ds004513/derivatives/flint/antsRegistration/binary64/sub-s025/Stage1_level3_Iter0010.nii.gz
2DIAGNOSTIC,    10, -5.359712578093e-01, 1.078703173536e-04, 4.3718e+01, 1.6105e+00, 
*/mnt/lustre/mathdugre/fast-interpolate/datasets/ds004513/derivatives/flint/antsRegistration/binary64/sub-s025/Stage1_level3_Iter0011.nii.gz
2DIAGNOSTIC,    11, -5.359681240579e-01, 7.239788419842e-05, 4.5337e+01, 1.6190e+00, 
*/mnt/lustre/mathdugre/fast-interpolate/datasets/ds004513/derivatives/flint/antsRegistration/binary64/sub-s025/Stage1_level3_Iter0012.nii.gz
2DIAGNOSTIC,    12, -5.359660515806e-01, 4.710253909918e-05, 4.6773e+01, 1.4360e+00, 
*/mnt/lustre/mathdugre/fast-interpolate/datasets/ds004513/derivatives/flint/antsRegistration/binary64/sub-s025/Stage1_level3_Iter0013.nii.gz
2DIAGNOSTIC,    13, -5.359640497635e-01, 2.831600295573e-05, 4.8373e+01, 1.6006e+00, 
*/mnt/lustre/mathdugre/fast-interpolate/datasets/ds004513/derivatives/flint/antsRegistration/binary64/sub-s025/Stage1_level3_Iter0014.nii.gz
2DIAGNOSTIC,    14, -5.359642445615e-01, 1.385754526742e-05, 4.9967e+01, 1.5936e+00, 
*/mnt/lustre/mathdugre/fast-interpolate/datasets/ds004513/derivatives/flint/antsRegistration/binary64/sub-s025/Stage1_level3_Iter0015.nii.gz
2DIAGNOSTIC,    15, -5.359621656359e-01, 1.721311039982e-06, 5.1590e+01, 1.6228e+00, 
DIAGNOSTIC,Iteration,metricValue,convergenceValue,ITERATION_TIME_INDEX,SINCE_LAST
*/mnt/lustre/mathdugre/fast-interpolate/datasets/ds004513/derivatives/flint/antsRegistration/binary64/sub-s025/Stage1_level4_Iter0001.nii.gz
2DIAGNOSTIC,     1, -4.896739250290e-01, 1.797693134862e+308, 6.7336e+01, 1.5746e+01, 
*/mnt/lustre/mathdugre/fast-interpolate/datasets/ds004513/derivatives/flint/antsRegistration/binary64/sub-s025/Stage1_level4_Iter0002.nii.gz
2DIAGNOSTIC,     2, -4.896794787506e-01, 1.797693134862e+308, 8.1090e+01, 1.3754e+01, 
*/mnt/lustre/mathdugre/fast-interpolate/datasets/ds004513/derivatives/flint/antsRegistration/binary64/sub-s025/Stage1_level4_Iter0003.nii.gz
2DIAGNOSTIC,     3, -4.896786933190e-01, 1.797693134862e+308, 9.6354e+01, 1.5265e+01, 
