
##########################
# Experiment information #
##########################

EXPERIMENT_NAME: binary64
VFC_BACKENDS: libinterflop_ieee.so

SIF_IMG: /mnt/lustre/mathdugre/containers/ants-vprec-no_metric.simg

SUBJECT_ID: s014
INPUT_IMG: /mnt/lustre/mathdugre/fast-interpolate/datasets/ds004513/derivatives/flint/antsBrainExtraction/sub-s014/BrainExtractionBrain.nii.gz
OUTPUT_DIR: /mnt/lustre/mathdugre/fast-interpolate/datasets/ds004513/derivatives/flint/antsRegistration/binary64/sub-s014

FIXED_IMG: /templateflow/tpl-MNI152NLin2009cAsym/tpl-MNI152NLin2009cAsym_res-01_desc-brain_T1w.nii.gz
DATA_DIR: /mnt/lustre/mathdugre/fast-interpolate/datasets/ds004513
TEMPLATEFLOW_DIR: /home/mathdugre/.cache/templateflow
ITK_GLOBAL_DEFAULT_NUMBER_OF_THREADS: 4
##########################

Info [verificarlo]: loaded backend libinterflop_ieee.so
Info [interflop-ieee]: load backend with:
Info [interflop-ieee]: debug = false
Info [interflop-ieee]: debug-binary = false
Info [interflop-ieee]: no-backend-name = false
Info [interflop-ieee]: print-new-line = false
Info [interflop-ieee]: print-subnormal-normalized = false
Info [interflop-ieee]: count-op = false
All_Command_lines_OK
Using double precision for computations.
=============================================================================
The composite transform comprises the following transforms (in order): 
  1. Center of mass alignment using fixed image: /templateflow/tpl-MNI152NLin2009cAsym/tpl-MNI152NLin2009cAsym_res-01_desc-brain_T1w.nii.gz and moving image: /mnt/lustre/mathdugre/fast-interpolate/datasets/ds004513/derivatives/flint/antsBrainExtraction/sub-s014/BrainExtractionBrain.nii.gz (type = Euler3DTransform)
=============================================================================
  number of levels = 4
  number of levels = 4
  number of levels = 4
  fixed image: /templateflow/tpl-MNI152NLin2009cAsym/tpl-MNI152NLin2009cAsym_res-01_desc-brain_T1w.nii.gz
  moving image: /mnt/lustre/mathdugre/fast-interpolate/datasets/ds004513/derivatives/flint/antsBrainExtraction/sub-s014/BrainExtractionBrain.nii.gz
  fixed image: /templateflow/tpl-MNI152NLin2009cAsym/tpl-MNI152NLin2009cAsym_res-01_desc-brain_T1w.nii.gz
  moving image: /mnt/lustre/mathdugre/fast-interpolate/datasets/ds004513/derivatives/flint/antsBrainExtraction/sub-s014/BrainExtractionBrain.nii.gz
  fixed image: /templateflow/tpl-MNI152NLin2009cAsym/tpl-MNI152NLin2009cAsym_res-01_desc-brain_T1w.nii.gz
  moving image: /mnt/lustre/mathdugre/fast-interpolate/datasets/ds004513/derivatives/flint/antsBrainExtraction/sub-s014/BrainExtractionBrain.nii.gz
Dimension = 3
Number of stages = 3
Use histogram matching = false
Winsorize image intensities = true
  Lower quantile = 0.005
  Upper quantile = 0.995


Stage 1 State
   Image metric = MattesMI
     Fixed image = Image (0x40d5e80)
  RTTI typeinfo:   itk::Image<double, 3u>
  Reference Count: 2
  Modified Time: 2389
  Debug: Off
  Object Name: 
  Observers: 
    none
  Source: (none)
  Source output name: (none)
  Release Data: Off
  Data Released: False
  Global Release Data: Off
  PipelineMTime: 0
  UpdateMTime: 1998
  RealTimeStamp: 0 seconds 
  LargestPossibleRegion: 
    Dimension: 3
    Index: [0, 0, 0]
    Size: [193, 229, 193]
  BufferedRegion: 
    Dimension: 3
    Index: [0, 0, 0]
    Size: [193, 229, 193]
  RequestedRegion: 
    Dimension: 3
    Index: [0, 0, 0]
    Size: [193, 229, 193]
  Spacing: [1, 1, 1]
  Origin: [96, 132, -78]
  Direction: 
-1 0 0
0 -1 0
0 0 1

  IndexToPointMatrix: 
-1 0 0
0 -1 0
0 0 1

  PointToIndexMatrix: 
-1 0 0
0 -1 0
0 0 1

  Inverse Direction: 
-1 0 0
0 -1 0
0 0 1

  PixelContainer: 
    ImportImageContainer (0x412a7b0)
      RTTI typeinfo:   itk::ImportImageContainer<unsigned long, double>
      Reference Count: 1
      Modified Time: 1995
      Debug: Off
      Object Name: 
      Observers: 
        none
      Pointer: 0x7f819cfb9010
      Container manages memory: true
      Size: 8530021
      Capacity: 8530021

     Moving image = Image (0x40d7b90)
  RTTI typeinfo:   itk::Image<double, 3u>
  Reference Count: 2
  Modified Time: 2390
  Debug: Off
  Object Name: 
  Observers: 
    none
  Source: (none)
  Source output name: (none)
  Release Data: Off
  Data Released: False
  Global Release Data: Off
  PipelineMTime: 0
  UpdateMTime: 2387
  RealTimeStamp: 0 seconds 
  LargestPossibleRegion: 
    Dimension: 3
    Index: [0, 0, 0]
    Size: [160, 240, 256]
  BufferedRegion: 
    Dimension: 3
    Index: [0, 0, 0]
    Size: [160, 240, 256]
  RequestedRegion: 
    Dimension: 3
    Index: [0, 0, 0]
    Size: [160, 240, 256]
  Spacing: [0.999999, 1, 1]
  Origin: [84.1637, 106.709, -120.531]
  Direction: 
-0.999619 -0.0226874 -0.0157033
0.0226846 -0.999743 0.00035635
-0.0157073 -7.8229e-09 0.999877

  IndexToPointMatrix: 
-0.999619 -0.0226874 -0.0157033
0.0226845 -0.999743 0.00035635
-0.0157073 -7.8229e-09 0.999877

  PointToIndexMatrix: 
-0.99962 0.0226846 -0.0157073
-0.0226874 -0.999743 -7.83127e-09
-0.0157033 0.00035635 0.999877

  Inverse Direction: 
-0.999619 0.0226846 -0.0157073
-0.0226874 -0.999743 -7.83127e-09
-0.0157033 0.00035635 0.999877

  PixelContainer: 
    ImportImageContainer (0x410df10)
      RTTI typeinfo:   itk::ImportImageContainer<unsigned long, double>
      Reference Count: 1
      Modified Time: 2384
      Debug: Off
      Object Name: 
      Observers: 
        none
      Pointer: 0x7f81984b8010
      Container manages memory: true
      Size: 9830400
      Capacity: 9830400

     Weighting = 1
     Sampling strategy = regular
     Number of bins = 32
     Radius = 4
     Sampling percentage  = 0.25
   Transform = Rigid
     Gradient step = 0.1
     Update field sigma (voxel space) = 0
     Total field sigma (voxel space) = 0
     Update field time sigma = 0
     Total field time sigma  = 0
     Number of time indices = 0
     Number of time point samples = 0
Stage 2 State
   Image metric = MattesMI
     Fixed image = Image (0x40d1a80)
  RTTI typeinfo:   itk::Image<double, 3u>
  Reference Count: 2
  Modified Time: 3167
  Debug: Off
  Object Name: 
  Observers: 
    none
  Source: (none)
  Source output name: (none)
  Release Data: Off
  Data Released: False
  Global Release Data: Off
  PipelineMTime: 0
  UpdateMTime: 2776
  RealTimeStamp: 0 seconds 
  LargestPossibleRegion: 
    Dimension: 3
    Index: [0, 0, 0]
    Size: [193, 229, 193]
  BufferedRegion: 
    Dimension: 3
    Index: [0, 0, 0]
    Size: [193, 229, 193]
  RequestedRegion: 
    Dimension: 3
    Index: [0, 0, 0]
    Size: [193, 229, 193]
  Spacing: [1, 1, 1]
  Origin: [96, 132, -78]
  Direction: 
-1 0 0
0 -1 0
0 0 1

  IndexToPointMatrix: 
-1 0 0
0 -1 0
0 0 1

  PointToIndexMatrix: 
-1 0 0
0 -1 0
0 0 1

  Inverse Direction: 
-1 0 0
0 -1 0
0 0 1

  PixelContainer: 
    ImportImageContainer (0x4160350)
      RTTI typeinfo:   itk::ImportImageContainer<unsigned long, double>
      Reference Count: 1
      Modified Time: 2773
      Debug: Off
      Object Name: 
      Observers: 
        none
      Pointer: 0x7f81943a3010
      Container manages memory: true
      Size: 8530021
      Capacity: 8530021

     Moving image = Image (0x412ec90)
  RTTI typeinfo:   itk::Image<double, 3u>
  Reference Count: 2
  Modified Time: 3168
  Debug: Off
  Object Name: 
  Observers: 
    none
  Source: (none)
  Source output name: (none)
  Release Data: Off
  Data Released: False
  Global Release Data: Off
  PipelineMTime: 0
  UpdateMTime: 3165
  RealTimeStamp: 0 seconds 
  LargestPossibleRegion: 
    Dimension: 3
    Index: [0, 0, 0]
    Size: [160, 240, 256]
  BufferedRegion: 
    Dimension: 3
    Index: [0, 0, 0]
    Size: [160, 240, 256]
  RequestedRegion: 
    Dimension: 3
    Index: [0, 0, 0]
    Size: [160, 240, 256]
  Spacing: [0.999999, 1, 1]
  Origin: [84.1637, 106.709, -120.531]
  Direction: 
-0.999619 -0.0226874 -0.0157033
0.0226846 -0.999743 0.00035635
-0.0157073 -7.8229e-09 0.999877

  IndexToPointMatrix: 
-0.999619 -0.0226874 -0.0157033
0.0226845 -0.999743 0.00035635
-0.0157073 -7.8229e-09 0.999877

  PointToIndexMatrix: 
-0.99962 0.0226846 -0.0157073
-0.0226874 -0.999743 -7.83127e-09
-0.0157033 0.00035635 0.999877

  Inverse Direction: 
-0.999619 0.0226846 -0.0157073
-0.0226874 -0.999743 -7.83127e-09
-0.0157033 0.00035635 0.999877

  PixelContainer: 
    ImportImageContainer (0x40fddd0)
      RTTI typeinfo:   itk::ImportImageContainer<unsigned long, double>
      Reference Count: 1
      Modified Time: 3162
      Debug: Off
      Object Name: 
      Observers: 
        none
      Pointer: 0x7f818f8a2010
      Container manages memory: true
      Size: 9830400
      Capacity: 9830400

     Weighting = 1
     Sampling strategy = regular
     Number of bins = 32
     Radius = 4
     Sampling percentage  = 0.25
   Transform = Affine
     Gradient step = 0.1
     Update field sigma (voxel space) = 0
     Total field sigma (voxel space) = 0
     Update field time sigma = 0
     Total field time sigma  = 0
     Number of time indices = 0
     Number of time point samples = 0
Stage 3 State
   Image metric = CC
     Fixed image = Image (0x4106870)
  RTTI typeinfo:   itk::Image<double, 3u>
  Reference Count: 2
  Modified Time: 3945
  Debug: Off
  Object Name: 
  Observers: 
    none
  Source: (none)
  Source output name: (none)
  Release Data: Off
  Data Released: False
  Global Release Data: Off
  PipelineMTime: 0
  UpdateMTime: 3554
  RealTimeStamp: 0 seconds 
  LargestPossibleRegion: 
    Dimension: 3
    Index: [0, 0, 0]
    Size: [193, 229, 193]
  BufferedRegion: 
    Dimension: 3
    Index: [0, 0, 0]
    Size: [193, 229, 193]
  RequestedRegion: 
    Dimension: 3
    Index: [0, 0, 0]
    Size: [193, 229, 193]
  Spacing: [1, 1, 1]
  Origin: [96, 132, -78]
  Direction: 
-1 0 0
0 -1 0
0 0 1

  IndexToPointMatrix: 
-1 0 0
0 -1 0
0 0 1

  PointToIndexMatrix: 
-1 0 0
0 -1 0
0 0 1

  Inverse Direction: 
-1 0 0
0 -1 0
0 0 1

  PixelContainer: 
    ImportImageContainer (0x4220590)
      RTTI typeinfo:   itk::ImportImageContainer<unsigned long, double>
      Reference Count: 1
      Modified Time: 3551
      Debug: Off
      Object Name: 
      Observers: 
        none
      Pointer: 0x7f818b78d010
      Container manages memory: true
      Size: 8530021
      Capacity: 8530021

     Moving image = Image (0x410d5d0)
  RTTI typeinfo:   itk::Image<double, 3u>
  Reference Count: 2
  Modified Time: 3946
  Debug: Off
  Object Name: 
  Observers: 
    none
  Source: (none)
  Source output name: (none)
  Release Data: Off
  Data Released: False
  Global Release Data: Off
  PipelineMTime: 0
  UpdateMTime: 3943
  RealTimeStamp: 0 seconds 
  LargestPossibleRegion: 
    Dimension: 3
    Index: [0, 0, 0]
    Size: [160, 240, 256]
  BufferedRegion: 
    Dimension: 3
    Index: [0, 0, 0]
    Size: [160, 240, 256]
  RequestedRegion: 
    Dimension: 3
    Index: [0, 0, 0]
    Size: [160, 240, 256]
  Spacing: [0.999999, 1, 1]
  Origin: [84.1637, 106.709, -120.531]
  Direction: 
-0.999619 -0.0226874 -0.0157033
0.0226846 -0.999743 0.00035635
-0.0157073 -7.8229e-09 0.999877

  IndexToPointMatrix: 
-0.999619 -0.0226874 -0.0157033
0.0226845 -0.999743 0.00035635
-0.0157073 -7.8229e-09 0.999877

  PointToIndexMatrix: 
-0.99962 0.0226846 -0.0157073
-0.0226874 -0.999743 -7.83127e-09
-0.0157033 0.00035635 0.999877

  Inverse Direction: 
-0.999619 0.0226846 -0.0157073
-0.0226874 -0.999743 -7.83127e-09
-0.0157033 0.00035635 0.999877

  PixelContainer: 
    ImportImageContainer (0x4200590)
      RTTI typeinfo:   itk::ImportImageContainer<unsigned long, double>
      Reference Count: 1
      Modified Time: 3940
      Debug: Off
      Object Name: 
      Observers: 
        none
      Pointer: 0x7f8186c8c010
      Container manages memory: true
      Size: 9830400
      Capacity: 9830400

     Weighting = 1
     Sampling strategy = none
     Number of bins = 32
     Radius = 4
     Sampling percentage  = 1
   Transform = SyN
     Gradient step = 0.1
     Update field sigma (voxel space) = 3
     Total field sigma (voxel space) = 0
     Update field time sigma = 0
     Total field time sigma  = 0
     Number of time indices = 0
     Number of time point samples = 0
Registration using 3 total stages.

Stage 0
  iterations = 1000x500x250x100
  convergence threshold = 1e-06
  convergence window size = 10
  number of levels = 4
  using the Mattes MI metric (number of bins = 32, weight = 1, use gradient filter = 0)
  preprocessing:  winsorizing the image intensities
  Shrink factors (level 1 out of 4): [8, 8, 8]
  Shrink factors (level 2 out of 4): [4, 4, 4]
  Shrink factors (level 3 out of 4): [2, 2, 2]
  Shrink factors (level 4 out of 4): [1, 1, 1]
  smoothing sigmas per level: [3, 2, 1, 0]
  regular sampling (percentage = 0.25)

*** Running Euler3DTransform registration ***

DIAGNOSTIC,Iteration,metricValue,convergenceValue,ITERATION_TIME_INDEX,SINCE_LAST
*/mnt/lustre/mathdugre/fast-interpolate/datasets/ds004513/derivatives/flint/antsRegistration/binary64/sub-s014/Stage1_level1_Iter0001.nii.gz
2DIAGNOSTIC,     1, -4.757172803200e-01, 1.797693134862e+308, 4.9942e+00, 4.9942e+00, 
*/mnt/lustre/mathdugre/fast-interpolate/datasets/ds004513/derivatives/flint/antsRegistration/binary64/sub-s014/Stage1_level1_Iter0002.nii.gz
2DIAGNOSTIC,     2, -4.769595800831e-01, 1.797693134862e+308, 5.0232e+00, 2.9013e-02, 
*/mnt/lustre/mathdugre/fast-interpolate/datasets/ds004513/derivatives/flint/antsRegistration/binary64/sub-s014/Stage1_level1_Iter0003.nii.gz
2DIAGNOSTIC,     3, -4.790695743165e-01, 1.797693134862e+308, 5.0505e+00, 2.7307e-02, 
*/mnt/lustre/mathdugre/fast-interpolate/datasets/ds004513/derivatives/flint/antsRegistration/binary64/sub-s014/Stage1_level1_Iter0004.nii.gz
2DIAGNOSTIC,     4, -4.822262930817e-01, 1.797693134862e+308, 5.0778e+00, 2.7225e-02, 
*/mnt/lustre/mathdugre/fast-interpolate/datasets/ds004513/derivatives/flint/antsRegistration/binary64/sub-s014/Stage1_level1_Iter0005.nii.gz
2DIAGNOSTIC,     5, -4.873122412517e-01, 1.797693134862e+308, 5.1075e+00, 2.9699e-02, 
*/mnt/lustre/mathdugre/fast-interpolate/datasets/ds004513/derivatives/flint/antsRegistration/binary64/sub-s014/Stage1_level1_Iter0006.nii.gz
2DIAGNOSTIC,     6, -4.972254134633e-01, 1.797693134862e+308, 5.1383e+00, 3.0783e-02, 
*/mnt/lustre/mathdugre/fast-interpolate/datasets/ds004513/derivatives/flint/antsRegistration/binary64/sub-s014/Stage1_level1_Iter0007.nii.gz
2DIAGNOSTIC,     7, -4.997079540629e-01, 1.797693134862e+308, 5.1671e+00, 2.8850e-02, 
*/mnt/lustre/mathdugre/fast-interpolate/datasets/ds004513/derivatives/flint/antsRegistration/binary64/sub-s014/Stage1_level1_Iter0008.nii.gz
2DIAGNOSTIC,     8, -5.006880206248e-01, 1.797693134862e+308, 5.1969e+00, 2.9801e-02, 
*/mnt/lustre/mathdugre/fast-interpolate/datasets/ds004513/derivatives/flint/antsRegistration/binary64/sub-s014/Stage1_level1_Iter0009.nii.gz
2DIAGNOSTIC,     9, -5.035039510577e-01, 1.797693134862e+308, 5.2384e+00, 4.1541e-02, 
*/mnt/lustre/mathdugre/fast-interpolate/datasets/ds004513/derivatives/flint/antsRegistration/binary64/sub-s014/Stage1_level1_Iter0010.nii.gz
2DIAGNOSTIC,    10, -5.079324901468e-01, 4.655692610110e-03, 5.2709e+00, 3.2447e-02, 
*/mnt/lustre/mathdugre/fast-interpolate/datasets/ds004513/derivatives/flint/antsRegistration/binary64/sub-s014/Stage1_level1_Iter0011.nii.gz
2DIAGNOSTIC,    11, -5.082187601237e-01, 4.097650845903e-03, 5.3002e+00, 2.9318e-02, 
*/mnt/lustre/mathdugre/fast-interpolate/datasets/ds004513/derivatives/flint/antsRegistration/binary64/sub-s014/Stage1_level1_Iter0012.nii.gz
2DIAGNOSTIC,    12, -5.110013462844e-01, 3.463806092157e-03, 5.3304e+00, 3.0237e-02, 
*/mnt/lustre/mathdugre/fast-interpolate/datasets/ds004513/derivatives/flint/antsRegistration/binary64/sub-s014/Stage1_level1_Iter0013.nii.gz
2DIAGNOSTIC,    13, -5.126566772366e-01, 2.788355554071e-03, 5.3636e+00, 3.3180e-02, 
*/mnt/lustre/mathdugre/fast-interpolate/datasets/ds004513/derivatives/flint/antsRegistration/binary64/sub-s014/Stage1_level1_Iter0014.nii.gz
2DIAGNOSTIC,    14, -5.145278283119e-01, 2.162381361418e-03, 5.3931e+00, 2.9456e-02, 
*/mnt/lustre/mathdugre/fast-interpolate/datasets/ds004513/derivatives/flint/antsRegistration/binary64/sub-s014/Stage1_level1_Iter0015.nii.gz
2DIAGNOSTIC,    15, -5.161826855621e-01, 1.670036929313e-03, 5.4375e+00, 4.4444e-02, 
*/mnt/lustre/mathdugre/fast-interpolate/datasets/ds004513/derivatives/flint/antsRegistration/binary64/sub-s014/Stage1_level1_Iter0016.nii.gz
2DIAGNOSTIC,    16, -5.167557942668e-01, 1.460116890773e-03, 5.4684e+00, 3.0825e-02, 
*/mnt/lustre/mathdugre/fast-interpolate/datasets/ds004513/derivatives/flint/antsRegistration/binary64/sub-s014/Stage1_level1_Iter0017.nii.gz
2DIAGNOSTIC,    17, -5.179162406862e-01, 1.265220936381e-03, 5.4979e+00, 2.9498e-02, 
*/mnt/lustre/mathdugre/fast-interpolate/datasets/ds004513/derivatives/flint/antsRegistration/binary64/sub-s014/Stage1_level1_Iter0018.nii.gz
2DIAGNOSTIC,    18, -5.188734769567e-01, 1.034985033088e-03, 5.5263e+00, 2.8420e-02, 
*/mnt/lustre/mathdugre/fast-interpolate/datasets/ds004513/derivatives/flint/antsRegistration/binary64/sub-s014/Stage1_level1_Iter0019.nii.gz
2DIAGNOSTIC,    19, -5.198768596522e-01, 8.440845885588e-04, 5.5548e+00, 2.8546e-02, 
*/mnt/lustre/mathdugre/fast-interpolate/datasets/ds004513/derivatives/flint/antsRegistration/binary64/sub-s014/Stage1_level1_Iter0020.nii.gz
2DIAGNOSTIC,    20, -5.210654953850e-01, 7.537474678340e-04, 5.5881e+00, 3.3317e-02, 
*/mnt/lustre/mathdugre/fast-interpolate/datasets/ds004513/derivatives/flint/antsRegistration/binary64/sub-s014/Stage1_level1_Iter0021.nii.gz
2DIAGNOSTIC,    21, -5.240788655904e-01, 6.892217826306e-04, 5.6258e+00, 3.7620e-02, 
*/mnt/lustre/mathdugre/fast-interpolate/datasets/ds004513/derivatives/flint/antsRegistration/binary64/sub-s014/Stage1_level1_Iter0022.nii.gz
2DIAGNOSTIC,    22, -5.249568822768e-01, 6.582189947105e-04, 5.6553e+00, 2.9529e-02, 
*/mnt/lustre/mathdugre/fast-interpolate/datasets/ds004513/derivatives/flint/antsRegistration/binary64/sub-s014/Stage1_level1_Iter0023.nii.gz
2DIAGNOSTIC,    23, -5.251868605458e-01, 6.142449666148e-04, 5.6845e+00, 2.9226e-02, 
*/mnt/lustre/mathdugre/fast-interpolate/datasets/ds004513/derivatives/flint/antsRegistration/binary64/sub-s014/Stage1_level1_Iter0024.nii.gz
2DIAGNOSTIC,    24, -5.257663145879e-01, 5.740807727110e-04, 5.7176e+00, 3.3059e-02, 
*/mnt/lustre/mathdugre/fast-interpolate/datasets/ds004513/derivatives/flint/antsRegistration/binary64/sub-s014/Stage1_level1_Iter0025.nii.gz
2DIAGNOSTIC,    25, -5.260680687316e-01, 5.268607488365e-04, 5.7463e+00, 2.8698e-02, 
*/mnt/lustre/mathdugre/fast-interpolate/datasets/ds004513/derivatives/flint/antsRegistration/binary64/sub-s014/Stage1_level1_Iter0026.nii.gz
2DIAGNOSTIC,    26, -5.262391199620e-01, 4.487012249891e-04, 5.7815e+00, 3.5195e-02, 
*/mnt/lustre/mathdugre/fast-interpolate/datasets/ds004513/derivatives/flint/antsRegistration/binary64/sub-s014/Stage1_level1_Iter0027.nii.gz
2DIAGNOSTIC,    27, -5.265784837694e-01, 3.651305332881e-04, 5.8099e+00, 2.8458e-02, 
*/mnt/lustre/mathdugre/fast-interpolate/datasets/ds004513/derivatives/flint/antsRegistration/binary64/sub-s014/Stage1_level1_Iter0028.nii.gz
2DIAGNOSTIC,    28, -5.266882570716e-01, 2.751384764468e-04, 5.8366e+00, 2.6711e-02, 
*/mnt/lustre/mathdugre/fast-interpolate/datasets/ds004513/derivatives/flint/antsRegistration/binary64/sub-s014/Stage1_level1_Iter0029.nii.gz
2DIAGNOSTIC,    29, -5.268422795986e-01, 1.880957131110e-04, 5.8678e+00, 3.1122e-02, 
*/mnt/lustre/mathdugre/fast-interpolate/datasets/ds004513/derivatives/flint/antsRegistration/binary64/sub-s014/Stage1_level1_Iter0030.nii.gz
2DIAGNOSTIC,    30, -5.269845282287e-01, 1.126178181055e-04, 5.9044e+00, 3.6628e-02, 
*/mnt/lustre/mathdugre/fast-interpolate/datasets/ds004513/derivatives/flint/antsRegistration/binary64/sub-s014/Stage1_level1_Iter0031.nii.gz
2DIAGNOSTIC,    31, -5.271267835364e-01, 8.784661644381e-05, 5.9327e+00, 2.8301e-02, 
*/mnt/lustre/mathdugre/fast-interpolate/datasets/ds004513/derivatives/flint/antsRegistration/binary64/sub-s014/Stage1_level1_Iter0032.nii.gz
2DIAGNOSTIC,    32, -5.275803412942e-01, 7.953096150214e-05, 5.9621e+00, 2.9460e-02, 
*/mnt/lustre/mathdugre/fast-interpolate/datasets/ds004513/derivatives/flint/antsRegistration/binary64/sub-s014/Stage1_level1_Iter0033.nii.gz
2DIAGNOSTIC,    33, -5.279230398315e-01, 7.353467701187e-05, 5.9908e+00, 2.8697e-02, 
*/mnt/lustre/mathdugre/fast-interpolate/datasets/ds004513/derivatives/flint/antsRegistration/binary64/sub-s014/Stage1_level1_Iter0034.nii.gz
2DIAGNOSTIC,    34, -5.282174621034e-01, 7.515441715741e-05, 6.0203e+00, 2.9477e-02, 
*/mnt/lustre/mathdugre/fast-interpolate/datasets/ds004513/derivatives/flint/antsRegistration/binary64/sub-s014/Stage1_level1_Iter0035.nii.gz
2DIAGNOSTIC,    35, -5.285944754269e-01, 8.037992278803e-05, 6.0497e+00, 2.9376e-02, 
*/mnt/lustre/mathdugre/fast-interpolate/datasets/ds004513/derivatives/flint/antsRegistration/binary64/sub-s014/Stage1_level1_Iter0036.nii.gz
2DIAGNOSTIC,    36, -5.291081935456e-01, 8.809067477637e-05, 6.0819e+00, 3.2220e-02, 
*/mnt/lustre/mathdugre/fast-interpolate/datasets/ds004513/derivatives/flint/antsRegistration/binary64/sub-s014/Stage1_level1_Iter0037.nii.gz
2DIAGNOSTIC,    37, -5.293625547449e-01, 9.574423920647e-05, 6.1244e+00, 4.2476e-02, 
*/mnt/lustre/mathdugre/fast-interpolate/datasets/ds004513/derivatives/flint/antsRegistration/binary64/sub-s014/Stage1_level1_Iter0038.nii.gz
2DIAGNOSTIC,    38, -5.295752073302e-01, 9.858404655607e-05, 6.1525e+00, 2.8117e-02, 
*/mnt/lustre/mathdugre/fast-interpolate/datasets/ds004513/derivatives/flint/antsRegistration/binary64/sub-s014/Stage1_level1_Iter0039.nii.gz
2DIAGNOSTIC,    39, -5.296205625688e-01, 9.482693819171e-05, 6.1820e+00, 2.9465e-02, 
*/mnt/lustre/mathdugre/fast-interpolate/datasets/ds004513/derivatives/flint/antsRegistration/binary64/sub-s014/Stage1_level1_Iter0040.nii.gz
2DIAGNOSTIC,    40, -5.296687431158e-01, 8.497212953837e-05, 6.2098e+00, 2.7800e-02, 
*/mnt/lustre/mathdugre/fast-interpolate/datasets/ds004513/derivatives/flint/antsRegistration/binary64/sub-s014/Stage1_level1_Iter0041.nii.gz
2DIAGNOSTIC,    41, -5.299070812074e-01, 7.253294963658e-05, 6.2375e+00, 2.7768e-02, 
*/mnt/lustre/mathdugre/fast-interpolate/datasets/ds004513/derivatives/flint/antsRegistration/binary64/sub-s014/Stage1_level1_Iter0042.nii.gz
2DIAGNOSTIC,    42, -5.301761246846e-01, 6.316564388052e-05, 6.2720e+00, 3.4473e-02, 
*/mnt/lustre/mathdugre/fast-interpolate/datasets/ds004513/derivatives/flint/antsRegistration/binary64/sub-s014/Stage1_level1_Iter0043.nii.gz
2DIAGNOSTIC,    43, -5.302311606026e-01, 5.332510645552e-05, 6.3029e+00, 3.0851e-02, 
*/mnt/lustre/mathdugre/fast-interpolate/datasets/ds004513/derivatives/flint/antsRegistration/binary64/sub-s014/Stage1_level1_Iter0044.nii.gz
2DIAGNOSTIC,    44, -5.304083242573e-01, 4.485856646223e-05, 6.3352e+00, 3.2380e-02, 
*/mnt/lustre/mathdugre/fast-interpolate/datasets/ds004513/derivatives/flint/antsRegistration/binary64/sub-s014/Stage1_level1_Iter0045.nii.gz
2DIAGNOSTIC,    45, -5.304184545318e-01, 3.716729834109e-05, 6.3643e+00, 2.9052e-02, 
*/mnt/lustre/mathdugre/fast-interpolate/datasets/ds004513/derivatives/flint/antsRegistration/binary64/sub-s014/Stage1_level1_Iter0046.nii.gz
2DIAGNOSTIC,    46, -5.304441798693e-01, 3.269966385578e-05, 6.3977e+00, 3.3365e-02, 
*/mnt/lustre/mathdugre/fast-interpolate/datasets/ds004513/derivatives/flint/antsRegistration/binary64/sub-s014/Stage1_level1_Iter0047.nii.gz
2DIAGNOSTIC,    47, -5.303648798610e-01, 2.731638532882e-05, 6.4267e+00, 2.9075e-02, 
*/mnt/lustre/mathdugre/fast-interpolate/datasets/ds004513/derivatives/flint/antsRegistration/binary64/sub-s014/Stage1_level1_Iter0048.nii.gz
2DIAGNOSTIC,    48, -5.303604962549e-01, 2.203347613080e-05, 6.4575e+00, 3.0794e-02, 
*/mnt/lustre/mathdugre/fast-interpolate/datasets/ds004513/derivatives/flint/antsRegistration/binary64/sub-s014/Stage1_level1_Iter0049.nii.gz
2DIAGNOSTIC,    49, -5.304622124083e-01, 1.659758942105e-05, 6.4906e+00, 3.3052e-02, 
*/mnt/lustre/mathdugre/fast-interpolate/datasets/ds004513/derivatives/flint/antsRegistration/binary64/sub-s014/Stage1_level1_Iter0050.nii.gz
2DIAGNOSTIC,    50, -5.305642773143e-01, 1.141874013136e-05, 6.5220e+00, 3.1461e-02, 
*/mnt/lustre/mathdugre/fast-interpolate/datasets/ds004513/derivatives/flint/antsRegistration/binary64/sub-s014/Stage1_level1_Iter0051.nii.gz
2DIAGNOSTIC,    51, -5.306567749190e-01, 8.905161303387e-06, 6.5542e+00, 3.2208e-02, 
*/mnt/lustre/mathdugre/fast-interpolate/datasets/ds004513/derivatives/flint/antsRegistration/binary64/sub-s014/Stage1_level1_Iter0052.nii.gz
2DIAGNOSTIC,    52, -5.306965108663e-01, 8.974039679043e-06, 6.5858e+00, 3.1571e-02, 
*/mnt/lustre/mathdugre/fast-interpolate/datasets/ds004513/derivatives/flint/antsRegistration/binary64/sub-s014/Stage1_level1_Iter0053.nii.gz
2DIAGNOSTIC,    53, -5.306465124759e-01, 8.261440040909e-06, 6.6135e+00, 2.7697e-02, 
*/mnt/lustre/mathdugre/fast-interpolate/datasets/ds004513/derivatives/flint/antsRegistration/binary64/sub-s014/Stage1_level1_Iter0054.nii.gz
2DIAGNOSTIC,    54, -5.305793417161e-01, 7.957432372942e-06, 6.6448e+00, 3.1303e-02, 
*/mnt/lustre/mathdugre/fast-interpolate/datasets/ds004513/derivatives/flint/antsRegistration/binary64/sub-s014/Stage1_level1_Iter0055.nii.gz
2DIAGNOSTIC,    55, -5.305858827481e-01, 7.102043729414e-06, 6.6765e+00, 3.1661e-02, 
*/mnt/lustre/mathdugre/fast-interpolate/datasets/ds004513/derivatives/flint/antsRegistration/binary64/sub-s014/Stage1_level1_Iter0056.nii.gz
2DIAGNOSTIC,    56, -5.305890087325e-01, 5.934100198137e-06, 6.7043e+00, 2.7808e-02, 
*/mnt/lustre/mathdugre/fast-interpolate/datasets/ds004513/derivatives/flint/antsRegistration/binary64/sub-s014/Stage1_level1_Iter0057.nii.gz
2DIAGNOSTIC,    57, -5.305926329764e-01, 3.578175591844e-06, 6.7343e+00, 3.0027e-02, 
*/mnt/lustre/mathdugre/fast-interpolate/datasets/ds004513/derivatives/flint/antsRegistration/binary64/sub-s014/Stage1_level1_Iter0058.nii.gz
2DIAGNOSTIC,    58, -5.305972036965e-01, 1.025422377884e-06, 6.7637e+00, 2.9335e-02, 
DIAGNOSTIC,Iteration,metricValue,convergenceValue,ITERATION_TIME_INDEX,SINCE_LAST
*/mnt/lustre/mathdugre/fast-interpolate/datasets/ds004513/derivatives/flint/antsRegistration/binary64/sub-s014/Stage1_level2_Iter0001.nii.gz
2DIAGNOSTIC,     1, -4.295305668389e-01, 1.797693134862e+308, 1.1862e+01, 5.0987e+00, 
*/mnt/lustre/mathdugre/fast-interpolate/datasets/ds004513/derivatives/flint/antsRegistration/binary64/sub-s014/Stage1_level2_Iter0002.nii.gz
2DIAGNOSTIC,     2, -4.303775706266e-01, 1.797693134862e+308, 1.2052e+01, 1.9002e-01, 
*/mnt/lustre/mathdugre/fast-interpolate/datasets/ds004513/derivatives/flint/antsRegistration/binary64/sub-s014/Stage1_level2_Iter0003.nii.gz
2DIAGNOSTIC,     3, -4.315221731293e-01, 1.797693134862e+308, 1.2243e+01, 1.9055e-01, 
*/mnt/lustre/mathdugre/fast-interpolate/datasets/ds004513/derivatives/flint/antsRegistration/binary64/sub-s014/Stage1_level2_Iter0004.nii.gz
2DIAGNOSTIC,     4, -4.326537965790e-01, 1.797693134862e+308, 1.2433e+01, 1.9041e-01, 
*/mnt/lustre/mathdugre/fast-interpolate/datasets/ds004513/derivatives/flint/antsRegistration/binary64/sub-s014/Stage1_level2_Iter0005.nii.gz
2DIAGNOSTIC,     5, -4.336849752203e-01, 1.797693134862e+308, 1.2623e+01, 1.9000e-01, 
*/mnt/lustre/mathdugre/fast-interpolate/datasets/ds004513/derivatives/flint/antsRegistration/binary64/sub-s014/Stage1_level2_Iter0006.nii.gz
2DIAGNOSTIC,     6, -4.349092565706e-01, 1.797693134862e+308, 1.2816e+01, 1.9306e-01, 
*/mnt/lustre/mathdugre/fast-interpolate/datasets/ds004513/derivatives/flint/antsRegistration/binary64/sub-s014/Stage1_level2_Iter0007.nii.gz
2DIAGNOSTIC,     7, -4.356308742302e-01, 1.797693134862e+308, 1.3009e+01, 1.9212e-01, 
*/mnt/lustre/mathdugre/fast-interpolate/datasets/ds004513/derivatives/flint/antsRegistration/binary64/sub-s014/Stage1_level2_Iter0008.nii.gz
2DIAGNOSTIC,     8, -4.371421109688e-01, 1.797693134862e+308, 1.3197e+01, 1.8853e-01, 
*/mnt/lustre/mathdugre/fast-interpolate/datasets/ds004513/derivatives/flint/antsRegistration/binary64/sub-s014/Stage1_level2_Iter0009.nii.gz
2DIAGNOSTIC,     9, -4.390122729238e-01, 1.797693134862e+308, 1.3428e+01, 2.3138e-01, 
*/mnt/lustre/mathdugre/fast-interpolate/datasets/ds004513/derivatives/flint/antsRegistration/binary64/sub-s014/Stage1_level2_Iter0010.nii.gz
2DIAGNOSTIC,    10, -4.415918234148e-01, 1.647366494417e-03, 1.3606e+01, 1.7754e-01, 
*/mnt/lustre/mathdugre/fast-interpolate/datasets/ds004513/derivatives/flint/antsRegistration/binary64/sub-s014/Stage1_level2_Iter0011.nii.gz
2DIAGNOSTIC,    11, -4.422822745609e-01, 1.599475984675e-03, 1.3860e+01, 2.5377e-01, 
*/mnt/lustre/mathdugre/fast-interpolate/datasets/ds004513/derivatives/flint/antsRegistration/binary64/sub-s014/Stage1_level2_Iter0012.nii.gz
2DIAGNOSTIC,    12, -4.422987851948e-01, 1.464559935388e-03, 1.4037e+01, 1.7738e-01, 
*/mnt/lustre/mathdugre/fast-interpolate/datasets/ds004513/derivatives/flint/antsRegistration/binary64/sub-s014/Stage1_level2_Iter0013.nii.gz
2DIAGNOSTIC,    13, -4.425892160920e-01, 1.291395285298e-03, 1.4275e+01, 2.3799e-01, 
*/mnt/lustre/mathdugre/fast-interpolate/datasets/ds004513/derivatives/flint/antsRegistration/binary64/sub-s014/Stage1_level2_Iter0014.nii.gz
2DIAGNOSTIC,    14, -4.428232014757e-01, 1.087585151965e-03, 1.4482e+01, 2.0726e-01, 
*/mnt/lustre/mathdugre/fast-interpolate/datasets/ds004513/derivatives/flint/antsRegistration/binary64/sub-s014/Stage1_level2_Iter0015.nii.gz
2DIAGNOSTIC,    15, -4.428466189229e-01, 8.554948801277e-04, 1.4689e+01, 2.0618e-01, 
*/mnt/lustre/mathdugre/fast-interpolate/datasets/ds004513/derivatives/flint/antsRegistration/binary64/sub-s014/Stage1_level2_Iter0016.nii.gz
2DIAGNOSTIC,    16, -4.428465234010e-01, 6.248117046158e-04, 1.4884e+01, 1.9573e-01, 
*/mnt/lustre/mathdugre/fast-interpolate/datasets/ds004513/derivatives/flint/antsRegistration/binary64/sub-s014/Stage1_level2_Iter0017.nii.gz
2DIAGNOSTIC,    17, -4.428657163657e-01, 3.933758820905e-04, 1.5093e+01, 2.0897e-01, 
*/mnt/lustre/mathdugre/fast-interpolate/datasets/ds004513/derivatives/flint/antsRegistration/binary64/sub-s014/Stage1_level2_Iter0018.nii.gz
2DIAGNOSTIC,    18, -4.428975045729e-01, 2.067628830849e-04, 1.5281e+01, 1.8805e-01, 
*/mnt/lustre/mathdugre/fast-interpolate/datasets/ds004513/derivatives/flint/antsRegistration/binary64/sub-s014/Stage1_level2_Iter0019.nii.gz
2DIAGNOSTIC,    19, -4.429897059930e-01, 8.552953435492e-05, 1.5472e+01, 1.9033e-01, 
*/mnt/lustre/mathdugre/fast-interpolate/datasets/ds004513/derivatives/flint/antsRegistration/binary64/sub-s014/Stage1_level2_Iter0020.nii.gz
2DIAGNOSTIC,    20, -4.443719214811e-01, 9.648778810584e-05, 1.5689e+01, 2.1709e-01, 
*/mnt/lustre/mathdugre/fast-interpolate/datasets/ds004513/derivatives/flint/antsRegistration/binary64/sub-s014/Stage1_level2_Iter0021.nii.gz
2DIAGNOSTIC,    21, -4.444353626464e-01, 1.198341697466e-04, 1.5974e+01, 2.8516e-01, 
*/mnt/lustre/mathdugre/fast-interpolate/datasets/ds004513/derivatives/flint/antsRegistration/binary64/sub-s014/Stage1_level2_Iter0022.nii.gz
2DIAGNOSTIC,    22, -4.444185157046e-01, 1.303005402035e-04, 1.6192e+01, 2.1764e-01, 
*/mnt/lustre/mathdugre/fast-interpolate/datasets/ds004513/derivatives/flint/antsRegistration/binary64/sub-s014/Stage1_level2_Iter0023.nii.gz
2DIAGNOSTIC,    23, -4.444242773944e-01, 1.365870566401e-04, 1.6400e+01, 2.0847e-01, 
*/mnt/lustre/mathdugre/fast-interpolate/datasets/ds004513/derivatives/flint/antsRegistration/binary64/sub-s014/Stage1_level2_Iter0024.nii.gz
2DIAGNOSTIC,    24, -4.444249160448e-01, 1.358194149487e-04, 1.6615e+01, 2.1539e-01, 
*/mnt/lustre/mathdugre/fast-interpolate/datasets/ds004513/derivatives/flint/antsRegistration/binary64/sub-s014/Stage1_level2_Iter0025.nii.gz
2DIAGNOSTIC,    25, -4.444243415923e-01, 1.224777499031e-04, 1.6814e+01, 1.9869e-01, 
*/mnt/lustre/mathdugre/fast-interpolate/datasets/ds004513/derivatives/flint/antsRegistration/binary64/sub-s014/Stage1_level2_Iter0026.nii.gz
2DIAGNOSTIC,    26, -4.444216137260e-01, 9.859048615060e-05, 1.7024e+01, 2.0949e-01, 
*/mnt/lustre/mathdugre/fast-interpolate/datasets/ds004513/derivatives/flint/antsRegistration/binary64/sub-s014/Stage1_level2_Iter0027.nii.gz
2DIAGNOSTIC,    27, -4.444107995256e-01, 6.806964845228e-05, 1.7231e+01, 2.0776e-01, 
*/mnt/lustre/mathdugre/fast-interpolate/datasets/ds004513/derivatives/flint/antsRegistration/binary64/sub-s014/Stage1_level2_Iter0028.nii.gz
2DIAGNOSTIC,    28, -4.444136582479e-01, 3.459376568628e-05, 1.7465e+01, 2.3402e-01, 
*/mnt/lustre/mathdugre/fast-interpolate/datasets/ds004513/derivatives/flint/antsRegistration/binary64/sub-s014/Stage1_level2_Iter0029.nii.gz
2DIAGNOSTIC,    29, -4.444296270066e-01, 1.818322002384e-06, 1.7701e+01, 2.3607e-01, 
DIAGNOSTIC,Iteration,metricValue,convergenceValue,ITERATION_TIME_INDEX,SINCE_LAST
*/mnt/lustre/mathdugre/fast-interpolate/datasets/ds004513/derivatives/flint/antsRegistration/binary64/sub-s014/Stage1_level3_Iter0001.nii.gz
2DIAGNOSTIC,     1, -3.891644559013e-01, 1.797693134862e+308, 2.4245e+01, 6.5436e+00, 
*/mnt/lustre/mathdugre/fast-interpolate/datasets/ds004513/derivatives/flint/antsRegistration/binary64/sub-s014/Stage1_level3_Iter0002.nii.gz
2DIAGNOSTIC,     2, -3.893272490862e-01, 1.797693134862e+308, 2.5654e+01, 1.4086e+00, 
*/mnt/lustre/mathdugre/fast-interpolate/datasets/ds004513/derivatives/flint/antsRegistration/binary64/sub-s014/Stage1_level3_Iter0003.nii.gz
2DIAGNOSTIC,     3, -3.895431845469e-01, 1.797693134862e+308, 2.7063e+01, 1.4091e+00, 
*/mnt/lustre/mathdugre/fast-interpolate/datasets/ds004513/derivatives/flint/antsRegistration/binary64/sub-s014/Stage1_level3_Iter0004.nii.gz
2DIAGNOSTIC,     4, -3.897294036253e-01, 1.797693134862e+308, 2.8484e+01, 1.4213e+00, 
*/mnt/lustre/mathdugre/fast-interpolate/datasets/ds004513/derivatives/flint/antsRegistration/binary64/sub-s014/Stage1_level3_Iter0005.nii.gz
2DIAGNOSTIC,     5, -3.899491885592e-01, 1.797693134862e+308, 2.9913e+01, 1.4286e+00, 
*/mnt/lustre/mathdugre/fast-interpolate/datasets/ds004513/derivatives/flint/antsRegistration/binary64/sub-s014/Stage1_level3_Iter0006.nii.gz
2DIAGNOSTIC,     6, -3.901958472962e-01, 1.797693134862e+308, 3.1354e+01, 1.4415e+00, 
*/mnt/lustre/mathdugre/fast-interpolate/datasets/ds004513/derivatives/flint/antsRegistration/binary64/sub-s014/Stage1_level3_Iter0007.nii.gz
2DIAGNOSTIC,     7, -3.903000530486e-01, 1.797693134862e+308, 3.3319e+01, 1.9643e+00, 
*/mnt/lustre/mathdugre/fast-interpolate/datasets/ds004513/derivatives/flint/antsRegistration/binary64/sub-s014/Stage1_level3_Iter0008.nii.gz
2DIAGNOSTIC,     8, -3.903865969449e-01, 1.797693134862e+308, 3.4720e+01, 1.4011e+00, 
*/mnt/lustre/mathdugre/fast-interpolate/datasets/ds004513/derivatives/flint/antsRegistration/binary64/sub-s014/Stage1_level3_Iter0009.nii.gz
2DIAGNOSTIC,     9, -3.905388286400e-01, 1.797693134862e+308, 3.6155e+01, 1.4352e+00, 
*/mnt/lustre/mathdugre/fast-interpolate/datasets/ds004513/derivatives/flint/antsRegistration/binary64/sub-s014/Stage1_level3_Iter0010.nii.gz
2DIAGNOSTIC,    10, -3.910476057993e-01, 2.830707030578e-04, 3.7744e+01, 1.5895e+00, 
*/mnt/lustre/mathdugre/fast-interpolate/datasets/ds004513/derivatives/flint/antsRegistration/binary64/sub-s014/Stage1_level3_Iter0011.nii.gz
2DIAGNOSTIC,    11, -3.911347518309e-01, 2.619451277302e-04, 3.9409e+01, 1.6643e+00, 
*/mnt/lustre/mathdugre/fast-interpolate/datasets/ds004513/derivatives/flint/antsRegistration/binary64/sub-s014/Stage1_level3_Iter0012.nii.gz
2DIAGNOSTIC,    12, -3.911856417268e-01, 2.342603881406e-04, 4.0858e+01, 1.4494e+00, 
*/mnt/lustre/mathdugre/fast-interpolate/datasets/ds004513/derivatives/flint/antsRegistration/binary64/sub-s014/Stage1_level3_Iter0013.nii.gz
2DIAGNOSTIC,    13, -3.912992509450e-01, 2.087725695269e-04, 4.2500e+01, 1.6417e+00, 
*/mnt/lustre/mathdugre/fast-interpolate/datasets/ds004513/derivatives/flint/antsRegistration/binary64/sub-s014/Stage1_level3_Iter0014.nii.gz
2DIAGNOSTIC,    14, -3.914681266099e-01, 1.862606485999e-04, 4.4692e+01, 2.1926e+00, 
*/mnt/lustre/mathdugre/fast-interpolate/datasets/ds004513/derivatives/flint/antsRegistration/binary64/sub-s014/Stage1_level3_Iter0015.nii.gz
2DIAGNOSTIC,    15, -3.914783917636e-01, 1.603264647304e-04, 4.6123e+01, 1.4304e+00, 
*/mnt/lustre/mathdugre/fast-interpolate/datasets/ds004513/derivatives/flint/antsRegistration/binary64/sub-s014/Stage1_level3_Iter0016.nii.gz
2DIAGNOSTIC,    16, -3.915296725905e-01, 1.367134490231e-04, 4.7544e+01, 1.4218e+00, 
*/mnt/lustre/mathdugre/fast-interpolate/datasets/ds004513/derivatives/flint/antsRegistration/binary64/sub-s014/Stage1_level3_Iter0017.nii.gz
2DIAGNOSTIC,    17, -3.915642441926e-01, 1.097429348082e-04, 4.8975e+01, 1.4302e+00, 
*/mnt/lustre/mathdugre/fast-interpolate/datasets/ds004513/derivatives/flint/antsRegistration/binary64/sub-s014/Stage1_level3_Iter0018.nii.gz
2DIAGNOSTIC,    18, -3.916183510408e-01, 8.150701198354e-05, 5.0414e+01, 1.4397e+00, 
*/mnt/lustre/mathdugre/fast-interpolate/datasets/ds004513/derivatives/flint/antsRegistration/binary64/sub-s014/Stage1_level3_Iter0019.nii.gz
2DIAGNOSTIC,    19, -3.917184591265e-01, 5.789812218501e-05, 5.1845e+01, 1.4310e+00, 
*/mnt/lustre/mathdugre/fast-interpolate/datasets/ds004513/derivatives/flint/antsRegistration/binary64/sub-s014/Stage1_level3_Iter0020.nii.gz
2DIAGNOSTIC,    20, -3.921184046374e-01, 6.437926612349e-05, 5.3665e+01, 1.8201e+00, 
*/mnt/lustre/mathdugre/fast-interpolate/datasets/ds004513/derivatives/flint/antsRegistration/binary64/sub-s014/Stage1_level3_Iter0021.nii.gz
2DIAGNOSTIC,    21, -3.924253822636e-01, 7.777053378109e-05, 5.5068e+01, 1.4026e+00, 
*/mnt/lustre/mathdugre/fast-interpolate/datasets/ds004513/derivatives/flint/antsRegistration/binary64/sub-s014/Stage1_level3_Iter0022.nii.gz
2DIAGNOSTIC,    22, -3.925415404771e-01, 8.819642260209e-05, 5.6853e+01, 1.7850e+00, 
*/mnt/lustre/mathdugre/fast-interpolate/datasets/ds004513/derivatives/flint/antsRegistration/binary64/sub-s014/Stage1_level3_Iter0023.nii.gz
2DIAGNOSTIC,    23, -3.925402801128e-01, 9.319847227709e-05, 5.8463e+01, 1.6098e+00, 
*/mnt/lustre/mathdugre/fast-interpolate/datasets/ds004513/derivatives/flint/antsRegistration/binary64/sub-s014/Stage1_level3_Iter0024.nii.gz
2DIAGNOSTIC,    24, -3.925426436305e-01, 9.448169487693e-05, 6.0077e+01, 1.6138e+00, 
*/mnt/lustre/mathdugre/fast-interpolate/datasets/ds004513/derivatives/flint/antsRegistration/binary64/sub-s014/Stage1_level3_Iter0025.nii.gz
2DIAGNOSTIC,    25, -3.925606354212e-01, 8.754424488385e-05, 6.1686e+01, 1.6098e+00, 
*/mnt/lustre/mathdugre/fast-interpolate/datasets/ds004513/derivatives/flint/antsRegistration/binary64/sub-s014/Stage1_level3_Iter0026.nii.gz
2DIAGNOSTIC,    26, -3.926271670100e-01, 7.614451610977e-05, 6.3328e+01, 1.6420e+00, 
*/mnt/lustre/mathdugre/fast-interpolate/datasets/ds004513/derivatives/flint/antsRegistration/binary64/sub-s014/Stage1_level3_Iter0027.nii.gz
2DIAGNOSTIC,    27, -3.926786975667e-01, 6.089119430746e-05, 6.4930e+01, 1.6016e+00, 
*/mnt/lustre/mathdugre/fast-interpolate/datasets/ds004513/derivatives/flint/antsRegistration/binary64/sub-s014/Stage1_level3_Iter0028.nii.gz
2DIAGNOSTIC,    28, -3.927332209311e-01, 4.407758376387e-05, 6.6571e+01, 1.6410e+00, 
*/mnt/lustre/mathdugre/fast-interpolate/datasets/ds004513/derivatives/flint/antsRegistration/binary64/sub-s014/Stage1_level3_Iter0029.nii.gz
2DIAGNOSTIC,    29, -3.927951308314e-01, 2.828431629721e-05, 6.8552e+01, 1.9806e+00, 
*/mnt/lustre/mathdugre/fast-interpolate/datasets/ds004513/derivatives/flint/antsRegistration/binary64/sub-s014/Stage1_level3_Iter0030.nii.gz
2DIAGNOSTIC,    30, -3.928080935526e-01, 2.077239427073e-05, 7.0019e+01, 1.4675e+00, 
*/mnt/lustre/mathdugre/fast-interpolate/datasets/ds004513/derivatives/flint/antsRegistration/binary64/sub-s014/Stage1_level3_Iter0031.nii.gz
2DIAGNOSTIC,    31, -3.928637186636e-01, 2.029387033280e-05, 7.2166e+01, 2.1472e+00, 
*/mnt/lustre/mathdugre/fast-interpolate/datasets/ds004513/derivatives/flint/antsRegistration/binary64/sub-s014/Stage1_level3_Iter0032.nii.gz
