
##########################
# Experiment information #
##########################

EXPERIMENT_NAME: binary64
VFC_BACKENDS: libinterflop_ieee.so

SIF_IMG: /mnt/lustre/mathdugre/containers/ants-vprec-no_metric.simg

SUBJECT_ID: s037
INPUT_IMG: /mnt/lustre/mathdugre/fast-interpolate/datasets/ds004513/derivatives/flint/antsBrainExtraction/sub-s037/BrainExtractionBrain.nii.gz
OUTPUT_DIR: /mnt/lustre/mathdugre/fast-interpolate/datasets/ds004513/derivatives/flint/antsRegistration/binary64/sub-s037

FIXED_IMG: /templateflow/tpl-MNI152NLin2009cAsym/tpl-MNI152NLin2009cAsym_res-01_desc-brain_T1w.nii.gz
DATA_DIR: /mnt/lustre/mathdugre/fast-interpolate/datasets/ds004513
TEMPLATEFLOW_DIR: /home/mathdugre/.cache/templateflow
ITK_GLOBAL_DEFAULT_NUMBER_OF_THREADS: 4
##########################

Info [verificarlo]: loaded backend libinterflop_ieee.so
Info [interflop-ieee]: load backend with:
Info [interflop-ieee]: debug = false
Info [interflop-ieee]: debug-binary = false
Info [interflop-ieee]: no-backend-name = false
Info [interflop-ieee]: print-new-line = false
Info [interflop-ieee]: print-subnormal-normalized = false
Info [interflop-ieee]: count-op = false
All_Command_lines_OK
Using double precision for computations.
=============================================================================
The composite transform comprises the following transforms (in order): 
  1. Center of mass alignment using fixed image: /templateflow/tpl-MNI152NLin2009cAsym/tpl-MNI152NLin2009cAsym_res-01_desc-brain_T1w.nii.gz and moving image: /mnt/lustre/mathdugre/fast-interpolate/datasets/ds004513/derivatives/flint/antsBrainExtraction/sub-s037/BrainExtractionBrain.nii.gz (type = Euler3DTransform)
=============================================================================
  number of levels = 4
  number of levels = 4
  number of levels = 4
  fixed image: /templateflow/tpl-MNI152NLin2009cAsym/tpl-MNI152NLin2009cAsym_res-01_desc-brain_T1w.nii.gz
  moving image: /mnt/lustre/mathdugre/fast-interpolate/datasets/ds004513/derivatives/flint/antsBrainExtraction/sub-s037/BrainExtractionBrain.nii.gz
  fixed image: /templateflow/tpl-MNI152NLin2009cAsym/tpl-MNI152NLin2009cAsym_res-01_desc-brain_T1w.nii.gz
  moving image: /mnt/lustre/mathdugre/fast-interpolate/datasets/ds004513/derivatives/flint/antsBrainExtraction/sub-s037/BrainExtractionBrain.nii.gz
  fixed image: /templateflow/tpl-MNI152NLin2009cAsym/tpl-MNI152NLin2009cAsym_res-01_desc-brain_T1w.nii.gz
  moving image: /mnt/lustre/mathdugre/fast-interpolate/datasets/ds004513/derivatives/flint/antsBrainExtraction/sub-s037/BrainExtractionBrain.nii.gz
Dimension = 3
Number of stages = 3
Use histogram matching = false
Winsorize image intensities = true
  Lower quantile = 0.005
  Upper quantile = 0.995


Stage 1 State
   Image metric = MattesMI
     Fixed image = Image (0x4531e80)
  RTTI typeinfo:   itk::Image<double, 3u>
  Reference Count: 2
  Modified Time: 2385
  Debug: Off
  Object Name: 
  Observers: 
    none
  Source: (none)
  Source output name: (none)
  Release Data: Off
  Data Released: False
  Global Release Data: Off
  PipelineMTime: 0
  UpdateMTime: 1996
  RealTimeStamp: 0 seconds 
  LargestPossibleRegion: 
    Dimension: 3
    Index: [0, 0, 0]
    Size: [193, 229, 193]
  BufferedRegion: 
    Dimension: 3
    Index: [0, 0, 0]
    Size: [193, 229, 193]
  RequestedRegion: 
    Dimension: 3
    Index: [0, 0, 0]
    Size: [193, 229, 193]
  Spacing: [1, 1, 1]
  Origin: [96, 132, -78]
  Direction: 
-1 0 0
0 -1 0
0 0 1

  IndexToPointMatrix: 
-1 0 0
0 -1 0
0 0 1

  PointToIndexMatrix: 
-1 0 0
0 -1 0
0 0 1

  Inverse Direction: 
-1 0 0
0 -1 0
0 0 1

  PixelContainer: 
    ImportImageContainer (0x4534380)
      RTTI typeinfo:   itk::ImportImageContainer<unsigned long, double>
      Reference Count: 1
      Modified Time: 1993
      Debug: Off
      Object Name: 
      Observers: 
        none
      Pointer: 0x7f56c66b7010
      Container manages memory: true
      Size: 8530021
      Capacity: 8530021

     Moving image = Image (0x4533490)
  RTTI typeinfo:   itk::Image<double, 3u>
  Reference Count: 2
  Modified Time: 2386
  Debug: Off
  Object Name: 
  Observers: 
    none
  Source: (none)
  Source output name: (none)
  Release Data: Off
  Data Released: False
  Global Release Data: Off
  PipelineMTime: 0
  UpdateMTime: 2383
  RealTimeStamp: 0 seconds 
  LargestPossibleRegion: 
    Dimension: 3
    Index: [0, 0, 0]
    Size: [160, 240, 256]
  BufferedRegion: 
    Dimension: 3
    Index: [0, 0, 0]
    Size: [160, 240, 256]
  RequestedRegion: 
    Dimension: 3
    Index: [0, 0, 0]
    Size: [160, 240, 256]
  Spacing: [1, 1, 1]
  Origin: [87.9508, 102.562, -147.639]
  Direction: 
-0.998659 -0.0436121 -0.0279129
0.043595 -0.999049 0.00121847
-0.0279395 -2.65543e-08 0.99961

  IndexToPointMatrix: 
-0.998659 -0.0436121 -0.0279129
0.043595 -0.999049 0.00121847
-0.0279395 -2.65543e-08 0.99961

  PointToIndexMatrix: 
-0.998659 0.043595 -0.0279395
-0.0436121 -0.999049 -2.65517e-08
-0.0279129 0.00121847 0.99961

  Inverse Direction: 
-0.998659 0.043595 -0.0279395
-0.0436121 -0.999049 -2.65517e-08
-0.0279129 0.00121847 0.99961

  PixelContainer: 
    ImportImageContainer (0x45bc390)
      RTTI typeinfo:   itk::ImportImageContainer<unsigned long, double>
      Reference Count: 1
      Modified Time: 2380
      Debug: Off
      Object Name: 
      Observers: 
        none
      Pointer: 0x7f56c1bb6010
      Container manages memory: true
      Size: 9830400
      Capacity: 9830400

     Weighting = 1
     Sampling strategy = regular
     Number of bins = 32
     Radius = 4
     Sampling percentage  = 0.25
   Transform = Rigid
     Gradient step = 0.1
     Update field sigma (voxel space) = 0
     Total field sigma (voxel space) = 0
     Update field time sigma = 0
     Total field time sigma  = 0
     Number of time indices = 0
     Number of time point samples = 0
Stage 2 State
   Image metric = MattesMI
     Fixed image = Image (0x4533b90)
  RTTI typeinfo:   itk::Image<double, 3u>
  Reference Count: 2
  Modified Time: 3161
  Debug: Off
  Object Name: 
  Observers: 
    none
  Source: (none)
  Source output name: (none)
  Release Data: Off
  Data Released: False
  Global Release Data: Off
  PipelineMTime: 0
  UpdateMTime: 2772
  RealTimeStamp: 0 seconds 
  LargestPossibleRegion: 
    Dimension: 3
    Index: [0, 0, 0]
    Size: [193, 229, 193]
  BufferedRegion: 
    Dimension: 3
    Index: [0, 0, 0]
    Size: [193, 229, 193]
  RequestedRegion: 
    Dimension: 3
    Index: [0, 0, 0]
    Size: [193, 229, 193]
  Spacing: [1, 1, 1]
  Origin: [96, 132, -78]
  Direction: 
-1 0 0
0 -1 0
0 0 1

  IndexToPointMatrix: 
-1 0 0
0 -1 0
0 0 1

  PointToIndexMatrix: 
-1 0 0
0 -1 0
0 0 1

  Inverse Direction: 
-1 0 0
0 -1 0
0 0 1

  PixelContainer: 
    ImportImageContainer (0x458c740)
      RTTI typeinfo:   itk::ImportImageContainer<unsigned long, double>
      Reference Count: 1
      Modified Time: 2769
      Debug: Off
      Object Name: 
      Observers: 
        none
      Pointer: 0x7f56bdaa1010
      Container manages memory: true
      Size: 8530021
      Capacity: 8530021

     Moving image = Image (0x458b110)
  RTTI typeinfo:   itk::Image<double, 3u>
  Reference Count: 2
  Modified Time: 3162
  Debug: Off
  Object Name: 
  Observers: 
    none
  Source: (none)
  Source output name: (none)
  Release Data: Off
  Data Released: False
  Global Release Data: Off
  PipelineMTime: 0
  UpdateMTime: 3159
  RealTimeStamp: 0 seconds 
  LargestPossibleRegion: 
    Dimension: 3
    Index: [0, 0, 0]
    Size: [160, 240, 256]
  BufferedRegion: 
    Dimension: 3
    Index: [0, 0, 0]
    Size: [160, 240, 256]
  RequestedRegion: 
    Dimension: 3
    Index: [0, 0, 0]
    Size: [160, 240, 256]
  Spacing: [1, 1, 1]
  Origin: [87.9508, 102.562, -147.639]
  Direction: 
-0.998659 -0.0436121 -0.0279129
0.043595 -0.999049 0.00121847
-0.0279395 -2.65543e-08 0.99961

  IndexToPointMatrix: 
-0.998659 -0.0436121 -0.0279129
0.043595 -0.999049 0.00121847
-0.0279395 -2.65543e-08 0.99961

  PointToIndexMatrix: 
-0.998659 0.043595 -0.0279395
-0.0436121 -0.999049 -2.65517e-08
-0.0279129 0.00121847 0.99961

  Inverse Direction: 
-0.998659 0.043595 -0.0279395
-0.0436121 -0.999049 -2.65517e-08
-0.0279129 0.00121847 0.99961

  PixelContainer: 
    ImportImageContainer (0x465c590)
      RTTI typeinfo:   itk::ImportImageContainer<unsigned long, double>
      Reference Count: 1
      Modified Time: 3156
      Debug: Off
      Object Name: 
      Observers: 
        none
      Pointer: 0x7f56b8fa0010
      Container manages memory: true
      Size: 9830400
      Capacity: 9830400

     Weighting = 1
     Sampling strategy = regular
     Number of bins = 32
     Radius = 4
     Sampling percentage  = 0.25
   Transform = Affine
     Gradient step = 0.1
     Update field sigma (voxel space) = 0
     Total field sigma (voxel space) = 0
     Update field time sigma = 0
     Total field time sigma  = 0
     Number of time indices = 0
     Number of time point samples = 0
Stage 3 State
   Image metric = CC
     Fixed image = Image (0x45867b0)
  RTTI typeinfo:   itk::Image<double, 3u>
  Reference Count: 2
  Modified Time: 3937
  Debug: Off
  Object Name: 
  Observers: 
    none
  Source: (none)
  Source output name: (none)
  Release Data: Off
  Data Released: False
  Global Release Data: Off
  PipelineMTime: 0
  UpdateMTime: 3548
  RealTimeStamp: 0 seconds 
  LargestPossibleRegion: 
    Dimension: 3
    Index: [0, 0, 0]
    Size: [193, 229, 193]
  BufferedRegion: 
    Dimension: 3
    Index: [0, 0, 0]
    Size: [193, 229, 193]
  RequestedRegion: 
    Dimension: 3
    Index: [0, 0, 0]
    Size: [193, 229, 193]
  Spacing: [1, 1, 1]
  Origin: [96, 132, -78]
  Direction: 
-1 0 0
0 -1 0
0 0 1

  IndexToPointMatrix: 
-1 0 0
0 -1 0
0 0 1

  PointToIndexMatrix: 
-1 0 0
0 -1 0
0 0 1

  Inverse Direction: 
-1 0 0
0 -1 0
0 0 1

  PixelContainer: 
    ImportImageContainer (0x45890c0)
      RTTI typeinfo:   itk::ImportImageContainer<unsigned long, double>
      Reference Count: 1
      Modified Time: 3545
      Debug: Off
      Object Name: 
      Observers: 
        none
      Pointer: 0x7f56b4e8b010
      Container manages memory: true
      Size: 8530021
      Capacity: 8530021

     Moving image = Image (0x4588c10)
  RTTI typeinfo:   itk::Image<double, 3u>
  Reference Count: 2
  Modified Time: 3938
  Debug: Off
  Object Name: 
  Observers: 
    none
  Source: (none)
  Source output name: (none)
  Release Data: Off
  Data Released: False
  Global Release Data: Off
  PipelineMTime: 0
  UpdateMTime: 3935
  RealTimeStamp: 0 seconds 
  LargestPossibleRegion: 
    Dimension: 3
    Index: [0, 0, 0]
    Size: [160, 240, 256]
  BufferedRegion: 
    Dimension: 3
    Index: [0, 0, 0]
    Size: [160, 240, 256]
  RequestedRegion: 
    Dimension: 3
    Index: [0, 0, 0]
    Size: [160, 240, 256]
  Spacing: [1, 1, 1]
  Origin: [87.9508, 102.562, -147.639]
  Direction: 
-0.998659 -0.0436121 -0.0279129
0.043595 -0.999049 0.00121847
-0.0279395 -2.65543e-08 0.99961

  IndexToPointMatrix: 
-0.998659 -0.0436121 -0.0279129
0.043595 -0.999049 0.00121847
-0.0279395 -2.65543e-08 0.99961

  PointToIndexMatrix: 
-0.998659 0.043595 -0.0279395
-0.0436121 -0.999049 -2.65517e-08
-0.0279129 0.00121847 0.99961

  Inverse Direction: 
-0.998659 0.043595 -0.0279395
-0.0436121 -0.999049 -2.65517e-08
-0.0279129 0.00121847 0.99961

  PixelContainer: 
    ImportImageContainer (0x4585190)
      RTTI typeinfo:   itk::ImportImageContainer<unsigned long, double>
      Reference Count: 1
      Modified Time: 3932
      Debug: Off
      Object Name: 
      Observers: 
        none
      Pointer: 0x7f56b038a010
      Container manages memory: true
      Size: 9830400
      Capacity: 9830400

     Weighting = 1
     Sampling strategy = none
     Number of bins = 32
     Radius = 4
     Sampling percentage  = 1
   Transform = SyN
     Gradient step = 0.1
     Update field sigma (voxel space) = 3
     Total field sigma (voxel space) = 0
     Update field time sigma = 0
     Total field time sigma  = 0
     Number of time indices = 0
     Number of time point samples = 0
Registration using 3 total stages.

Stage 0
  iterations = 1000x500x250x100
  convergence threshold = 1e-06
  convergence window size = 10
  number of levels = 4
  using the Mattes MI metric (number of bins = 32, weight = 1, use gradient filter = 0)
  preprocessing:  winsorizing the image intensities
  Shrink factors (level 1 out of 4): [8, 8, 8]
  Shrink factors (level 2 out of 4): [4, 4, 4]
  Shrink factors (level 3 out of 4): [2, 2, 2]
  Shrink factors (level 4 out of 4): [1, 1, 1]
  smoothing sigmas per level: [3, 2, 1, 0]
  regular sampling (percentage = 0.25)

*** Running Euler3DTransform registration ***

DIAGNOSTIC,Iteration,metricValue,convergenceValue,ITERATION_TIME_INDEX,SINCE_LAST
*/mnt/lustre/mathdugre/fast-interpolate/datasets/ds004513/derivatives/flint/antsRegistration/binary64/sub-s037/Stage1_level1_Iter0001.nii.gz
2DIAGNOSTIC,     1, -4.246194604920e-01, 1.797693134862e+308, 4.9880e+00, 4.9880e+00, 
*/mnt/lustre/mathdugre/fast-interpolate/datasets/ds004513/derivatives/flint/antsRegistration/binary64/sub-s037/Stage1_level1_Iter0002.nii.gz
2DIAGNOSTIC,     2, -4.259570673251e-01, 1.797693134862e+308, 5.0151e+00, 2.7128e-02, 
*/mnt/lustre/mathdugre/fast-interpolate/datasets/ds004513/derivatives/flint/antsRegistration/binary64/sub-s037/Stage1_level1_Iter0003.nii.gz
2DIAGNOSTIC,     3, -4.279978348592e-01, 1.797693134862e+308, 5.0425e+00, 2.7445e-02, 
*/mnt/lustre/mathdugre/fast-interpolate/datasets/ds004513/derivatives/flint/antsRegistration/binary64/sub-s037/Stage1_level1_Iter0004.nii.gz
2DIAGNOSTIC,     4, -4.314932612119e-01, 1.797693134862e+308, 5.0693e+00, 2.6711e-02, 
*/mnt/lustre/mathdugre/fast-interpolate/datasets/ds004513/derivatives/flint/antsRegistration/binary64/sub-s037/Stage1_level1_Iter0005.nii.gz
2DIAGNOSTIC,     5, -4.352707330470e-01, 1.797693134862e+308, 5.0991e+00, 2.9827e-02, 
*/mnt/lustre/mathdugre/fast-interpolate/datasets/ds004513/derivatives/flint/antsRegistration/binary64/sub-s037/Stage1_level1_Iter0006.nii.gz
2DIAGNOSTIC,     6, -4.374017072659e-01, 1.797693134862e+308, 5.1260e+00, 2.6891e-02, 
*/mnt/lustre/mathdugre/fast-interpolate/datasets/ds004513/derivatives/flint/antsRegistration/binary64/sub-s037/Stage1_level1_Iter0007.nii.gz
2DIAGNOSTIC,     7, -4.412854143993e-01, 1.797693134862e+308, 5.1539e+00, 2.7942e-02, 
*/mnt/lustre/mathdugre/fast-interpolate/datasets/ds004513/derivatives/flint/antsRegistration/binary64/sub-s037/Stage1_level1_Iter0008.nii.gz
2DIAGNOSTIC,     8, -4.605369722349e-01, 1.797693134862e+308, 5.1843e+00, 3.0370e-02, 
*/mnt/lustre/mathdugre/fast-interpolate/datasets/ds004513/derivatives/flint/antsRegistration/binary64/sub-s037/Stage1_level1_Iter0009.nii.gz
2DIAGNOSTIC,     9, -4.677130193972e-01, 1.797693134862e+308, 5.2140e+00, 2.9757e-02, 
*/mnt/lustre/mathdugre/fast-interpolate/datasets/ds004513/derivatives/flint/antsRegistration/binary64/sub-s037/Stage1_level1_Iter0010.nii.gz
2DIAGNOSTIC,    10, -4.733712610753e-01, 7.259962925916e-03, 5.2482e+00, 3.4172e-02, 
*/mnt/lustre/mathdugre/fast-interpolate/datasets/ds004513/derivatives/flint/antsRegistration/binary64/sub-s037/Stage1_level1_Iter0011.nii.gz
2DIAGNOSTIC,    11, -4.768610806940e-01, 7.447100184522e-03, 5.2878e+00, 3.9633e-02, 
*/mnt/lustre/mathdugre/fast-interpolate/datasets/ds004513/derivatives/flint/antsRegistration/binary64/sub-s037/Stage1_level1_Iter0012.nii.gz
2DIAGNOSTIC,    12, -4.773658292980e-01, 7.033322910968e-03, 5.3168e+00, 2.8942e-02, 
*/mnt/lustre/mathdugre/fast-interpolate/datasets/ds004513/derivatives/flint/antsRegistration/binary64/sub-s037/Stage1_level1_Iter0013.nii.gz
2DIAGNOSTIC,    13, -4.780098284486e-01, 6.172012041781e-03, 5.3457e+00, 2.8896e-02, 
*/mnt/lustre/mathdugre/fast-interpolate/datasets/ds004513/derivatives/flint/antsRegistration/binary64/sub-s037/Stage1_level1_Iter0014.nii.gz
2DIAGNOSTIC,    14, -4.783854818128e-01, 5.047574278678e-03, 5.3774e+00, 3.1708e-02, 
*/mnt/lustre/mathdugre/fast-interpolate/datasets/ds004513/derivatives/flint/antsRegistration/binary64/sub-s037/Stage1_level1_Iter0015.nii.gz
2DIAGNOSTIC,    15, -4.786580347841e-01, 3.797976932953e-03, 5.4123e+00, 3.4907e-02, 
*/mnt/lustre/mathdugre/fast-interpolate/datasets/ds004513/derivatives/flint/antsRegistration/binary64/sub-s037/Stage1_level1_Iter0016.nii.gz
2DIAGNOSTIC,    16, -4.788590544919e-01, 2.462633984504e-03, 5.4409e+00, 2.8552e-02, 
*/mnt/lustre/mathdugre/fast-interpolate/datasets/ds004513/derivatives/flint/antsRegistration/binary64/sub-s037/Stage1_level1_Iter0017.nii.gz
2DIAGNOSTIC,    17, -4.791266794890e-01, 1.203332843082e-03, 5.4709e+00, 3.0003e-02, 
*/mnt/lustre/mathdugre/fast-interpolate/datasets/ds004513/derivatives/flint/antsRegistration/binary64/sub-s037/Stage1_level1_Iter0018.nii.gz
2DIAGNOSTIC,    18, -4.801641689765e-01, 6.749763850753e-04, 5.5131e+00, 4.2215e-02, 
*/mnt/lustre/mathdugre/fast-interpolate/datasets/ds004513/derivatives/flint/antsRegistration/binary64/sub-s037/Stage1_level1_Iter0019.nii.gz
2DIAGNOSTIC,    19, -4.805652443681e-01, 3.843490610095e-04, 5.5428e+00, 2.9683e-02, 
*/mnt/lustre/mathdugre/fast-interpolate/datasets/ds004513/derivatives/flint/antsRegistration/binary64/sub-s037/Stage1_level1_Iter0020.nii.gz
2DIAGNOSTIC,    20, -4.806737012517e-01, 2.638160643473e-04, 5.5724e+00, 2.9603e-02, 
*/mnt/lustre/mathdugre/fast-interpolate/datasets/ds004513/derivatives/flint/antsRegistration/binary64/sub-s037/Stage1_level1_Iter0021.nii.gz
2DIAGNOSTIC,    21, -4.807960943768e-01, 2.371232365614e-04, 5.6020e+00, 2.9621e-02, 
*/mnt/lustre/mathdugre/fast-interpolate/datasets/ds004513/derivatives/flint/antsRegistration/binary64/sub-s037/Stage1_level1_Iter0022.nii.gz
2DIAGNOSTIC,    22, -4.812466657574e-01, 2.172728141840e-04, 5.6355e+00, 3.3510e-02, 
*/mnt/lustre/mathdugre/fast-interpolate/datasets/ds004513/derivatives/flint/antsRegistration/binary64/sub-s037/Stage1_level1_Iter0023.nii.gz
2DIAGNOSTIC,    23, -4.816048969785e-01, 2.048790414010e-04, 5.6688e+00, 3.3285e-02, 
*/mnt/lustre/mathdugre/fast-interpolate/datasets/ds004513/derivatives/flint/antsRegistration/binary64/sub-s037/Stage1_level1_Iter0024.nii.gz
2DIAGNOSTIC,    24, -4.817122801207e-01, 1.864587715173e-04, 5.6973e+00, 2.8561e-02, 
*/mnt/lustre/mathdugre/fast-interpolate/datasets/ds004513/derivatives/flint/antsRegistration/binary64/sub-s037/Stage1_level1_Iter0025.nii.gz
2DIAGNOSTIC,    25, -4.817363402151e-01, 1.599344023363e-04, 5.7267e+00, 2.9351e-02, 
*/mnt/lustre/mathdugre/fast-interpolate/datasets/ds004513/derivatives/flint/antsRegistration/binary64/sub-s037/Stage1_level1_Iter0026.nii.gz
2DIAGNOSTIC,    26, -4.817944698452e-01, 1.270292979554e-04, 5.7657e+00, 3.8988e-02, 
*/mnt/lustre/mathdugre/fast-interpolate/datasets/ds004513/derivatives/flint/antsRegistration/binary64/sub-s037/Stage1_level1_Iter0027.nii.gz
2DIAGNOSTIC,    27, -4.818302073635e-01, 9.093687131765e-05, 5.7951e+00, 2.9451e-02, 
*/mnt/lustre/mathdugre/fast-interpolate/datasets/ds004513/derivatives/flint/antsRegistration/binary64/sub-s037/Stage1_level1_Iter0028.nii.gz
2DIAGNOSTIC,    28, -4.820851356652e-01, 7.680901419164e-05, 5.8298e+00, 3.4685e-02, 
*/mnt/lustre/mathdugre/fast-interpolate/datasets/ds004513/derivatives/flint/antsRegistration/binary64/sub-s037/Stage1_level1_Iter0029.nii.gz
2DIAGNOSTIC,    29, -4.821308844519e-01, 6.585150490720e-05, 5.8598e+00, 3.0016e-02, 
*/mnt/lustre/mathdugre/fast-interpolate/datasets/ds004513/derivatives/flint/antsRegistration/binary64/sub-s037/Stage1_level1_Iter0030.nii.gz
2DIAGNOSTIC,    30, -4.821714982835e-01, 5.273719506400e-05, 5.8884e+00, 2.8526e-02, 
*/mnt/lustre/mathdugre/fast-interpolate/datasets/ds004513/derivatives/flint/antsRegistration/binary64/sub-s037/Stage1_level1_Iter0031.nii.gz
2DIAGNOSTIC,    31, -4.822379312769e-01, 3.921954693671e-05, 5.9173e+00, 2.8936e-02, 
*/mnt/lustre/mathdugre/fast-interpolate/datasets/ds004513/derivatives/flint/antsRegistration/binary64/sub-s037/Stage1_level1_Iter0032.nii.gz
2DIAGNOSTIC,    32, -4.823279206592e-01, 3.299405479005e-05, 5.9465e+00, 2.9184e-02, 
*/mnt/lustre/mathdugre/fast-interpolate/datasets/ds004513/derivatives/flint/antsRegistration/binary64/sub-s037/Stage1_level1_Iter0033.nii.gz
2DIAGNOSTIC,    33, -4.823979043843e-01, 3.185057073946e-05, 5.9875e+00, 4.1052e-02, 
*/mnt/lustre/mathdugre/fast-interpolate/datasets/ds004513/derivatives/flint/antsRegistration/binary64/sub-s037/Stage1_level1_Iter0034.nii.gz
2DIAGNOSTIC,    34, -4.824340492255e-01, 3.038458397889e-05, 6.0167e+00, 2.9159e-02, 
*/mnt/lustre/mathdugre/fast-interpolate/datasets/ds004513/derivatives/flint/antsRegistration/binary64/sub-s037/Stage1_level1_Iter0035.nii.gz
2DIAGNOSTIC,    35, -4.824757106794e-01, 2.740029033102e-05, 6.0460e+00, 2.9344e-02, 
*/mnt/lustre/mathdugre/fast-interpolate/datasets/ds004513/derivatives/flint/antsRegistration/binary64/sub-s037/Stage1_level1_Iter0036.nii.gz
2DIAGNOSTIC,    36, -4.825480108643e-01, 2.428734269458e-05, 6.0754e+00, 2.9399e-02, 
*/mnt/lustre/mathdugre/fast-interpolate/datasets/ds004513/derivatives/flint/antsRegistration/binary64/sub-s037/Stage1_level1_Iter0037.nii.gz
2DIAGNOSTIC,    37, -4.836932430500e-01, 3.825199978946e-05, 6.1137e+00, 3.8307e-02, 
*/mnt/lustre/mathdugre/fast-interpolate/datasets/ds004513/derivatives/flint/antsRegistration/binary64/sub-s037/Stage1_level1_Iter0038.nii.gz
2DIAGNOSTIC,    38, -4.845581865794e-01, 6.517142218732e-05, 6.1426e+00, 2.8903e-02, 
*/mnt/lustre/mathdugre/fast-interpolate/datasets/ds004513/derivatives/flint/antsRegistration/binary64/sub-s037/Stage1_level1_Iter0039.nii.gz
2DIAGNOSTIC,    39, -4.856064797165e-01, 1.013087028662e-04, 6.1751e+00, 3.2438e-02, 
*/mnt/lustre/mathdugre/fast-interpolate/datasets/ds004513/derivatives/flint/antsRegistration/binary64/sub-s037/Stage1_level1_Iter0040.nii.gz
2DIAGNOSTIC,    40, -4.870493738875e-01, 1.483228032983e-04, 6.2042e+00, 2.9091e-02, 
*/mnt/lustre/mathdugre/fast-interpolate/datasets/ds004513/derivatives/flint/antsRegistration/binary64/sub-s037/Stage1_level1_Iter0041.nii.gz
2DIAGNOSTIC,    41, -4.915410151974e-01, 2.454671517597e-04, 6.2396e+00, 3.5400e-02, 
*/mnt/lustre/mathdugre/fast-interpolate/datasets/ds004513/derivatives/flint/antsRegistration/binary64/sub-s037/Stage1_level1_Iter0042.nii.gz
2DIAGNOSTIC,    42, -4.929717438219e-01, 3.345242268779e-04, 6.2694e+00, 2.9794e-02, 
*/mnt/lustre/mathdugre/fast-interpolate/datasets/ds004513/derivatives/flint/antsRegistration/binary64/sub-s037/Stage1_level1_Iter0043.nii.gz
2DIAGNOSTIC,    43, -4.961746643636e-01, 4.332668099587e-04, 6.2984e+00, 2.9072e-02, 
*/mnt/lustre/mathdugre/fast-interpolate/datasets/ds004513/derivatives/flint/antsRegistration/binary64/sub-s037/Stage1_level1_Iter0044.nii.gz
2DIAGNOSTIC,    44, -5.089234540038e-01, 6.598020621640e-04, 6.3284e+00, 2.9998e-02, 
*/mnt/lustre/mathdugre/fast-interpolate/datasets/ds004513/derivatives/flint/antsRegistration/binary64/sub-s037/Stage1_level1_Iter0045.nii.gz
2DIAGNOSTIC,    45, -5.206029642293e-01, 9.637194559773e-04, 6.3605e+00, 3.2048e-02, 
*/mnt/lustre/mathdugre/fast-interpolate/datasets/ds004513/derivatives/flint/antsRegistration/binary64/sub-s037/Stage1_level1_Iter0046.nii.gz
2DIAGNOSTIC,    46, -5.371290555721e-01, 1.372762607658e-03, 6.3896e+00, 2.9126e-02, 
*/mnt/lustre/mathdugre/fast-interpolate/datasets/ds004513/derivatives/flint/antsRegistration/binary64/sub-s037/Stage1_level1_Iter0047.nii.gz
2DIAGNOSTIC,    47, -5.849408481834e-01, 2.244084696467e-03, 6.4211e+00, 3.1476e-02, 
*/mnt/lustre/mathdugre/fast-interpolate/datasets/ds004513/derivatives/flint/antsRegistration/binary64/sub-s037/Stage1_level1_Iter0048.nii.gz
2DIAGNOSTIC,    48, -5.900005585137e-01, 2.917065759910e-03, 6.4762e+00, 5.5083e-02, 
*/mnt/lustre/mathdugre/fast-interpolate/datasets/ds004513/derivatives/flint/antsRegistration/binary64/sub-s037/Stage1_level1_Iter0049.nii.gz
2DIAGNOSTIC,    49, -5.902022448632e-01, 3.298923532196e-03, 6.5059e+00, 2.9770e-02, 
*/mnt/lustre/mathdugre/fast-interpolate/datasets/ds004513/derivatives/flint/antsRegistration/binary64/sub-s037/Stage1_level1_Iter0050.nii.gz
2DIAGNOSTIC,    50, -5.903342385090e-01, 3.371349824184e-03, 6.5365e+00, 3.0542e-02, 
*/mnt/lustre/mathdugre/fast-interpolate/datasets/ds004513/derivatives/flint/antsRegistration/binary64/sub-s037/Stage1_level1_Iter0051.nii.gz
2DIAGNOSTIC,    51, -5.904597563623e-01, 3.168770017693e-03, 6.5691e+00, 3.2663e-02, 
*/mnt/lustre/mathdugre/fast-interpolate/datasets/ds004513/derivatives/flint/antsRegistration/binary64/sub-s037/Stage1_level1_Iter0052.nii.gz
2DIAGNOSTIC,    52, -5.904605305350e-01, 2.681806791979e-03, 6.6005e+00, 3.1400e-02, 
*/mnt/lustre/mathdugre/fast-interpolate/datasets/ds004513/derivatives/flint/antsRegistration/binary64/sub-s037/Stage1_level1_Iter0053.nii.gz
2DIAGNOSTIC,    53, -5.904608575318e-01, 1.993209926750e-03, 6.6289e+00, 2.8387e-02, 
*/mnt/lustre/mathdugre/fast-interpolate/datasets/ds004513/derivatives/flint/antsRegistration/binary64/sub-s037/Stage1_level1_Iter0054.nii.gz
2DIAGNOSTIC,    54, -5.904925412126e-01, 1.287616331136e-03, 6.6622e+00, 3.3252e-02, 
*/mnt/lustre/mathdugre/fast-interpolate/datasets/ds004513/derivatives/flint/antsRegistration/binary64/sub-s037/Stage1_level1_Iter0055.nii.gz
2DIAGNOSTIC,    55, -5.905295865161e-01, 6.136976700487e-04, 6.6936e+00, 3.1405e-02, 
*/mnt/lustre/mathdugre/fast-interpolate/datasets/ds004513/derivatives/flint/antsRegistration/binary64/sub-s037/Stage1_level1_Iter0056.nii.gz
2DIAGNOSTIC,    56, -5.904735628567e-01, 6.462390938661e-05, 6.7214e+00, 2.7805e-02, 
*/mnt/lustre/mathdugre/fast-interpolate/datasets/ds004513/derivatives/flint/antsRegistration/binary64/sub-s037/Stage1_level1_Iter0057.nii.gz
2DIAGNOSTIC,    57, -5.904346128093e-01, 8.902605830564e-06, 6.7485e+00, 2.7153e-02, 
*/mnt/lustre/mathdugre/fast-interpolate/datasets/ds004513/derivatives/flint/antsRegistration/binary64/sub-s037/Stage1_level1_Iter0058.nii.gz
2DIAGNOSTIC,    58, -5.905087749283e-01, 4.974367497565e-06, 6.7765e+00, 2.7973e-02, 
*/mnt/lustre/mathdugre/fast-interpolate/datasets/ds004513/derivatives/flint/antsRegistration/binary64/sub-s037/Stage1_level1_Iter0059.nii.gz
2DIAGNOSTIC,    59, -5.905389610016e-01, 2.953917111248e-06, 6.8052e+00, 2.8692e-02, 
*/mnt/lustre/mathdugre/fast-interpolate/datasets/ds004513/derivatives/flint/antsRegistration/binary64/sub-s037/Stage1_level1_Iter0060.nii.gz
2DIAGNOSTIC,    60, -5.907029954060e-01, 3.533848253981e-06, 6.8359e+00, 3.0648e-02, 
*/mnt/lustre/mathdugre/fast-interpolate/datasets/ds004513/derivatives/flint/antsRegistration/binary64/sub-s037/Stage1_level1_Iter0061.nii.gz
2DIAGNOSTIC,    61, -5.909655609224e-01, 7.381756433056e-06, 6.8684e+00, 3.2549e-02, 
*/mnt/lustre/mathdugre/fast-interpolate/datasets/ds004513/derivatives/flint/antsRegistration/binary64/sub-s037/Stage1_level1_Iter0062.nii.gz
2DIAGNOSTIC,    62, -5.911133084712e-01, 1.174936168927e-05, 6.8972e+00, 2.8817e-02, 
*/mnt/lustre/mathdugre/fast-interpolate/datasets/ds004513/derivatives/flint/antsRegistration/binary64/sub-s037/Stage1_level1_Iter0063.nii.gz
2DIAGNOSTIC,    63, -5.912195050611e-01, 1.582369751494e-05, 6.9251e+00, 2.7867e-02, 
*/mnt/lustre/mathdugre/fast-interpolate/datasets/ds004513/derivatives/flint/antsRegistration/binary64/sub-s037/Stage1_level1_Iter0064.nii.gz
2DIAGNOSTIC,    64, -5.916531540160e-01, 2.234415239954e-05, 6.9547e+00, 2.9646e-02, 
*/mnt/lustre/mathdugre/fast-interpolate/datasets/ds004513/derivatives/flint/antsRegistration/binary64/sub-s037/Stage1_level1_Iter0065.nii.gz
2DIAGNOSTIC,    65, -5.926176135553e-01, 3.504273844688e-05, 6.9905e+00, 3.5800e-02, 
*/mnt/lustre/mathdugre/fast-interpolate/datasets/ds004513/derivatives/flint/antsRegistration/binary64/sub-s037/Stage1_level1_Iter0066.nii.gz
2DIAGNOSTIC,    66, -5.930142279389e-01, 4.665181770390e-05, 7.0213e+00, 3.0766e-02, 
*/mnt/lustre/mathdugre/fast-interpolate/datasets/ds004513/derivatives/flint/antsRegistration/binary64/sub-s037/Stage1_level1_Iter0067.nii.gz
2DIAGNOSTIC,    67, -5.931481383557e-01, 5.425139367454e-05, 7.0491e+00, 2.7827e-02, 
*/mnt/lustre/mathdugre/fast-interpolate/datasets/ds004513/derivatives/flint/antsRegistration/binary64/sub-s037/Stage1_level1_Iter0068.nii.gz
2DIAGNOSTIC,    68, -5.933208891725e-01, 5.858604844745e-05, 7.0807e+00, 3.1590e-02, 
*/mnt/lustre/mathdugre/fast-interpolate/datasets/ds004513/derivatives/flint/antsRegistration/binary64/sub-s037/Stage1_level1_Iter0069.nii.gz
2DIAGNOSTIC,    69, -5.934800300329e-01, 5.864942672973e-05, 7.1117e+00, 3.1024e-02, 
*/mnt/lustre/mathdugre/fast-interpolate/datasets/ds004513/derivatives/flint/antsRegistration/binary64/sub-s037/Stage1_level1_Iter0070.nii.gz
2DIAGNOSTIC,    70, -5.932789760340e-01, 5.264171953933e-05, 7.1398e+00, 2.8043e-02, 
*/mnt/lustre/mathdugre/fast-interpolate/datasets/ds004513/derivatives/flint/antsRegistration/binary64/sub-s037/Stage1_level1_Iter0071.nii.gz
2DIAGNOSTIC,    71, -5.933901273544e-01, 4.473656695181e-05, 7.1699e+00, 3.0157e-02, 
*/mnt/lustre/mathdugre/fast-interpolate/datasets/ds004513/derivatives/flint/antsRegistration/binary64/sub-s037/Stage1_level1_Iter0072.nii.gz
2DIAGNOSTIC,    72, -5.934189453339e-01, 3.425222333308e-05, 7.2007e+00, 3.0772e-02, 
*/mnt/lustre/mathdugre/fast-interpolate/datasets/ds004513/derivatives/flint/antsRegistration/binary64/sub-s037/Stage1_level1_Iter0073.nii.gz
2DIAGNOSTIC,    73, -5.935234142344e-01, 2.241940579375e-05, 7.2319e+00, 3.1197e-02, 
*/mnt/lustre/mathdugre/fast-interpolate/datasets/ds004513/derivatives/flint/antsRegistration/binary64/sub-s037/Stage1_level1_Iter0074.nii.gz
2DIAGNOSTIC,    74, -5.937544559078e-01, 1.357270759555e-05, 7.2661e+00, 3.4228e-02, 
*/mnt/lustre/mathdugre/fast-interpolate/datasets/ds004513/derivatives/flint/antsRegistration/binary64/sub-s037/Stage1_level1_Iter0075.nii.gz
2DIAGNOSTIC,    75, -5.937708688574e-01, 1.080194250631e-05, 7.2981e+00, 3.2013e-02, 
*/mnt/lustre/mathdugre/fast-interpolate/datasets/ds004513/derivatives/flint/antsRegistration/binary64/sub-s037/Stage1_level1_Iter0076.nii.gz
2DIAGNOSTIC,    76, -5.936917647090e-01, 9.421308755617e-06, 7.3261e+00, 2.7958e-02, 
*/mnt/lustre/mathdugre/fast-interpolate/datasets/ds004513/derivatives/flint/antsRegistration/binary64/sub-s037/Stage1_level1_Iter0077.nii.gz
2DIAGNOSTIC,    77, -5.936974350455e-01, 8.195045689545e-06, 7.3543e+00, 2.8214e-02, 
*/mnt/lustre/mathdugre/fast-interpolate/datasets/ds004513/derivatives/flint/antsRegistration/binary64/sub-s037/Stage1_level1_Iter0078.nii.gz
2DIAGNOSTIC,    78, -5.937108548357e-01, 7.494070659107e-06, 7.3858e+00, 3.1481e-02, 
*/mnt/lustre/mathdugre/fast-interpolate/datasets/ds004513/derivatives/flint/antsRegistration/binary64/sub-s037/Stage1_level1_Iter0079.nii.gz
2DIAGNOSTIC,    79, -5.937459824752e-01, 7.478653772139e-06, 7.4223e+00, 3.6470e-02, 
*/mnt/lustre/mathdugre/fast-interpolate/datasets/ds004513/derivatives/flint/antsRegistration/binary64/sub-s037/Stage1_level1_Iter0080.nii.gz
2DIAGNOSTIC,    80, -5.937469684406e-01, 5.415218548183e-06, 7.4535e+00, 3.1255e-02, 
*/mnt/lustre/mathdugre/fast-interpolate/datasets/ds004513/derivatives/flint/antsRegistration/binary64/sub-s037/Stage1_level1_Iter0081.nii.gz
2DIAGNOSTIC,    81, -5.937653859313e-01, 3.834576328883e-06, 7.5316e+00, 7.8107e-02, 
*/mnt/lustre/mathdugre/fast-interpolate/datasets/ds004513/derivatives/flint/antsRegistration/binary64/sub-s037/Stage1_level1_Iter0082.nii.gz
2DIAGNOSTIC,    82, -5.937653841239e-01, 2.161411459325e-06, 7.5604e+00, 2.8743e-02, 
DIAGNOSTIC,Iteration,metricValue,convergenceValue,ITERATION_TIME_INDEX,SINCE_LAST
*/mnt/lustre/mathdugre/fast-interpolate/datasets/ds004513/derivatives/flint/antsRegistration/binary64/sub-s037/Stage1_level2_Iter0001.nii.gz
2DIAGNOSTIC,     1, -4.824399826998e-01, 1.797693134862e+308, 1.2768e+01, 5.2078e+00, 
*/mnt/lustre/mathdugre/fast-interpolate/datasets/ds004513/derivatives/flint/antsRegistration/binary64/sub-s037/Stage1_level2_Iter0002.nii.gz
2DIAGNOSTIC,     2, -4.828325822850e-01, 1.797693134862e+308, 1.2955e+01, 1.8662e-01, 
*/mnt/lustre/mathdugre/fast-interpolate/datasets/ds004513/derivatives/flint/antsRegistration/binary64/sub-s037/Stage1_level2_Iter0003.nii.gz
2DIAGNOSTIC,     3, -4.836369248442e-01, 1.797693134862e+308, 1.3150e+01, 1.9482e-01, 
*/mnt/lustre/mathdugre/fast-interpolate/datasets/ds004513/derivatives/flint/antsRegistration/binary64/sub-s037/Stage1_level2_Iter0004.nii.gz
2DIAGNOSTIC,     4, -4.844096999790e-01, 1.797693134862e+308, 1.3336e+01, 1.8643e-01, 
*/mnt/lustre/mathdugre/fast-interpolate/datasets/ds004513/derivatives/flint/antsRegistration/binary64/sub-s037/Stage1_level2_Iter0005.nii.gz
2DIAGNOSTIC,     5, -4.850242865153e-01, 1.797693134862e+308, 1.3522e+01, 1.8574e-01, 
*/mnt/lustre/mathdugre/fast-interpolate/datasets/ds004513/derivatives/flint/antsRegistration/binary64/sub-s037/Stage1_level2_Iter0006.nii.gz
2DIAGNOSTIC,     6, -4.857587613465e-01, 1.797693134862e+308, 1.3711e+01, 1.8896e-01, 
*/mnt/lustre/mathdugre/fast-interpolate/datasets/ds004513/derivatives/flint/antsRegistration/binary64/sub-s037/Stage1_level2_Iter0007.nii.gz
2DIAGNOSTIC,     7, -4.868574222028e-01, 1.797693134862e+308, 1.3924e+01, 2.1367e-01, 
*/mnt/lustre/mathdugre/fast-interpolate/datasets/ds004513/derivatives/flint/antsRegistration/binary64/sub-s037/Stage1_level2_Iter0008.nii.gz
2DIAGNOSTIC,     8, -4.888694151287e-01, 1.797693134862e+308, 1.4235e+01, 3.1007e-01, 
*/mnt/lustre/mathdugre/fast-interpolate/datasets/ds004513/derivatives/flint/antsRegistration/binary64/sub-s037/Stage1_level2_Iter0009.nii.gz
2DIAGNOSTIC,     9, -4.892178528513e-01, 1.797693134862e+308, 1.4433e+01, 1.9865e-01, 
*/mnt/lustre/mathdugre/fast-interpolate/datasets/ds004513/derivatives/flint/antsRegistration/binary64/sub-s037/Stage1_level2_Iter0010.nii.gz
2DIAGNOSTIC,    10, -4.897066816540e-01, 1.043383006517e-03, 1.4620e+01, 1.8658e-01, 
*/mnt/lustre/mathdugre/fast-interpolate/datasets/ds004513/derivatives/flint/antsRegistration/binary64/sub-s037/Stage1_level2_Iter0011.nii.gz
2DIAGNOSTIC,    11, -4.900168909800e-01, 9.507944050393e-04, 1.4808e+01, 1.8820e-01, 
*/mnt/lustre/mathdugre/fast-interpolate/datasets/ds004513/derivatives/flint/antsRegistration/binary64/sub-s037/Stage1_level2_Iter0012.nii.gz
2DIAGNOSTIC,    12, -4.905289438183e-01, 8.313161672745e-04, 1.5001e+01, 1.9353e-01, 
*/mnt/lustre/mathdugre/fast-interpolate/datasets/ds004513/derivatives/flint/antsRegistration/binary64/sub-s037/Stage1_level2_Iter0013.nii.gz
2DIAGNOSTIC,    13, -4.909154841345e-01, 7.069853894272e-04, 1.5215e+01, 2.1403e-01, 
*/mnt/lustre/mathdugre/fast-interpolate/datasets/ds004513/derivatives/flint/antsRegistration/binary64/sub-s037/Stage1_level2_Iter0014.nii.gz
2DIAGNOSTIC,    14, -4.910185572471e-01, 5.728333847650e-04, 1.5508e+01, 2.9260e-01, 
*/mnt/lustre/mathdugre/fast-interpolate/datasets/ds004513/derivatives/flint/antsRegistration/binary64/sub-s037/Stage1_level2_Iter0015.nii.gz
2DIAGNOSTIC,    15, -4.910172278644e-01, 4.294192380015e-04, 1.5730e+01, 2.2229e-01, 
*/mnt/lustre/mathdugre/fast-interpolate/datasets/ds004513/derivatives/flint/antsRegistration/binary64/sub-s037/Stage1_level2_Iter0016.nii.gz
2DIAGNOSTIC,    16, -4.909959035780e-01, 2.907551592455e-04, 1.5941e+01, 2.1025e-01, 
*/mnt/lustre/mathdugre/fast-interpolate/datasets/ds004513/derivatives/flint/antsRegistration/binary64/sub-s037/Stage1_level2_Iter0017.nii.gz
2DIAGNOSTIC,    17, -4.910061853561e-01, 1.780664035547e-04, 1.6128e+01, 1.8732e-01, 
*/mnt/lustre/mathdugre/fast-interpolate/datasets/ds004513/derivatives/flint/antsRegistration/binary64/sub-s037/Stage1_level2_Iter0018.nii.gz
2DIAGNOSTIC,    18, -4.910140520163e-01, 1.267745618190e-04, 1.6336e+01, 2.0769e-01, 
*/mnt/lustre/mathdugre/fast-interpolate/datasets/ds004513/derivatives/flint/antsRegistration/binary64/sub-s037/Stage1_level2_Iter0019.nii.gz
2DIAGNOSTIC,    19, -4.910179232513e-01, 7.995701326440e-05, 1.6580e+01, 2.4483e-01, 
*/mnt/lustre/mathdugre/fast-interpolate/datasets/ds004513/derivatives/flint/antsRegistration/binary64/sub-s037/Stage1_level2_Iter0020.nii.gz
2DIAGNOSTIC,    20, -4.910113489187e-01, 4.470834776280e-05, 1.6799e+01, 2.1881e-01, 
*/mnt/lustre/mathdugre/fast-interpolate/datasets/ds004513/derivatives/flint/antsRegistration/binary64/sub-s037/Stage1_level2_Iter0021.nii.gz
2DIAGNOSTIC,    21, -4.910046655009e-01, 1.701635377809e-05, 1.6988e+01, 1.8829e-01, 
*/mnt/lustre/mathdugre/fast-interpolate/datasets/ds004513/derivatives/flint/antsRegistration/binary64/sub-s037/Stage1_level2_Iter0022.nii.gz
2DIAGNOSTIC,    22, -4.909987686322e-01, 3.531147794902e-06, 1.7184e+01, 1.9600e-01, 
DIAGNOSTIC,Iteration,metricValue,convergenceValue,ITERATION_TIME_INDEX,SINCE_LAST
*/mnt/lustre/mathdugre/fast-interpolate/datasets/ds004513/derivatives/flint/antsRegistration/binary64/sub-s037/Stage1_level3_Iter0001.nii.gz
2DIAGNOSTIC,     1, -4.299172219226e-01, 1.797693134862e+308, 2.3883e+01, 6.6993e+00, 
*/mnt/lustre/mathdugre/fast-interpolate/datasets/ds004513/derivatives/flint/antsRegistration/binary64/sub-s037/Stage1_level3_Iter0002.nii.gz
2DIAGNOSTIC,     2, -4.300812656171e-01, 1.797693134862e+308, 2.5331e+01, 1.4484e+00, 
*/mnt/lustre/mathdugre/fast-interpolate/datasets/ds004513/derivatives/flint/antsRegistration/binary64/sub-s037/Stage1_level3_Iter0003.nii.gz
2DIAGNOSTIC,     3, -4.302200776334e-01, 1.797693134862e+308, 2.6811e+01, 1.4795e+00, 
*/mnt/lustre/mathdugre/fast-interpolate/datasets/ds004513/derivatives/flint/antsRegistration/binary64/sub-s037/Stage1_level3_Iter0004.nii.gz
2DIAGNOSTIC,     4, -4.304617338324e-01, 1.797693134862e+308, 2.8412e+01, 1.6012e+00, 
*/mnt/lustre/mathdugre/fast-interpolate/datasets/ds004513/derivatives/flint/antsRegistration/binary64/sub-s037/Stage1_level3_Iter0005.nii.gz
2DIAGNOSTIC,     5, -4.307956838940e-01, 1.797693134862e+308, 3.0621e+01, 2.2085e+00, 
*/mnt/lustre/mathdugre/fast-interpolate/datasets/ds004513/derivatives/flint/antsRegistration/binary64/sub-s037/Stage1_level3_Iter0006.nii.gz
2DIAGNOSTIC,     6, -4.308196238809e-01, 1.797693134862e+308, 3.2063e+01, 1.4424e+00, 
*/mnt/lustre/mathdugre/fast-interpolate/datasets/ds004513/derivatives/flint/antsRegistration/binary64/sub-s037/Stage1_level3_Iter0007.nii.gz
2DIAGNOSTIC,     7, -4.309881332914e-01, 1.797693134862e+308, 3.3483e+01, 1.4205e+00, 
*/mnt/lustre/mathdugre/fast-interpolate/datasets/ds004513/derivatives/flint/antsRegistration/binary64/sub-s037/Stage1_level3_Iter0008.nii.gz
2DIAGNOSTIC,     8, -4.311668743020e-01, 1.797693134862e+308, 3.5109e+01, 1.6257e+00, 
*/mnt/lustre/mathdugre/fast-interpolate/datasets/ds004513/derivatives/flint/antsRegistration/binary64/sub-s037/Stage1_level3_Iter0009.nii.gz
2DIAGNOSTIC,     9, -4.312435341633e-01, 1.797693134862e+308, 3.6536e+01, 1.4264e+00, 
*/mnt/lustre/mathdugre/fast-interpolate/datasets/ds004513/derivatives/flint/antsRegistration/binary64/sub-s037/Stage1_level3_Iter0010.nii.gz
2DIAGNOSTIC,    10, -4.313021428215e-01, 2.219150669732e-04, 3.7974e+01, 1.4382e+00, 
*/mnt/lustre/mathdugre/fast-interpolate/datasets/ds004513/derivatives/flint/antsRegistration/binary64/sub-s037/Stage1_level3_Iter0011.nii.gz
2DIAGNOSTIC,    11, -4.315421018365e-01, 1.921957280844e-04, 3.9979e+01, 2.0049e+00, 
*/mnt/lustre/mathdugre/fast-interpolate/datasets/ds004513/derivatives/flint/antsRegistration/binary64/sub-s037/Stage1_level3_Iter0012.nii.gz
2DIAGNOSTIC,    12, -4.315467061109e-01, 1.595104524560e-04, 4.1469e+01, 1.4900e+00, 
*/mnt/lustre/mathdugre/fast-interpolate/datasets/ds004513/derivatives/flint/antsRegistration/binary64/sub-s037/Stage1_level3_Iter0013.nii.gz
2DIAGNOSTIC,    13, -4.315557142761e-01, 1.250612944433e-04, 4.2932e+01, 1.4629e+00, 
*/mnt/lustre/mathdugre/fast-interpolate/datasets/ds004513/derivatives/flint/antsRegistration/binary64/sub-s037/Stage1_level3_Iter0014.nii.gz
2DIAGNOSTIC,    14, -4.315839020961e-01, 9.687998788178e-05, 4.4405e+01, 1.4736e+00, 
*/mnt/lustre/mathdugre/fast-interpolate/datasets/ds004513/derivatives/flint/antsRegistration/binary64/sub-s037/Stage1_level3_Iter0015.nii.gz
2DIAGNOSTIC,    15, -4.316262938460e-01, 8.043385564244e-05, 4.5840e+01, 1.4344e+00, 
