
##########################
# Experiment information #
##########################

EXPERIMENT_NAME: binary64
VFC_BACKENDS: libinterflop_ieee.so

SIF_IMG: /mnt/lustre/mathdugre/containers/ants-vprec-no_metric.simg

SUBJECT_ID: s032
INPUT_IMG: /mnt/lustre/mathdugre/fast-interpolate/datasets/ds004513/derivatives/flint/antsBrainExtraction/sub-s032/BrainExtractionBrain.nii.gz
OUTPUT_DIR: /mnt/lustre/mathdugre/fast-interpolate/datasets/ds004513/derivatives/flint/antsRegistration/binary64/sub-s032

FIXED_IMG: /templateflow/tpl-MNI152NLin2009cAsym/tpl-MNI152NLin2009cAsym_res-01_desc-brain_T1w.nii.gz
DATA_DIR: /mnt/lustre/mathdugre/fast-interpolate/datasets/ds004513
TEMPLATEFLOW_DIR: /home/mathdugre/.cache/templateflow
ITK_GLOBAL_DEFAULT_NUMBER_OF_THREADS: 4
##########################

Info [verificarlo]: loaded backend libinterflop_ieee.so
Info [interflop-ieee]: load backend with:
Info [interflop-ieee]: debug = false
Info [interflop-ieee]: debug-binary = false
Info [interflop-ieee]: no-backend-name = false
Info [interflop-ieee]: print-new-line = false
Info [interflop-ieee]: print-subnormal-normalized = false
Info [interflop-ieee]: count-op = false
All_Command_lines_OK
Using double precision for computations.
=============================================================================
The composite transform comprises the following transforms (in order): 
  1. Center of mass alignment using fixed image: /templateflow/tpl-MNI152NLin2009cAsym/tpl-MNI152NLin2009cAsym_res-01_desc-brain_T1w.nii.gz and moving image: /mnt/lustre/mathdugre/fast-interpolate/datasets/ds004513/derivatives/flint/antsBrainExtraction/sub-s032/BrainExtractionBrain.nii.gz (type = Euler3DTransform)
=============================================================================
  number of levels = 4
  number of levels = 4
  number of levels = 4
  fixed image: /templateflow/tpl-MNI152NLin2009cAsym/tpl-MNI152NLin2009cAsym_res-01_desc-brain_T1w.nii.gz
  moving image: /mnt/lustre/mathdugre/fast-interpolate/datasets/ds004513/derivatives/flint/antsBrainExtraction/sub-s032/BrainExtractionBrain.nii.gz
  fixed image: /templateflow/tpl-MNI152NLin2009cAsym/tpl-MNI152NLin2009cAsym_res-01_desc-brain_T1w.nii.gz
  moving image: /mnt/lustre/mathdugre/fast-interpolate/datasets/ds004513/derivatives/flint/antsBrainExtraction/sub-s032/BrainExtractionBrain.nii.gz
  fixed image: /templateflow/tpl-MNI152NLin2009cAsym/tpl-MNI152NLin2009cAsym_res-01_desc-brain_T1w.nii.gz
  moving image: /mnt/lustre/mathdugre/fast-interpolate/datasets/ds004513/derivatives/flint/antsBrainExtraction/sub-s032/BrainExtractionBrain.nii.gz
Dimension = 3
Number of stages = 3
Use histogram matching = false
Winsorize image intensities = true
  Lower quantile = 0.005
  Upper quantile = 0.995


Stage 1 State
   Image metric = MattesMI
     Fixed image = Image (0x4b18e80)
  RTTI typeinfo:   itk::Image<double, 3u>
  Reference Count: 2
  Modified Time: 2385
  Debug: Off
  Object Name: 
  Observers: 
    none
  Source: (none)
  Source output name: (none)
  Release Data: Off
  Data Released: False
  Global Release Data: Off
  PipelineMTime: 0
  UpdateMTime: 1996
  RealTimeStamp: 0 seconds 
  LargestPossibleRegion: 
    Dimension: 3
    Index: [0, 0, 0]
    Size: [193, 229, 193]
  BufferedRegion: 
    Dimension: 3
    Index: [0, 0, 0]
    Size: [193, 229, 193]
  RequestedRegion: 
    Dimension: 3
    Index: [0, 0, 0]
    Size: [193, 229, 193]
  Spacing: [1, 1, 1]
  Origin: [96, 132, -78]
  Direction: 
-1 0 0
0 -1 0
0 0 1

  IndexToPointMatrix: 
-1 0 0
0 -1 0
0 0 1

  PointToIndexMatrix: 
-1 0 0
0 -1 0
0 0 1

  Inverse Direction: 
-1 0 0
0 -1 0
0 0 1

  PixelContainer: 
    ImportImageContainer (0x4b1b380)
      RTTI typeinfo:   itk::ImportImageContainer<unsigned long, double>
      Reference Count: 1
      Modified Time: 1993
      Debug: Off
      Object Name: 
      Observers: 
        none
      Pointer: 0x7fb72d215010
      Container manages memory: true
      Size: 8530021
      Capacity: 8530021

     Moving image = Image (0x4b1a490)
  RTTI typeinfo:   itk::Image<double, 3u>
  Reference Count: 2
  Modified Time: 2386
  Debug: Off
  Object Name: 
  Observers: 
    none
  Source: (none)
  Source output name: (none)
  Release Data: Off
  Data Released: False
  Global Release Data: Off
  PipelineMTime: 0
  UpdateMTime: 2383
  RealTimeStamp: 0 seconds 
  LargestPossibleRegion: 
    Dimension: 3
    Index: [0, 0, 0]
    Size: [160, 240, 256]
  BufferedRegion: 
    Dimension: 3
    Index: [0, 0, 0]
    Size: [160, 240, 256]
  RequestedRegion: 
    Dimension: 3
    Index: [0, 0, 0]
    Size: [160, 240, 256]
  Spacing: [1, 1, 1]
  Origin: [73.279, 104.707, -131.187]
  Direction: 
-0.997527 0.0645574 -0.0278053
-0.0645323 -0.997914 -0.00179875
-0.0278634 4.01097e-08 0.999612

  IndexToPointMatrix: 
-0.997527 0.0645574 -0.0278053
-0.0645323 -0.997914 -0.00179875
-0.0278634 4.01097e-08 0.999612

  PointToIndexMatrix: 
-0.997527 -0.0645323 -0.0278634
0.0645574 -0.997914 4.01049e-08
-0.0278053 -0.00179875 0.999612

  Inverse Direction: 
-0.997527 -0.0645323 -0.0278634
0.0645574 -0.997914 4.01049e-08
-0.0278053 -0.00179875 0.999612

  PixelContainer: 
    ImportImageContainer (0x4ba3390)
      RTTI typeinfo:   itk::ImportImageContainer<unsigned long, double>
      Reference Count: 1
      Modified Time: 2380
      Debug: Off
      Object Name: 
      Observers: 
        none
      Pointer: 0x7fb728714010
      Container manages memory: true
      Size: 9830400
      Capacity: 9830400

     Weighting = 1
     Sampling strategy = regular
     Number of bins = 32
     Radius = 4
     Sampling percentage  = 0.25
   Transform = Rigid
     Gradient step = 0.1
     Update field sigma (voxel space) = 0
     Total field sigma (voxel space) = 0
     Update field time sigma = 0
     Total field time sigma  = 0
     Number of time indices = 0
     Number of time point samples = 0
Stage 2 State
   Image metric = MattesMI
     Fixed image = Image (0x4b1ab90)
  RTTI typeinfo:   itk::Image<double, 3u>
  Reference Count: 2
  Modified Time: 3161
  Debug: Off
  Object Name: 
  Observers: 
    none
  Source: (none)
  Source output name: (none)
  Release Data: Off
  Data Released: False
  Global Release Data: Off
  PipelineMTime: 0
  UpdateMTime: 2772
  RealTimeStamp: 0 seconds 
  LargestPossibleRegion: 
    Dimension: 3
    Index: [0, 0, 0]
    Size: [193, 229, 193]
  BufferedRegion: 
    Dimension: 3
    Index: [0, 0, 0]
    Size: [193, 229, 193]
  RequestedRegion: 
    Dimension: 3
    Index: [0, 0, 0]
    Size: [193, 229, 193]
  Spacing: [1, 1, 1]
  Origin: [96, 132, -78]
  Direction: 
-1 0 0
0 -1 0
0 0 1

  IndexToPointMatrix: 
-1 0 0
0 -1 0
0 0 1

  PointToIndexMatrix: 
-1 0 0
0 -1 0
0 0 1

  Inverse Direction: 
-1 0 0
0 -1 0
0 0 1

  PixelContainer: 
    ImportImageContainer (0x4b73740)
      RTTI typeinfo:   itk::ImportImageContainer<unsigned long, double>
      Reference Count: 1
      Modified Time: 2769
      Debug: Off
      Object Name: 
      Observers: 
        none
      Pointer: 0x7fb7245ff010
      Container manages memory: true
      Size: 8530021
      Capacity: 8530021

     Moving image = Image (0x4b72110)
  RTTI typeinfo:   itk::Image<double, 3u>
  Reference Count: 2
  Modified Time: 3162
  Debug: Off
  Object Name: 
  Observers: 
    none
  Source: (none)
  Source output name: (none)
  Release Data: Off
  Data Released: False
  Global Release Data: Off
  PipelineMTime: 0
  UpdateMTime: 3159
  RealTimeStamp: 0 seconds 
  LargestPossibleRegion: 
    Dimension: 3
    Index: [0, 0, 0]
    Size: [160, 240, 256]
  BufferedRegion: 
    Dimension: 3
    Index: [0, 0, 0]
    Size: [160, 240, 256]
  RequestedRegion: 
    Dimension: 3
    Index: [0, 0, 0]
    Size: [160, 240, 256]
  Spacing: [1, 1, 1]
  Origin: [73.279, 104.707, -131.187]
  Direction: 
-0.997527 0.0645574 -0.0278053
-0.0645323 -0.997914 -0.00179875
-0.0278634 4.01097e-08 0.999612

  IndexToPointMatrix: 
-0.997527 0.0645574 -0.0278053
-0.0645323 -0.997914 -0.00179875
-0.0278634 4.01097e-08 0.999612

  PointToIndexMatrix: 
-0.997527 -0.0645323 -0.0278634
0.0645574 -0.997914 4.01049e-08
-0.0278053 -0.00179875 0.999612

  Inverse Direction: 
-0.997527 -0.0645323 -0.0278634
0.0645574 -0.997914 4.01049e-08
-0.0278053 -0.00179875 0.999612

  PixelContainer: 
    ImportImageContainer (0x4c43590)
      RTTI typeinfo:   itk::ImportImageContainer<unsigned long, double>
      Reference Count: 1
      Modified Time: 3156
      Debug: Off
      Object Name: 
      Observers: 
        none
      Pointer: 0x7fb71fafe010
      Container manages memory: true
      Size: 9830400
      Capacity: 9830400

     Weighting = 1
     Sampling strategy = regular
     Number of bins = 32
     Radius = 4
     Sampling percentage  = 0.25
   Transform = Affine
     Gradient step = 0.1
     Update field sigma (voxel space) = 0
     Total field sigma (voxel space) = 0
     Update field time sigma = 0
     Total field time sigma  = 0
     Number of time indices = 0
     Number of time point samples = 0
Stage 3 State
   Image metric = CC
     Fixed image = Image (0x4b6d7b0)
  RTTI typeinfo:   itk::Image<double, 3u>
  Reference Count: 2
  Modified Time: 3937
  Debug: Off
  Object Name: 
  Observers: 
    none
  Source: (none)
  Source output name: (none)
  Release Data: Off
  Data Released: False
  Global Release Data: Off
  PipelineMTime: 0
  UpdateMTime: 3548
  RealTimeStamp: 0 seconds 
  LargestPossibleRegion: 
    Dimension: 3
    Index: [0, 0, 0]
    Size: [193, 229, 193]
  BufferedRegion: 
    Dimension: 3
    Index: [0, 0, 0]
    Size: [193, 229, 193]
  RequestedRegion: 
    Dimension: 3
    Index: [0, 0, 0]
    Size: [193, 229, 193]
  Spacing: [1, 1, 1]
  Origin: [96, 132, -78]
  Direction: 
-1 0 0
0 -1 0
0 0 1

  IndexToPointMatrix: 
-1 0 0
0 -1 0
0 0 1

  PointToIndexMatrix: 
-1 0 0
0 -1 0
0 0 1

  Inverse Direction: 
-1 0 0
0 -1 0
0 0 1

  PixelContainer: 
    ImportImageContainer (0x4b700c0)
      RTTI typeinfo:   itk::ImportImageContainer<unsigned long, double>
      Reference Count: 1
      Modified Time: 3545
      Debug: Off
      Object Name: 
      Observers: 
        none
      Pointer: 0x7fb71b9e9010
      Container manages memory: true
      Size: 8530021
      Capacity: 8530021

     Moving image = Image (0x4b6fc10)
  RTTI typeinfo:   itk::Image<double, 3u>
  Reference Count: 2
  Modified Time: 3938
  Debug: Off
  Object Name: 
  Observers: 
    none
  Source: (none)
  Source output name: (none)
  Release Data: Off
  Data Released: False
  Global Release Data: Off
  PipelineMTime: 0
  UpdateMTime: 3935
  RealTimeStamp: 0 seconds 
  LargestPossibleRegion: 
    Dimension: 3
    Index: [0, 0, 0]
    Size: [160, 240, 256]
  BufferedRegion: 
    Dimension: 3
    Index: [0, 0, 0]
    Size: [160, 240, 256]
  RequestedRegion: 
    Dimension: 3
    Index: [0, 0, 0]
    Size: [160, 240, 256]
  Spacing: [1, 1, 1]
  Origin: [73.279, 104.707, -131.187]
  Direction: 
-0.997527 0.0645574 -0.0278053
-0.0645323 -0.997914 -0.00179875
-0.0278634 4.01097e-08 0.999612

  IndexToPointMatrix: 
-0.997527 0.0645574 -0.0278053
-0.0645323 -0.997914 -0.00179875
-0.0278634 4.01097e-08 0.999612

  PointToIndexMatrix: 
-0.997527 -0.0645323 -0.0278634
0.0645574 -0.997914 4.01049e-08
-0.0278053 -0.00179875 0.999612

  Inverse Direction: 
-0.997527 -0.0645323 -0.0278634
0.0645574 -0.997914 4.01049e-08
-0.0278053 -0.00179875 0.999612

  PixelContainer: 
    ImportImageContainer (0x4b6c190)
      RTTI typeinfo:   itk::ImportImageContainer<unsigned long, double>
      Reference Count: 1
      Modified Time: 3932
      Debug: Off
      Object Name: 
      Observers: 
        none
      Pointer: 0x7fb716ee8010
      Container manages memory: true
      Size: 9830400
      Capacity: 9830400

     Weighting = 1
     Sampling strategy = none
     Number of bins = 32
     Radius = 4
     Sampling percentage  = 1
   Transform = SyN
     Gradient step = 0.1
     Update field sigma (voxel space) = 3
     Total field sigma (voxel space) = 0
     Update field time sigma = 0
     Total field time sigma  = 0
     Number of time indices = 0
     Number of time point samples = 0
Registration using 3 total stages.

Stage 0
  iterations = 1000x500x250x100
  convergence threshold = 1e-06
  convergence window size = 10
  number of levels = 4
  using the Mattes MI metric (number of bins = 32, weight = 1, use gradient filter = 0)
  preprocessing:  winsorizing the image intensities
  Shrink factors (level 1 out of 4): [8, 8, 8]
  Shrink factors (level 2 out of 4): [4, 4, 4]
  Shrink factors (level 3 out of 4): [2, 2, 2]
  Shrink factors (level 4 out of 4): [1, 1, 1]
  smoothing sigmas per level: [3, 2, 1, 0]
  regular sampling (percentage = 0.25)

*** Running Euler3DTransform registration ***

DIAGNOSTIC,Iteration,metricValue,convergenceValue,ITERATION_TIME_INDEX,SINCE_LAST
*/mnt/lustre/mathdugre/fast-interpolate/datasets/ds004513/derivatives/flint/antsRegistration/binary64/sub-s032/Stage1_level1_Iter0001.nii.gz
2DIAGNOSTIC,     1, -5.514213200021e-01, 1.797693134862e+308, 4.9142e+00, 4.9142e+00, 
*/mnt/lustre/mathdugre/fast-interpolate/datasets/ds004513/derivatives/flint/antsRegistration/binary64/sub-s032/Stage1_level1_Iter0002.nii.gz
2DIAGNOSTIC,     2, -5.539750082902e-01, 1.797693134862e+308, 4.9417e+00, 2.7498e-02, 
*/mnt/lustre/mathdugre/fast-interpolate/datasets/ds004513/derivatives/flint/antsRegistration/binary64/sub-s032/Stage1_level1_Iter0003.nii.gz
2DIAGNOSTIC,     3, -5.587289127236e-01, 1.797693134862e+308, 4.9695e+00, 2.7769e-02, 
*/mnt/lustre/mathdugre/fast-interpolate/datasets/ds004513/derivatives/flint/antsRegistration/binary64/sub-s032/Stage1_level1_Iter0004.nii.gz
2DIAGNOSTIC,     4, -5.659654589677e-01, 1.797693134862e+308, 4.9980e+00, 2.8542e-02, 
*/mnt/lustre/mathdugre/fast-interpolate/datasets/ds004513/derivatives/flint/antsRegistration/binary64/sub-s032/Stage1_level1_Iter0005.nii.gz
2DIAGNOSTIC,     5, -5.746712744375e-01, 1.797693134862e+308, 5.0263e+00, 2.8248e-02, 
*/mnt/lustre/mathdugre/fast-interpolate/datasets/ds004513/derivatives/flint/antsRegistration/binary64/sub-s032/Stage1_level1_Iter0006.nii.gz
2DIAGNOSTIC,     6, -5.987401744008e-01, 1.797693134862e+308, 5.0542e+00, 2.7866e-02, 
*/mnt/lustre/mathdugre/fast-interpolate/datasets/ds004513/derivatives/flint/antsRegistration/binary64/sub-s032/Stage1_level1_Iter0007.nii.gz
2DIAGNOSTIC,     7, -6.179709726493e-01, 1.797693134862e+308, 5.0826e+00, 2.8472e-02, 
*/mnt/lustre/mathdugre/fast-interpolate/datasets/ds004513/derivatives/flint/antsRegistration/binary64/sub-s032/Stage1_level1_Iter0008.nii.gz
2DIAGNOSTIC,     8, -6.350353092410e-01, 1.797693134862e+308, 5.1137e+00, 3.1078e-02, 
*/mnt/lustre/mathdugre/fast-interpolate/datasets/ds004513/derivatives/flint/antsRegistration/binary64/sub-s032/Stage1_level1_Iter0009.nii.gz
2DIAGNOSTIC,     9, -6.387062825952e-01, 1.797693134862e+308, 5.1469e+00, 3.3196e-02, 
*/mnt/lustre/mathdugre/fast-interpolate/datasets/ds004513/derivatives/flint/antsRegistration/binary64/sub-s032/Stage1_level1_Iter0010.nii.gz
2DIAGNOSTIC,    10, -6.456768227894e-01, 1.196833945510e-02, 5.1781e+00, 3.1219e-02, 
*/mnt/lustre/mathdugre/fast-interpolate/datasets/ds004513/derivatives/flint/antsRegistration/binary64/sub-s032/Stage1_level1_Iter0011.nii.gz
2DIAGNOSTIC,    11, -6.503319695760e-01, 1.098736440126e-02, 5.2125e+00, 3.4373e-02, 
*/mnt/lustre/mathdugre/fast-interpolate/datasets/ds004513/derivatives/flint/antsRegistration/binary64/sub-s032/Stage1_level1_Iter0012.nii.gz
2DIAGNOSTIC,    12, -6.516032966209e-01, 9.338385697498e-03, 5.2383e+00, 2.5841e-02, 
*/mnt/lustre/mathdugre/fast-interpolate/datasets/ds004513/derivatives/flint/antsRegistration/binary64/sub-s032/Stage1_level1_Iter0013.nii.gz
2DIAGNOSTIC,    13, -6.548968924064e-01, 7.412235584690e-03, 5.2679e+00, 2.9595e-02, 
*/mnt/lustre/mathdugre/fast-interpolate/datasets/ds004513/derivatives/flint/antsRegistration/binary64/sub-s032/Stage1_level1_Iter0014.nii.gz
2DIAGNOSTIC,    14, -6.563178067774e-01, 5.405194140640e-03, 5.2946e+00, 2.6666e-02, 
*/mnt/lustre/mathdugre/fast-interpolate/datasets/ds004513/derivatives/flint/antsRegistration/binary64/sub-s032/Stage1_level1_Iter0015.nii.gz
2DIAGNOSTIC,    15, -6.574102675851e-01, 3.485772020188e-03, 5.3229e+00, 2.8267e-02, 
*/mnt/lustre/mathdugre/fast-interpolate/datasets/ds004513/derivatives/flint/antsRegistration/binary64/sub-s032/Stage1_level1_Iter0016.nii.gz
2DIAGNOSTIC,    16, -6.588116686860e-01, 2.226976716040e-03, 5.3550e+00, 3.2117e-02, 
*/mnt/lustre/mathdugre/fast-interpolate/datasets/ds004513/derivatives/flint/antsRegistration/binary64/sub-s032/Stage1_level1_Iter0017.nii.gz
2DIAGNOSTIC,    17, -6.591873066085e-01, 1.440449329418e-03, 5.3844e+00, 2.9463e-02, 
*/mnt/lustre/mathdugre/fast-interpolate/datasets/ds004513/derivatives/flint/antsRegistration/binary64/sub-s032/Stage1_level1_Iter0018.nii.gz
2DIAGNOSTIC,    18, -6.590221824311e-01, 1.043799670737e-03, 5.4162e+00, 3.1793e-02, 
*/mnt/lustre/mathdugre/fast-interpolate/datasets/ds004513/derivatives/flint/antsRegistration/binary64/sub-s032/Stage1_level1_Iter0019.nii.gz
2DIAGNOSTIC,    19, -6.598236384980e-01, 6.991189935002e-04, 5.4620e+00, 4.5795e-02, 
*/mnt/lustre/mathdugre/fast-interpolate/datasets/ds004513/derivatives/flint/antsRegistration/binary64/sub-s032/Stage1_level1_Iter0020.nii.gz
2DIAGNOSTIC,    20, -6.600046111972e-01, 4.861286732011e-04, 5.4900e+00, 2.7951e-02, 
*/mnt/lustre/mathdugre/fast-interpolate/datasets/ds004513/derivatives/flint/antsRegistration/binary64/sub-s032/Stage1_level1_Iter0021.nii.gz
2DIAGNOSTIC,    21, -6.601559314691e-01, 3.531902353011e-04, 5.5193e+00, 2.9335e-02, 
*/mnt/lustre/mathdugre/fast-interpolate/datasets/ds004513/derivatives/flint/antsRegistration/binary64/sub-s032/Stage1_level1_Iter0022.nii.gz
2DIAGNOSTIC,    22, -6.603856440546e-01, 2.298160931030e-04, 5.5470e+00, 2.7724e-02, 
*/mnt/lustre/mathdugre/fast-interpolate/datasets/ds004513/derivatives/flint/antsRegistration/binary64/sub-s032/Stage1_level1_Iter0023.nii.gz
2DIAGNOSTIC,    23, -6.607178500490e-01, 1.673318596840e-04, 5.5745e+00, 2.7470e-02, 
*/mnt/lustre/mathdugre/fast-interpolate/datasets/ds004513/derivatives/flint/antsRegistration/binary64/sub-s032/Stage1_level1_Iter0024.nii.gz
2DIAGNOSTIC,    24, -6.611610985078e-01, 1.292553723865e-04, 5.5988e+00, 2.4258e-02, 
*/mnt/lustre/mathdugre/fast-interpolate/datasets/ds004513/derivatives/flint/antsRegistration/binary64/sub-s032/Stage1_level1_Iter0025.nii.gz
2DIAGNOSTIC,    25, -6.617781933314e-01, 1.122048906239e-04, 5.6263e+00, 2.7548e-02, 
*/mnt/lustre/mathdugre/fast-interpolate/datasets/ds004513/derivatives/flint/antsRegistration/binary64/sub-s032/Stage1_level1_Iter0026.nii.gz
2DIAGNOSTIC,    26, -6.628739405908e-01, 1.290012047010e-04, 5.6532e+00, 2.6923e-02, 
*/mnt/lustre/mathdugre/fast-interpolate/datasets/ds004513/derivatives/flint/antsRegistration/binary64/sub-s032/Stage1_level1_Iter0027.nii.gz
2DIAGNOSTIC,    27, -6.636395176431e-01, 1.513228307415e-04, 5.6837e+00, 3.0473e-02, 
*/mnt/lustre/mathdugre/fast-interpolate/datasets/ds004513/derivatives/flint/antsRegistration/binary64/sub-s032/Stage1_level1_Iter0028.nii.gz
2DIAGNOSTIC,    28, -6.638615363490e-01, 1.583514772665e-04, 5.7102e+00, 2.6447e-02, 
*/mnt/lustre/mathdugre/fast-interpolate/datasets/ds004513/derivatives/flint/antsRegistration/binary64/sub-s032/Stage1_level1_Iter0029.nii.gz
2DIAGNOSTIC,    29, -6.638884882144e-01, 1.629583106490e-04, 5.7443e+00, 3.4180e-02, 
*/mnt/lustre/mathdugre/fast-interpolate/datasets/ds004513/derivatives/flint/antsRegistration/binary64/sub-s032/Stage1_level1_Iter0030.nii.gz
2DIAGNOSTIC,    30, -6.639289499674e-01, 1.552861491165e-04, 5.7727e+00, 2.8313e-02, 
*/mnt/lustre/mathdugre/fast-interpolate/datasets/ds004513/derivatives/flint/antsRegistration/binary64/sub-s032/Stage1_level1_Iter0031.nii.gz
2DIAGNOSTIC,    31, -6.639798541373e-01, 1.362229357253e-04, 5.8036e+00, 3.0960e-02, 
*/mnt/lustre/mathdugre/fast-interpolate/datasets/ds004513/derivatives/flint/antsRegistration/binary64/sub-s032/Stage1_level1_Iter0032.nii.gz
2DIAGNOSTIC,    32, -6.640216039344e-01, 1.092028897035e-04, 5.8307e+00, 2.7083e-02, 
*/mnt/lustre/mathdugre/fast-interpolate/datasets/ds004513/derivatives/flint/antsRegistration/binary64/sub-s032/Stage1_level1_Iter0033.nii.gz
2DIAGNOSTIC,    33, -6.642736012054e-01, 8.157314640271e-05, 5.8582e+00, 2.7493e-02, 
*/mnt/lustre/mathdugre/fast-interpolate/datasets/ds004513/derivatives/flint/antsRegistration/binary64/sub-s032/Stage1_level1_Iter0034.nii.gz
2DIAGNOSTIC,    34, -6.666894507339e-01, 8.528177180560e-05, 5.8970e+00, 3.8776e-02, 
*/mnt/lustre/mathdugre/fast-interpolate/datasets/ds004513/derivatives/flint/antsRegistration/binary64/sub-s032/Stage1_level1_Iter0035.nii.gz
2DIAGNOSTIC,    35, -6.670602926953e-01, 9.219515491851e-05, 5.9272e+00, 3.0269e-02, 
*/mnt/lustre/mathdugre/fast-interpolate/datasets/ds004513/derivatives/flint/antsRegistration/binary64/sub-s032/Stage1_level1_Iter0036.nii.gz
2DIAGNOSTIC,    36, -6.669613883980e-01, 1.023256978664e-04, 5.9517e+00, 2.4476e-02, 
*/mnt/lustre/mathdugre/fast-interpolate/datasets/ds004513/derivatives/flint/antsRegistration/binary64/sub-s032/Stage1_level1_Iter0037.nii.gz
2DIAGNOSTIC,    37, -6.669738385194e-01, 1.120126730662e-04, 5.9798e+00, 2.8058e-02, 
*/mnt/lustre/mathdugre/fast-interpolate/datasets/ds004513/derivatives/flint/antsRegistration/binary64/sub-s032/Stage1_level1_Iter0038.nii.gz
2DIAGNOSTIC,    38, -6.669864296850e-01, 1.132262138262e-04, 6.0066e+00, 2.6823e-02, 
*/mnt/lustre/mathdugre/fast-interpolate/datasets/ds004513/derivatives/flint/antsRegistration/binary64/sub-s032/Stage1_level1_Iter0039.nii.gz
2DIAGNOSTIC,    39, -6.671000834322e-01, 1.047602207665e-04, 6.0333e+00, 2.6674e-02, 
*/mnt/lustre/mathdugre/fast-interpolate/datasets/ds004513/derivatives/flint/antsRegistration/binary64/sub-s032/Stage1_level1_Iter0040.nii.gz
2DIAGNOSTIC,    40, -6.673987957758e-01, 9.040476331498e-05, 6.0577e+00, 2.4454e-02, 
*/mnt/lustre/mathdugre/fast-interpolate/datasets/ds004513/derivatives/flint/antsRegistration/binary64/sub-s032/Stage1_level1_Iter0041.nii.gz
2DIAGNOSTIC,    41, -6.685273471031e-01, 8.126758517722e-05, 6.0834e+00, 2.5658e-02, 
*/mnt/lustre/mathdugre/fast-interpolate/datasets/ds004513/derivatives/flint/antsRegistration/binary64/sub-s032/Stage1_level1_Iter0042.nii.gz
2DIAGNOSTIC,    42, -6.691711405747e-01, 7.209691080454e-05, 6.1236e+00, 4.0180e-02, 
*/mnt/lustre/mathdugre/fast-interpolate/datasets/ds004513/derivatives/flint/antsRegistration/binary64/sub-s032/Stage1_level1_Iter0043.nii.gz
2DIAGNOSTIC,    43, -6.694485812277e-01, 6.128657892116e-05, 6.1516e+00, 2.8013e-02, 
*/mnt/lustre/mathdugre/fast-interpolate/datasets/ds004513/derivatives/flint/antsRegistration/binary64/sub-s032/Stage1_level1_Iter0044.nii.gz
2DIAGNOSTIC,    44, -6.695867873409e-01, 7.073628179239e-05, 6.1781e+00, 2.6513e-02, 
*/mnt/lustre/mathdugre/fast-interpolate/datasets/ds004513/derivatives/flint/antsRegistration/binary64/sub-s032/Stage1_level1_Iter0045.nii.gz
2DIAGNOSTIC,    45, -6.697589608302e-01, 7.839173131362e-05, 6.2123e+00, 3.4240e-02, 
*/mnt/lustre/mathdugre/fast-interpolate/datasets/ds004513/derivatives/flint/antsRegistration/binary64/sub-s032/Stage1_level1_Iter0046.nii.gz
2DIAGNOSTIC,    46, -6.701230609353e-01, 8.061729201330e-05, 6.2408e+00, 2.8437e-02, 
*/mnt/lustre/mathdugre/fast-interpolate/datasets/ds004513/derivatives/flint/antsRegistration/binary64/sub-s032/Stage1_level1_Iter0047.nii.gz
2DIAGNOSTIC,    47, -6.703182924899e-01, 7.688470580470e-05, 6.2717e+00, 3.0909e-02, 
*/mnt/lustre/mathdugre/fast-interpolate/datasets/ds004513/derivatives/flint/antsRegistration/binary64/sub-s032/Stage1_level1_Iter0048.nii.gz
2DIAGNOSTIC,    48, -6.708984766554e-01, 7.154424751404e-05, 6.3074e+00, 3.5774e-02, 
*/mnt/lustre/mathdugre/fast-interpolate/datasets/ds004513/derivatives/flint/antsRegistration/binary64/sub-s032/Stage1_level1_Iter0049.nii.gz
2DIAGNOSTIC,    49, -6.709623175252e-01, 6.125782843742e-05, 6.3342e+00, 2.6801e-02, 
*/mnt/lustre/mathdugre/fast-interpolate/datasets/ds004513/derivatives/flint/antsRegistration/binary64/sub-s032/Stage1_level1_Iter0050.nii.gz
2DIAGNOSTIC,    50, -6.709995983289e-01, 4.838656253819e-05, 6.3622e+00, 2.7997e-02, 
*/mnt/lustre/mathdugre/fast-interpolate/datasets/ds004513/derivatives/flint/antsRegistration/binary64/sub-s032/Stage1_level1_Iter0051.nii.gz
2DIAGNOSTIC,    51, -6.710431003716e-01, 4.141026339767e-05, 6.3905e+00, 2.8249e-02, 
*/mnt/lustre/mathdugre/fast-interpolate/datasets/ds004513/derivatives/flint/antsRegistration/binary64/sub-s032/Stage1_level1_Iter0052.nii.gz
2DIAGNOSTIC,    52, -6.710649494127e-01, 3.630892457066e-05, 6.4213e+00, 3.0800e-02, 
*/mnt/lustre/mathdugre/fast-interpolate/datasets/ds004513/derivatives/flint/antsRegistration/binary64/sub-s032/Stage1_level1_Iter0053.nii.gz
2DIAGNOSTIC,    53, -6.710069100243e-01, 2.974017805037e-05, 6.4477e+00, 2.6371e-02, 
*/mnt/lustre/mathdugre/fast-interpolate/datasets/ds004513/derivatives/flint/antsRegistration/binary64/sub-s032/Stage1_level1_Iter0054.nii.gz
2DIAGNOSTIC,    54, -6.710362229804e-01, 2.199641772565e-05, 6.4785e+00, 3.0864e-02, 
*/mnt/lustre/mathdugre/fast-interpolate/datasets/ds004513/derivatives/flint/antsRegistration/binary64/sub-s032/Stage1_level1_Iter0055.nii.gz
2DIAGNOSTIC,    55, -6.710861096546e-01, 1.424340587998e-05, 6.5141e+00, 3.5566e-02, 
*/mnt/lustre/mathdugre/fast-interpolate/datasets/ds004513/derivatives/flint/antsRegistration/binary64/sub-s032/Stage1_level1_Iter0056.nii.gz
2DIAGNOSTIC,    56, -6.711104937081e-01, 8.484157382822e-06, 6.5550e+00, 4.0944e-02, 
*/mnt/lustre/mathdugre/fast-interpolate/datasets/ds004513/derivatives/flint/antsRegistration/binary64/sub-s032/Stage1_level1_Iter0057.nii.gz
2DIAGNOSTIC,    57, -6.711116816180e-01, 3.558979291149e-06, 6.5812e+00, 2.6197e-02, 
*/mnt/lustre/mathdugre/fast-interpolate/datasets/ds004513/derivatives/flint/antsRegistration/binary64/sub-s032/Stage1_level1_Iter0058.nii.gz
2DIAGNOSTIC,    58, -6.711147955244e-01, 2.909209505322e-06, 6.6090e+00, 2.7750e-02, 
*/mnt/lustre/mathdugre/fast-interpolate/datasets/ds004513/derivatives/flint/antsRegistration/binary64/sub-s032/Stage1_level1_Iter0059.nii.gz
2DIAGNOSTIC,    59, -6.711192464003e-01, 2.557947512218e-06, 6.6370e+00, 2.8056e-02, 
*/mnt/lustre/mathdugre/fast-interpolate/datasets/ds004513/derivatives/flint/antsRegistration/binary64/sub-s032/Stage1_level1_Iter0060.nii.gz
2DIAGNOSTIC,    60, -6.711253369602e-01, 2.318411600647e-06, 6.6659e+00, 2.8889e-02, 
*/mnt/lustre/mathdugre/fast-interpolate/datasets/ds004513/derivatives/flint/antsRegistration/binary64/sub-s032/Stage1_level1_Iter0061.nii.gz
2DIAGNOSTIC,    61, -6.711303796765e-01, 2.251517522797e-06, 6.6917e+00, 2.5733e-02, 
*/mnt/lustre/mathdugre/fast-interpolate/datasets/ds004513/derivatives/flint/antsRegistration/binary64/sub-s032/Stage1_level1_Iter0062.nii.gz
2DIAGNOSTIC,    62, -6.710415074569e-01, 1.570964762200e-06, 6.7197e+00, 2.8034e-02, 
DIAGNOSTIC,Iteration,metricValue,convergenceValue,ITERATION_TIME_INDEX,SINCE_LAST
*/mnt/lustre/mathdugre/fast-interpolate/datasets/ds004513/derivatives/flint/antsRegistration/binary64/sub-s032/Stage1_level2_Iter0001.nii.gz
2DIAGNOSTIC,     1, -5.305419883033e-01, 1.797693134862e+308, 1.1812e+01, 5.0925e+00, 
*/mnt/lustre/mathdugre/fast-interpolate/datasets/ds004513/derivatives/flint/antsRegistration/binary64/sub-s032/Stage1_level2_Iter0002.nii.gz
2DIAGNOSTIC,     2, -5.311171125770e-01, 1.797693134862e+308, 1.1988e+01, 1.7612e-01, 
*/mnt/lustre/mathdugre/fast-interpolate/datasets/ds004513/derivatives/flint/antsRegistration/binary64/sub-s032/Stage1_level2_Iter0003.nii.gz
2DIAGNOSTIC,     3, -5.318101544512e-01, 1.797693134862e+308, 1.2179e+01, 1.9065e-01, 
*/mnt/lustre/mathdugre/fast-interpolate/datasets/ds004513/derivatives/flint/antsRegistration/binary64/sub-s032/Stage1_level2_Iter0004.nii.gz
2DIAGNOSTIC,     4, -5.321024750759e-01, 1.797693134862e+308, 1.2376e+01, 1.9669e-01, 
*/mnt/lustre/mathdugre/fast-interpolate/datasets/ds004513/derivatives/flint/antsRegistration/binary64/sub-s032/Stage1_level2_Iter0005.nii.gz
2DIAGNOSTIC,     5, -5.321797872412e-01, 1.797693134862e+308, 1.2584e+01, 2.0796e-01, 
*/mnt/lustre/mathdugre/fast-interpolate/datasets/ds004513/derivatives/flint/antsRegistration/binary64/sub-s032/Stage1_level2_Iter0006.nii.gz
2DIAGNOSTIC,     6, -5.321743046117e-01, 1.797693134862e+308, 1.2759e+01, 1.7567e-01, 
*/mnt/lustre/mathdugre/fast-interpolate/datasets/ds004513/derivatives/flint/antsRegistration/binary64/sub-s032/Stage1_level2_Iter0007.nii.gz
2DIAGNOSTIC,     7, -5.321719461643e-01, 1.797693134862e+308, 1.2971e+01, 2.1207e-01, 
*/mnt/lustre/mathdugre/fast-interpolate/datasets/ds004513/derivatives/flint/antsRegistration/binary64/sub-s032/Stage1_level2_Iter0008.nii.gz
2DIAGNOSTIC,     8, -5.322136569884e-01, 1.797693134862e+308, 1.3176e+01, 2.0482e-01, 
*/mnt/lustre/mathdugre/fast-interpolate/datasets/ds004513/derivatives/flint/antsRegistration/binary64/sub-s032/Stage1_level2_Iter0009.nii.gz
2DIAGNOSTIC,     9, -5.322305588178e-01, 1.797693134862e+308, 1.3367e+01, 1.9083e-01, 
*/mnt/lustre/mathdugre/fast-interpolate/datasets/ds004513/derivatives/flint/antsRegistration/binary64/sub-s032/Stage1_level2_Iter0010.nii.gz
2DIAGNOSTIC,    10, -5.321854499617e-01, 1.598010684446e-04, 1.3580e+01, 2.1280e-01, 
*/mnt/lustre/mathdugre/fast-interpolate/datasets/ds004513/derivatives/flint/antsRegistration/binary64/sub-s032/Stage1_level2_Iter0011.nii.gz
2DIAGNOSTIC,    11, -5.322347244410e-01, 7.822365685567e-05, 1.3786e+01, 2.0589e-01, 
*/mnt/lustre/mathdugre/fast-interpolate/datasets/ds004513/derivatives/flint/antsRegistration/binary64/sub-s032/Stage1_level2_Iter0012.nii.gz
2DIAGNOSTIC,    12, -5.322677348026e-01, 2.982209896815e-05, 1.4016e+01, 2.3057e-01, 
*/mnt/lustre/mathdugre/fast-interpolate/datasets/ds004513/derivatives/flint/antsRegistration/binary64/sub-s032/Stage1_level2_Iter0013.nii.gz
2DIAGNOSTIC,    13, -5.322819860307e-01, 1.510046246123e-05, 1.4206e+01, 1.8940e-01, 
*/mnt/lustre/mathdugre/fast-interpolate/datasets/ds004513/derivatives/flint/antsRegistration/binary64/sub-s032/Stage1_level2_Iter0014.nii.gz
2DIAGNOSTIC,    14, -5.322977629214e-01, 1.302230539979e-05, 1.4395e+01, 1.8896e-01, 
*/mnt/lustre/mathdugre/fast-interpolate/datasets/ds004513/derivatives/flint/antsRegistration/binary64/sub-s032/Stage1_level2_Iter0015.nii.gz
2DIAGNOSTIC,    15, -5.323614073811e-01, 1.531628309616e-05, 1.4578e+01, 1.8389e-01, 
*/mnt/lustre/mathdugre/fast-interpolate/datasets/ds004513/derivatives/flint/antsRegistration/binary64/sub-s032/Stage1_level2_Iter0016.nii.gz
2DIAGNOSTIC,    16, -5.324404905329e-01, 1.852582987948e-05, 1.4793e+01, 2.1436e-01, 
*/mnt/lustre/mathdugre/fast-interpolate/datasets/ds004513/derivatives/flint/antsRegistration/binary64/sub-s032/Stage1_level2_Iter0017.nii.gz
2DIAGNOSTIC,    17, -5.328966980676e-01, 3.397536864364e-05, 1.4984e+01, 1.9074e-01, 
*/mnt/lustre/mathdugre/fast-interpolate/datasets/ds004513/derivatives/flint/antsRegistration/binary64/sub-s032/Stage1_level2_Iter0018.nii.gz
2DIAGNOSTIC,    18, -5.333383129349e-01, 5.873108605661e-05, 1.5192e+01, 2.0842e-01, 
*/mnt/lustre/mathdugre/fast-interpolate/datasets/ds004513/derivatives/flint/antsRegistration/binary64/sub-s032/Stage1_level2_Iter0019.nii.gz
2DIAGNOSTIC,    19, -5.343161283440e-01, 1.034319090451e-04, 1.5469e+01, 2.7732e-01, 
*/mnt/lustre/mathdugre/fast-interpolate/datasets/ds004513/derivatives/flint/antsRegistration/binary64/sub-s032/Stage1_level2_Iter0020.nii.gz
2DIAGNOSTIC,    20, -5.345177240158e-01, 1.379019499472e-04, 1.5657e+01, 1.8790e-01, 
*/mnt/lustre/mathdugre/fast-interpolate/datasets/ds004513/derivatives/flint/antsRegistration/binary64/sub-s032/Stage1_level2_Iter0021.nii.gz
2DIAGNOSTIC,    21, -5.353256780306e-01, 1.783937930707e-04, 1.5848e+01, 1.9063e-01, 
*/mnt/lustre/mathdugre/fast-interpolate/datasets/ds004513/derivatives/flint/antsRegistration/binary64/sub-s032/Stage1_level2_Iter0022.nii.gz
2DIAGNOSTIC,    22, -5.358420241542e-01, 2.116602667475e-04, 1.6032e+01, 1.8465e-01, 
*/mnt/lustre/mathdugre/fast-interpolate/datasets/ds004513/derivatives/flint/antsRegistration/binary64/sub-s032/Stage1_level2_Iter0023.nii.gz
2DIAGNOSTIC,    23, -5.365324985847e-01, 2.383836729643e-04, 1.6218e+01, 1.8511e-01, 
*/mnt/lustre/mathdugre/fast-interpolate/datasets/ds004513/derivatives/flint/antsRegistration/binary64/sub-s032/Stage1_level2_Iter0024.nii.gz
2DIAGNOSTIC,    24, -5.419455629730e-01, 3.608340439961e-04, 1.6414e+01, 1.9644e-01, 
*/mnt/lustre/mathdugre/fast-interpolate/datasets/ds004513/derivatives/flint/antsRegistration/binary64/sub-s032/Stage1_level2_Iter0025.nii.gz
2DIAGNOSTIC,    25, -5.444227172201e-01, 4.907058455784e-04, 1.6610e+01, 1.9611e-01, 
*/mnt/lustre/mathdugre/fast-interpolate/datasets/ds004513/derivatives/flint/antsRegistration/binary64/sub-s032/Stage1_level2_Iter0026.nii.gz
2DIAGNOSTIC,    26, -5.470449338221e-01, 6.195155308867e-04, 1.6842e+01, 2.3143e-01, 
*/mnt/lustre/mathdugre/fast-interpolate/datasets/ds004513/derivatives/flint/antsRegistration/binary64/sub-s032/Stage1_level2_Iter0027.nii.gz
2DIAGNOSTIC,    27, -5.491757996341e-01, 7.318154134431e-04, 1.7098e+01, 2.5684e-01, 
*/mnt/lustre/mathdugre/fast-interpolate/datasets/ds004513/derivatives/flint/antsRegistration/binary64/sub-s032/Stage1_level2_Iter0028.nii.gz
2DIAGNOSTIC,    28, -5.500262172130e-01, 7.908237933262e-04, 1.7306e+01, 2.0769e-01, 
*/mnt/lustre/mathdugre/fast-interpolate/datasets/ds004513/derivatives/flint/antsRegistration/binary64/sub-s032/Stage1_level2_Iter0029.nii.gz
2DIAGNOSTIC,    29, -5.504593597828e-01, 7.960785806682e-04, 1.7496e+01, 1.8954e-01, 
*/mnt/lustre/mathdugre/fast-interpolate/datasets/ds004513/derivatives/flint/antsRegistration/binary64/sub-s032/Stage1_level2_Iter0030.nii.gz
2DIAGNOSTIC,    30, -5.506872394615e-01, 7.326548737602e-04, 1.7703e+01, 2.0768e-01, 
*/mnt/lustre/mathdugre/fast-interpolate/datasets/ds004513/derivatives/flint/antsRegistration/binary64/sub-s032/Stage1_level2_Iter0031.nii.gz
2DIAGNOSTIC,    31, -5.508954141188e-01, 6.221468804975e-04, 1.7888e+01, 1.8504e-01, 
*/mnt/lustre/mathdugre/fast-interpolate/datasets/ds004513/derivatives/flint/antsRegistration/binary64/sub-s032/Stage1_level2_Iter0032.nii.gz
2DIAGNOSTIC,    32, -5.510173693221e-01, 4.711384878075e-04, 1.8074e+01, 1.8586e-01, 
*/mnt/lustre/mathdugre/fast-interpolate/datasets/ds004513/derivatives/flint/antsRegistration/binary64/sub-s032/Stage1_level2_Iter0033.nii.gz
2DIAGNOSTIC,    33, -5.517835432711e-01, 3.066097271061e-04, 1.8303e+01, 2.2911e-01, 
*/mnt/lustre/mathdugre/fast-interpolate/datasets/ds004513/derivatives/flint/antsRegistration/binary64/sub-s032/Stage1_level2_Iter0034.nii.gz
2DIAGNOSTIC,    34, -5.522720113698e-01, 2.141743893844e-04, 1.8512e+01, 2.0865e-01, 
*/mnt/lustre/mathdugre/fast-interpolate/datasets/ds004513/derivatives/flint/antsRegistration/binary64/sub-s032/Stage1_level2_Iter0035.nii.gz
2DIAGNOSTIC,    35, -5.531932002676e-01, 1.574755879036e-04, 1.8697e+01, 1.8496e-01, 
*/mnt/lustre/mathdugre/fast-interpolate/datasets/ds004513/derivatives/flint/antsRegistration/binary64/sub-s032/Stage1_level2_Iter0036.nii.gz
2DIAGNOSTIC,    36, -5.538291057680e-01, 1.360283496556e-04, 1.8878e+01, 1.8067e-01, 
*/mnt/lustre/mathdugre/fast-interpolate/datasets/ds004513/derivatives/flint/antsRegistration/binary64/sub-s032/Stage1_level2_Iter0037.nii.gz
2DIAGNOSTIC,    37, -5.547659627572e-01, 1.463149112363e-04, 1.9063e+01, 1.8518e-01, 
*/mnt/lustre/mathdugre/fast-interpolate/datasets/ds004513/derivatives/flint/antsRegistration/binary64/sub-s032/Stage1_level2_Iter0038.nii.gz
2DIAGNOSTIC,    38, -5.591831446837e-01, 2.147885582119e-04, 1.9340e+01, 2.7690e-01, 
*/mnt/lustre/mathdugre/fast-interpolate/datasets/ds004513/derivatives/flint/antsRegistration/binary64/sub-s032/Stage1_level2_Iter0039.nii.gz
2DIAGNOSTIC,    39, -5.605622353100e-01, 2.820424902787e-04, 1.9518e+01, 1.7833e-01, 
*/mnt/lustre/mathdugre/fast-interpolate/datasets/ds004513/derivatives/flint/antsRegistration/binary64/sub-s032/Stage1_level2_Iter0040.nii.gz
2DIAGNOSTIC,    40, -5.608821439834e-01, 3.264356849254e-04, 1.9701e+01, 1.8325e-01, 
*/mnt/lustre/mathdugre/fast-interpolate/datasets/ds004513/derivatives/flint/antsRegistration/binary64/sub-s032/Stage1_level2_Iter0041.nii.gz
2DIAGNOSTIC,    41, -5.617938617151e-01, 3.528295092123e-04, 1.9924e+01, 2.2320e-01, 
*/mnt/lustre/mathdugre/fast-interpolate/datasets/ds004513/derivatives/flint/antsRegistration/binary64/sub-s032/Stage1_level2_Iter0042.nii.gz
2DIAGNOSTIC,    42, -5.626719817213e-01, 3.563652246203e-04, 2.0168e+01, 2.4318e-01, 
*/mnt/lustre/mathdugre/fast-interpolate/datasets/ds004513/derivatives/flint/antsRegistration/binary64/sub-s032/Stage1_level2_Iter0043.nii.gz
2DIAGNOSTIC,    43, -5.629071465740e-01, 3.369544759747e-04, 2.0342e+01, 1.7391e-01, 
*/mnt/lustre/mathdugre/fast-interpolate/datasets/ds004513/derivatives/flint/antsRegistration/binary64/sub-s032/Stage1_level2_Iter0044.nii.gz
2DIAGNOSTIC,    44, -5.639082014577e-01, 3.037504968930e-04, 2.0551e+01, 2.0978e-01, 
*/mnt/lustre/mathdugre/fast-interpolate/datasets/ds004513/derivatives/flint/antsRegistration/binary64/sub-s032/Stage1_level2_Iter0045.nii.gz
2DIAGNOSTIC,    45, -5.645258692553e-01, 2.614627318012e-04, 2.0749e+01, 1.9763e-01, 
*/mnt/lustre/mathdugre/fast-interpolate/datasets/ds004513/derivatives/flint/antsRegistration/binary64/sub-s032/Stage1_level2_Iter0046.nii.gz
2DIAGNOSTIC,    46, -5.646552650544e-01, 2.051578256353e-04, 2.0934e+01, 1.8509e-01, 
*/mnt/lustre/mathdugre/fast-interpolate/datasets/ds004513/derivatives/flint/antsRegistration/binary64/sub-s032/Stage1_level2_Iter0047.nii.gz
2DIAGNOSTIC,    47, -5.649627446430e-01, 1.444501206508e-04, 2.1114e+01, 1.7956e-01, 
*/mnt/lustre/mathdugre/fast-interpolate/datasets/ds004513/derivatives/flint/antsRegistration/binary64/sub-s032/Stage1_level2_Iter0048.nii.gz
2DIAGNOSTIC,    48, -5.663088805588e-01, 1.349291311838e-04, 2.1299e+01, 1.8539e-01, 
*/mnt/lustre/mathdugre/fast-interpolate/datasets/ds004513/derivatives/flint/antsRegistration/binary64/sub-s032/Stage1_level2_Iter0049.nii.gz
2DIAGNOSTIC,    49, -5.675263630770e-01, 1.401859507144e-04, 2.1530e+01, 2.3141e-01, 
*/mnt/lustre/mathdugre/fast-interpolate/datasets/ds004513/derivatives/flint/antsRegistration/binary64/sub-s032/Stage1_level2_Iter0050.nii.gz
2DIAGNOSTIC,    50, -5.676289555231e-01, 1.358455428690e-04, 2.1781e+01, 2.5040e-01, 
*/mnt/lustre/mathdugre/fast-interpolate/datasets/ds004513/derivatives/flint/antsRegistration/binary64/sub-s032/Stage1_level2_Iter0051.nii.gz
2DIAGNOSTIC,    51, -5.676958886805e-01, 1.289388746805e-04, 2.1988e+01, 2.0719e-01, 
*/mnt/lustre/mathdugre/fast-interpolate/datasets/ds004513/derivatives/flint/antsRegistration/binary64/sub-s032/Stage1_level2_Iter0052.nii.gz
2DIAGNOSTIC,    52, -5.677223009760e-01, 1.192938225702e-04, 2.2195e+01, 2.0737e-01, 
*/mnt/lustre/mathdugre/fast-interpolate/datasets/ds004513/derivatives/flint/antsRegistration/binary64/sub-s032/Stage1_level2_Iter0053.nii.gz
2DIAGNOSTIC,    53, -5.676990314281e-01, 1.002751298193e-04, 2.2376e+01, 1.8047e-01, 
*/mnt/lustre/mathdugre/fast-interpolate/datasets/ds004513/derivatives/flint/antsRegistration/binary64/sub-s032/Stage1_level2_Iter0054.nii.gz
2DIAGNOSTIC,    54, -5.677247365440e-01, 8.196328730282e-05, 2.2561e+01, 1.8553e-01, 
*/mnt/lustre/mathdugre/fast-interpolate/datasets/ds004513/derivatives/flint/antsRegistration/binary64/sub-s032/Stage1_level2_Iter0055.nii.gz
2DIAGNOSTIC,    55, -5.678041255978e-01, 6.325041581397e-05, 2.2740e+01, 1.7846e-01, 
*/mnt/lustre/mathdugre/fast-interpolate/datasets/ds004513/derivatives/flint/antsRegistration/binary64/sub-s032/Stage1_level2_Iter0056.nii.gz
2DIAGNOSTIC,    56, -5.679104421415e-01, 4.161365751343e-05, 2.2919e+01, 1.7939e-01, 
*/mnt/lustre/mathdugre/fast-interpolate/datasets/ds004513/derivatives/flint/antsRegistration/binary64/sub-s032/Stage1_level2_Iter0057.nii.gz
2DIAGNOSTIC,    57, -5.680277452493e-01, 2.046216357245e-05, 2.3127e+01, 2.0761e-01, 
