
##########################
# Experiment information #
##########################

EXPERIMENT_NAME: r7-p21
VFC_BACKENDS: libinterflop_vprec.so --range-binary32=7 --precision-binary32=21 --range-binary64=7 --precision-binary64=21

SIF_IMG: /mnt/lustre/mathdugre/containers/ants-vprec-no_metric.simg

SUBJECT_ID: s033
INPUT_IMG: /mnt/lustre/mathdugre/fast-interpolate/datasets/ds004513/derivatives/flint/antsBrainExtraction/sub-s033/BrainExtractionBrain.nii.gz
OUTPUT_DIR: /mnt/lustre/mathdugre/fast-interpolate/datasets/ds004513/derivatives/flint/antsRegistration/r7-p21/sub-s033

FIXED_IMG: /templateflow/tpl-MNI152NLin2009cAsym/tpl-MNI152NLin2009cAsym_res-01_desc-brain_T1w.nii.gz
DATA_DIR: /mnt/lustre/mathdugre/fast-interpolate/datasets/ds004513
TEMPLATEFLOW_DIR: /home/mathdugre/.cache/templateflow
ITK_GLOBAL_DEFAULT_NUMBER_OF_THREADS: 4
##########################

Info [verificarlo]: loaded backend libinterflop_vprec.so
Info [interflop-vprec]: load backend with: 
Info [interflop-vprec]: precision-binary32 = 21
Info [interflop-vprec]: range-binary32 = 7
Info [interflop-vprec]: precision-binary64 = 21
Info [interflop-vprec]: range-binary64 = 7
Info [interflop-vprec]: mode = ob
Info [interflop-vprec]: error-mode = rel
Info [interflop-vprec]: max-abs-error-exponent = -1022
Info [interflop-vprec]: daz = false
Info [interflop-vprec]: ftz = false
Info [interflop-vprec]: 	instrument = none
Info [interflop-vprec]: 	prec-input-file = (null)
Info [interflop-vprec]: 	prec-output-file = (null)
Info [interflop-vprec]: 	prec-log-file = (null)
All_Command_lines_OK
Using double precision for computations.
=============================================================================
The composite transform comprises the following transforms (in order): 
  1. Center of mass alignment using fixed image: /templateflow/tpl-MNI152NLin2009cAsym/tpl-MNI152NLin2009cAsym_res-01_desc-brain_T1w.nii.gz and moving image: /mnt/lustre/mathdugre/fast-interpolate/datasets/ds004513/derivatives/flint/antsBrainExtraction/sub-s033/BrainExtractionBrain.nii.gz (type = Euler3DTransform)
=============================================================================
  number of levels = 4
  number of levels = 4
  number of levels = 4
  fixed image: /templateflow/tpl-MNI152NLin2009cAsym/tpl-MNI152NLin2009cAsym_res-01_desc-brain_T1w.nii.gz
  moving image: /mnt/lustre/mathdugre/fast-interpolate/datasets/ds004513/derivatives/flint/antsBrainExtraction/sub-s033/BrainExtractionBrain.nii.gz
  fixed image: /templateflow/tpl-MNI152NLin2009cAsym/tpl-MNI152NLin2009cAsym_res-01_desc-brain_T1w.nii.gz
  moving image: /mnt/lustre/mathdugre/fast-interpolate/datasets/ds004513/derivatives/flint/antsBrainExtraction/sub-s033/BrainExtractionBrain.nii.gz
  fixed image: /templateflow/tpl-MNI152NLin2009cAsym/tpl-MNI152NLin2009cAsym_res-01_desc-brain_T1w.nii.gz
  moving image: /mnt/lustre/mathdugre/fast-interpolate/datasets/ds004513/derivatives/flint/antsBrainExtraction/sub-s033/BrainExtractionBrain.nii.gz
Dimension = 3
Number of stages = 3
Use histogram matching = false
Winsorize image intensities = true
  Lower quantile = 0.005
  Upper quantile = 0.995


Stage 1 State
   Image metric = MattesMI
     Fixed image = Image (0x4dceb30)
  RTTI typeinfo:   itk::Image<double, 3u>
  Reference Count: 2
  Modified Time: 2385
  Debug: Off
  Object Name: 
  Observers: 
    none
  Source: (none)
  Source output name: (none)
  Release Data: Off
  Data Released: False
  Global Release Data: Off
  PipelineMTime: 0
  UpdateMTime: 1996
  RealTimeStamp: 0 seconds 
  LargestPossibleRegion: 
    Dimension: 3
    Index: [0, 0, 0]
    Size: [193, 229, 193]
  BufferedRegion: 
    Dimension: 3
    Index: [0, 0, 0]
    Size: [193, 229, 193]
  RequestedRegion: 
    Dimension: 3
    Index: [0, 0, 0]
    Size: [193, 229, 193]
  Spacing: [1, 1, 1]
  Origin: [96, 132, -78]
  Direction: 
-1 0 0
0 -1 0
0 0 1

  IndexToPointMatrix: 
-1 0 0
0 -1 0
0 0 1

  PointToIndexMatrix: 
-1 0 0
0 -1 0
0 0 1

  Inverse Direction: 
-1 0 0
0 -1 0
0 0 1

  PixelContainer: 
    ImportImageContainer (0x4dd3a10)
      RTTI typeinfo:   itk::ImportImageContainer<unsigned long, double>
      Reference Count: 1
      Modified Time: 1993
      Debug: Off
      Object Name: 
      Observers: 
        none
      Pointer: 0x7fd5fd3b0010
      Container manages memory: true
      Size: 8530021
      Capacity: 8530021

     Moving image = Image (0x4dca400)
  RTTI typeinfo:   itk::Image<double, 3u>
  Reference Count: 2
  Modified Time: 2386
  Debug: Off
  Object Name: 
  Observers: 
    none
  Source: (none)
  Source output name: (none)
  Release Data: Off
  Data Released: False
  Global Release Data: Off
  PipelineMTime: 0
  UpdateMTime: 2383
  RealTimeStamp: 0 seconds 
  LargestPossibleRegion: 
    Dimension: 3
    Index: [0, 0, 0]
    Size: [160, 240, 256]
  BufferedRegion: 
    Dimension: 3
    Index: [0, 0, 0]
    Size: [160, 240, 256]
  RequestedRegion: 
    Dimension: 3
    Index: [0, 0, 0]
    Size: [160, 240, 256]
  Spacing: [1, 1, 1]
  Origin: [91.5134, 94.282, -109.927]
  Direction: 
-0.99591 -0.0698718 -0.0572835
0.0697565 -0.997556 0.00401236
-0.0574239 5.01125e-08 0.99835

  IndexToPointMatrix: 
-0.99591 -0.0698718 -0.0572835
0.0697565 -0.997556 0.00401236
-0.0574239 5.01125e-08 0.99835

  PointToIndexMatrix: 
-0.99591 0.0697565 -0.0574239
-0.0698718 -0.997556 3.57628e-07
-0.0572835 0.00401223 0.99835

  Inverse Direction: 
-0.99591 0.0697565 -0.0574239
-0.0698718 -0.997556 3.57628e-07
-0.0572835 0.00401223 0.99835

  PixelContainer: 
    ImportImageContainer (0x4f9e6d0)
      RTTI typeinfo:   itk::ImportImageContainer<unsigned long, double>
      Reference Count: 1
      Modified Time: 2380
      Debug: Off
      Object Name: 
      Observers: 
        none
      Pointer: 0x7fd5f88af010
      Container manages memory: true
      Size: 9830400
      Capacity: 9830400

     Weighting = 1
     Sampling strategy = regular
     Number of bins = 32
     Radius = 4
     Sampling percentage  = 0.25
   Transform = Rigid
     Gradient step = 0.1
     Update field sigma (voxel space) = 0
     Total field sigma (voxel space) = 0
     Update field time sigma = 0
     Total field time sigma  = 0
     Number of time indices = 0
     Number of time point samples = 0
Stage 2 State
   Image metric = MattesMI
     Fixed image = Image (0x4dd5660)
  RTTI typeinfo:   itk::Image<double, 3u>
  Reference Count: 2
  Modified Time: 3161
  Debug: Off
  Object Name: 
  Observers: 
    none
  Source: (none)
  Source output name: (none)
  Release Data: Off
  Data Released: False
  Global Release Data: Off
  PipelineMTime: 0
  UpdateMTime: 2772
  RealTimeStamp: 0 seconds 
  LargestPossibleRegion: 
    Dimension: 3
    Index: [0, 0, 0]
    Size: [193, 229, 193]
  BufferedRegion: 
    Dimension: 3
    Index: [0, 0, 0]
    Size: [193, 229, 193]
  RequestedRegion: 
    Dimension: 3
    Index: [0, 0, 0]
    Size: [193, 229, 193]
  Spacing: [1, 1, 1]
  Origin: [96, 132, -78]
  Direction: 
-1 0 0
0 -1 0
0 0 1

  IndexToPointMatrix: 
-1 0 0
0 -1 0
0 0 1

  PointToIndexMatrix: 
-1 0 0
0 -1 0
0 0 1

  Inverse Direction: 
-1 0 0
0 -1 0
0 0 1

  PixelContainer: 
    ImportImageContainer (0x4df88a0)
      RTTI typeinfo:   itk::ImportImageContainer<unsigned long, double>
      Reference Count: 1
      Modified Time: 2769
      Debug: Off
      Object Name: 
      Observers: 
        none
      Pointer: 0x7fd5f479a010
      Container manages memory: true
      Size: 8530021
      Capacity: 8530021

     Moving image = Image (0x4dd7d80)
  RTTI typeinfo:   itk::Image<double, 3u>
  Reference Count: 2
  Modified Time: 3162
  Debug: Off
  Object Name: 
  Observers: 
    none
  Source: (none)
  Source output name: (none)
  Release Data: Off
  Data Released: False
  Global Release Data: Off
  PipelineMTime: 0
  UpdateMTime: 3159
  RealTimeStamp: 0 seconds 
  LargestPossibleRegion: 
    Dimension: 3
    Index: [0, 0, 0]
    Size: [160, 240, 256]
  BufferedRegion: 
    Dimension: 3
    Index: [0, 0, 0]
    Size: [160, 240, 256]
  RequestedRegion: 
    Dimension: 3
    Index: [0, 0, 0]
    Size: [160, 240, 256]
  Spacing: [1, 1, 1]
  Origin: [91.5134, 94.282, -109.927]
  Direction: 
-0.99591 -0.0698718 -0.0572835
0.0697565 -0.997556 0.00401236
-0.0574239 5.01125e-08 0.99835

  IndexToPointMatrix: 
-0.99591 -0.0698718 -0.0572835
0.0697565 -0.997556 0.00401236
-0.0574239 5.01125e-08 0.99835

  PointToIndexMatrix: 
-0.99591 0.0697565 -0.0574239
-0.0698718 -0.997556 3.57628e-07
-0.0572835 0.00401223 0.99835

  Inverse Direction: 
-0.99591 0.0697565 -0.0574239
-0.0698718 -0.997556 3.57628e-07
-0.0572835 0.00401223 0.99835

  PixelContainer: 
    ImportImageContainer (0x4e9e4d0)
      RTTI typeinfo:   itk::ImportImageContainer<unsigned long, double>
      Reference Count: 1
      Modified Time: 3156
      Debug: Off
      Object Name: 
      Observers: 
        none
      Pointer: 0x7fd5efc99010
      Container manages memory: true
      Size: 9830400
      Capacity: 9830400

     Weighting = 1
     Sampling strategy = regular
     Number of bins = 32
     Radius = 4
     Sampling percentage  = 0.25
   Transform = Affine
     Gradient step = 0.1
     Update field sigma (voxel space) = 0
     Total field sigma (voxel space) = 0
     Update field time sigma = 0
     Total field time sigma  = 0
     Number of time indices = 0
     Number of time point samples = 0
Stage 3 State
   Image metric = CC
     Fixed image = Image (0x4dd6f30)
  RTTI typeinfo:   itk::Image<double, 3u>
  Reference Count: 2
  Modified Time: 3937
  Debug: Off
  Object Name: 
  Observers: 
    none
  Source: (none)
  Source output name: (none)
  Release Data: Off
  Data Released: False
  Global Release Data: Off
  PipelineMTime: 0
  UpdateMTime: 3548
  RealTimeStamp: 0 seconds 
  LargestPossibleRegion: 
    Dimension: 3
    Index: [0, 0, 0]
    Size: [193, 229, 193]
  BufferedRegion: 
    Dimension: 3
    Index: [0, 0, 0]
    Size: [193, 229, 193]
  RequestedRegion: 
    Dimension: 3
    Index: [0, 0, 0]
    Size: [193, 229, 193]
  Spacing: [1, 1, 1]
  Origin: [96, 132, -78]
  Direction: 
-1 0 0
0 -1 0
0 0 1

  IndexToPointMatrix: 
-1 0 0
0 -1 0
0 0 1

  PointToIndexMatrix: 
-1 0 0
0 -1 0
0 0 1

  Inverse Direction: 
-1 0 0
0 -1 0
0 0 1

  PixelContainer: 
    ImportImageContainer (0x4f968b0)
      RTTI typeinfo:   itk::ImportImageContainer<unsigned long, double>
      Reference Count: 1
      Modified Time: 3545
      Debug: Off
      Object Name: 
      Observers: 
        none
      Pointer: 0x7fd5ebb84010
      Container manages memory: true
      Size: 8530021
      Capacity: 8530021

     Moving image = Image (0x4dd43f0)
  RTTI typeinfo:   itk::Image<double, 3u>
  Reference Count: 2
  Modified Time: 3938
  Debug: Off
  Object Name: 
  Observers: 
    none
  Source: (none)
  Source output name: (none)
  Release Data: Off
  Data Released: False
  Global Release Data: Off
  PipelineMTime: 0
  UpdateMTime: 3935
  RealTimeStamp: 0 seconds 
  LargestPossibleRegion: 
    Dimension: 3
    Index: [0, 0, 0]
    Size: [160, 240, 256]
  BufferedRegion: 
    Dimension: 3
    Index: [0, 0, 0]
    Size: [160, 240, 256]
  RequestedRegion: 
    Dimension: 3
    Index: [0, 0, 0]
    Size: [160, 240, 256]
  Spacing: [1, 1, 1]
  Origin: [91.5134, 94.282, -109.927]
  Direction: 
-0.99591 -0.0698718 -0.0572835
0.0697565 -0.997556 0.00401236
-0.0574239 5.01125e-08 0.99835

  IndexToPointMatrix: 
-0.99591 -0.0698718 -0.0572835
0.0697565 -0.997556 0.00401236
-0.0574239 5.01125e-08 0.99835

  PointToIndexMatrix: 
-0.99591 0.0697565 -0.0574239
-0.0698718 -0.997556 3.57628e-07
-0.0572835 0.00401223 0.99835

  Inverse Direction: 
-0.99591 0.0697565 -0.0574239
-0.0698718 -0.997556 3.57628e-07
-0.0572835 0.00401223 0.99835

  PixelContainer: 
    ImportImageContainer (0x4f5e6d0)
      RTTI typeinfo:   itk::ImportImageContainer<unsigned long, double>
      Reference Count: 1
      Modified Time: 3932
      Debug: Off
      Object Name: 
      Observers: 
        none
      Pointer: 0x7fd5e7083010
      Container manages memory: true
      Size: 9830400
      Capacity: 9830400

     Weighting = 1
     Sampling strategy = none
     Number of bins = 32
     Radius = 4
     Sampling percentage  = 1
   Transform = SyN
     Gradient step = 0.1
     Update field sigma (voxel space) = 3
     Total field sigma (voxel space) = 0
     Update field time sigma = 0
     Total field time sigma  = 0
     Number of time indices = 0
     Number of time point samples = 0
Registration using 3 total stages.

Stage 0
  iterations = 1000x500x250x100
  convergence threshold = 1e-06
  convergence window size = 10
  number of levels = 4
  using the Mattes MI metric (number of bins = 32, weight = 1, use gradient filter = 0)
  preprocessing:  winsorizing the image intensities
  Shrink factors (level 1 out of 4): [8, 8, 8]
  Shrink factors (level 2 out of 4): [4, 4, 4]
  Shrink factors (level 3 out of 4): [2, 2, 2]
  Shrink factors (level 4 out of 4): [1, 1, 1]
  smoothing sigmas per level: [3, 2, 1, 0]
  regular sampling (percentage = 0.25)

*** Running Euler3DTransform registration ***

DIAGNOSTIC,Iteration,metricValue,convergenceValue,ITERATION_TIME_INDEX,SINCE_LAST
*/mnt/lustre/mathdugre/fast-interpolate/datasets/ds004513/derivatives/flint/antsRegistration/r7-p21/sub-s033/Stage1_level1_Iter0001.nii.gz
2DIAGNOSTIC,     1, -4.949486059536e-01, 1.797693134862e+308, 0.0000e+00, 0.0000e+00, 
*/mnt/lustre/mathdugre/fast-interpolate/datasets/ds004513/derivatives/flint/antsRegistration/r7-p21/sub-s033/Stage1_level1_Iter0002.nii.gz
2DIAGNOSTIC,     2, -4.965142169664e-01, 1.797693134862e+308, 0.0000e+00, 0.0000e+00, 
*/mnt/lustre/mathdugre/fast-interpolate/datasets/ds004513/derivatives/flint/antsRegistration/r7-p21/sub-s033/Stage1_level1_Iter0003.nii.gz
2DIAGNOSTIC,     3, -4.993400259001e-01, 1.797693134862e+308, 0.0000e+00, 0.0000e+00, 
*/mnt/lustre/mathdugre/fast-interpolate/datasets/ds004513/derivatives/flint/antsRegistration/r7-p21/sub-s033/Stage1_level1_Iter0004.nii.gz
2DIAGNOSTIC,     4, -5.028445089585e-01, 1.797693134862e+308, 0.0000e+00, 0.0000e+00, 
*/mnt/lustre/mathdugre/fast-interpolate/datasets/ds004513/derivatives/flint/antsRegistration/r7-p21/sub-s033/Stage1_level1_Iter0005.nii.gz
2DIAGNOSTIC,     5, -5.051835744834e-01, 1.797693134862e+308, 0.0000e+00, 0.0000e+00, 
*/mnt/lustre/mathdugre/fast-interpolate/datasets/ds004513/derivatives/flint/antsRegistration/r7-p21/sub-s033/Stage1_level1_Iter0006.nii.gz
2DIAGNOSTIC,     6, -5.087277842748e-01, 1.797693134862e+308, 0.0000e+00, 0.0000e+00, 
*/mnt/lustre/mathdugre/fast-interpolate/datasets/ds004513/derivatives/flint/antsRegistration/r7-p21/sub-s033/Stage1_level1_Iter0007.nii.gz
2DIAGNOSTIC,     7, -5.192687857941e-01, 1.797693134862e+308, 0.0000e+00, 0.0000e+00, 
*/mnt/lustre/mathdugre/fast-interpolate/datasets/ds004513/derivatives/flint/antsRegistration/r7-p21/sub-s033/Stage1_level1_Iter0008.nii.gz
2DIAGNOSTIC,     8, -5.229106805840e-01, 1.797693134862e+308, 0.0000e+00, 0.0000e+00, 
*/mnt/lustre/mathdugre/fast-interpolate/datasets/ds004513/derivatives/flint/antsRegistration/r7-p21/sub-s033/Stage1_level1_Iter0009.nii.gz
2DIAGNOSTIC,     9, -5.247614453604e-01, 1.797693134862e+308, 0.0000e+00, 0.0000e+00, 
*/mnt/lustre/mathdugre/fast-interpolate/datasets/ds004513/derivatives/flint/antsRegistration/r7-p21/sub-s033/Stage1_level1_Iter0010.nii.gz
2DIAGNOSTIC,    10, -5.329438171875e-01, 4.870831966400e-03, 0.0000e+00, 0.0000e+00, 
*/mnt/lustre/mathdugre/fast-interpolate/datasets/ds004513/derivatives/flint/antsRegistration/r7-p21/sub-s033/Stage1_level1_Iter0011.nii.gz
2DIAGNOSTIC,    11, -5.359624830296e-01, 4.747480154037e-03, 0.0000e+00, 0.0000e+00, 
*/mnt/lustre/mathdugre/fast-interpolate/datasets/ds004513/derivatives/flint/antsRegistration/r7-p21/sub-s033/Stage1_level1_Iter0012.nii.gz
2DIAGNOSTIC,    12, -5.402479385608e-01, 4.480153322220e-03, 0.0000e+00, 0.0000e+00, 
*/mnt/lustre/mathdugre/fast-interpolate/datasets/ds004513/derivatives/flint/antsRegistration/r7-p21/sub-s033/Stage1_level1_Iter0013.nii.gz
2DIAGNOSTIC,    13, -5.544300448232e-01, 4.559099674225e-03, 0.0000e+00, 0.0000e+00, 
*/mnt/lustre/mathdugre/fast-interpolate/datasets/ds004513/derivatives/flint/antsRegistration/r7-p21/sub-s033/Stage1_level1_Iter0014.nii.gz
2DIAGNOSTIC,    14, -5.599687064600e-01, 4.554152488708e-03, 0.0000e+00, 0.0000e+00, 
*/mnt/lustre/mathdugre/fast-interpolate/datasets/ds004513/derivatives/flint/antsRegistration/r7-p21/sub-s033/Stage1_level1_Iter0015.nii.gz
2DIAGNOSTIC,    15, -5.635592150076e-01, 4.349231719971e-03, 0.0000e+00, 0.0000e+00, 
*/mnt/lustre/mathdugre/fast-interpolate/datasets/ds004513/derivatives/flint/antsRegistration/r7-p21/sub-s033/Stage1_level1_Iter0016.nii.gz
2DIAGNOSTIC,    16, -5.877255927862e-01, 4.691898822784e-03, 0.0000e+00, 0.0000e+00, 
*/mnt/lustre/mathdugre/fast-interpolate/datasets/ds004513/derivatives/flint/antsRegistration/r7-p21/sub-s033/Stage1_level1_Iter0017.nii.gz
2DIAGNOSTIC,    17, -5.938778655039e-01, 5.062341690063e-03, 0.0000e+00, 0.0000e+00, 
*/mnt/lustre/mathdugre/fast-interpolate/datasets/ds004513/derivatives/flint/antsRegistration/r7-p21/sub-s033/Stage1_level1_Iter0018.nii.gz
2DIAGNOSTIC,    18, -6.108353008363e-01, 5.520239472389e-03, 0.0000e+00, 0.0000e+00, 
*/mnt/lustre/mathdugre/fast-interpolate/datasets/ds004513/derivatives/flint/antsRegistration/r7-p21/sub-s033/Stage1_level1_Iter0019.nii.gz
2DIAGNOSTIC,    19, -6.197942935544e-01, 5.701839923859e-03, 0.0000e+00, 0.0000e+00, 
*/mnt/lustre/mathdugre/fast-interpolate/datasets/ds004513/derivatives/flint/antsRegistration/r7-p21/sub-s033/Stage1_level1_Iter0020.nii.gz
2DIAGNOSTIC,    20, -6.235347452003e-01, 5.647942423820e-03, 0.0000e+00, 0.0000e+00, 
*/mnt/lustre/mathdugre/fast-interpolate/datasets/ds004513/derivatives/flint/antsRegistration/r7-p21/sub-s033/Stage1_level1_Iter0021.nii.gz
2DIAGNOSTIC,    21, -6.256607036411e-01, 5.202695727348e-03, 0.0000e+00, 0.0000e+00, 
*/mnt/lustre/mathdugre/fast-interpolate/datasets/ds004513/derivatives/flint/antsRegistration/r7-p21/sub-s033/Stage1_level1_Iter0022.nii.gz
2DIAGNOSTIC,    22, -6.261742272847e-01, 4.423320293427e-03, 0.0000e+00, 0.0000e+00, 
*/mnt/lustre/mathdugre/fast-interpolate/datasets/ds004513/derivatives/flint/antsRegistration/r7-p21/sub-s033/Stage1_level1_Iter0023.nii.gz
2DIAGNOSTIC,    23, -6.270200377509e-01, 3.643289208412e-03, 0.0000e+00, 0.0000e+00, 
*/mnt/lustre/mathdugre/fast-interpolate/datasets/ds004513/derivatives/flint/antsRegistration/r7-p21/sub-s033/Stage1_level1_Iter0024.nii.gz
2DIAGNOSTIC,    24, -6.271501627731e-01, 2.718463540077e-03, 0.0000e+00, 0.0000e+00, 
*/mnt/lustre/mathdugre/fast-interpolate/datasets/ds004513/derivatives/flint/antsRegistration/r7-p21/sub-s033/Stage1_level1_Iter0025.nii.gz
2DIAGNOSTIC,    25, -6.275428694427e-01, 1.694306731224e-03, 0.0000e+00, 0.0000e+00, 
*/mnt/lustre/mathdugre/fast-interpolate/datasets/ds004513/derivatives/flint/antsRegistration/r7-p21/sub-s033/Stage1_level1_Iter0026.nii.gz
2DIAGNOSTIC,    26, -6.328679846538e-01, 1.173213124275e-03, 0.0000e+00, 0.0000e+00, 
*/mnt/lustre/mathdugre/fast-interpolate/datasets/ds004513/derivatives/flint/antsRegistration/r7-p21/sub-s033/Stage1_level1_Iter0027.nii.gz
2DIAGNOSTIC,    27, -6.340518125332e-01, 7.126182317734e-04, 0.0000e+00, 0.0000e+00, 
*/mnt/lustre/mathdugre/fast-interpolate/datasets/ds004513/derivatives/flint/antsRegistration/r7-p21/sub-s033/Stage1_level1_Iter0028.nii.gz
2DIAGNOSTIC,    28, -6.340948781159e-01, 5.223155021667e-04, 0.0000e+00, 0.0000e+00, 
*/mnt/lustre/mathdugre/fast-interpolate/datasets/ds004513/derivatives/flint/antsRegistration/r7-p21/sub-s033/Stage1_level1_Iter0029.nii.gz
2DIAGNOSTIC,    29, -6.343115448908e-01, 4.553347826004e-04, 0.0000e+00, 0.0000e+00, 
*/mnt/lustre/mathdugre/fast-interpolate/datasets/ds004513/derivatives/flint/antsRegistration/r7-p21/sub-s033/Stage1_level1_Iter0030.nii.gz
2DIAGNOSTIC,    30, -6.359653956852e-01, 4.387050867081e-04, 0.0000e+00, 0.0000e+00, 
*/mnt/lustre/mathdugre/fast-interpolate/datasets/ds004513/derivatives/flint/antsRegistration/r7-p21/sub-s033/Stage1_level1_Iter0031.nii.gz
2DIAGNOSTIC,    31, -6.372987189441e-01, 4.348009824753e-04, 0.0000e+00, 0.0000e+00, 
*/mnt/lustre/mathdugre/fast-interpolate/datasets/ds004513/derivatives/flint/antsRegistration/r7-p21/sub-s033/Stage1_level1_Iter0032.nii.gz
2DIAGNOSTIC,    32, -6.384478494202e-01, 4.146993160248e-04, 0.0000e+00, 0.0000e+00, 
*/mnt/lustre/mathdugre/fast-interpolate/datasets/ds004513/derivatives/flint/antsRegistration/r7-p21/sub-s033/Stage1_level1_Iter0033.nii.gz
2DIAGNOSTIC,    33, -6.394261464270e-01, 3.852397203445e-04, 0.0000e+00, 0.0000e+00, 
*/mnt/lustre/mathdugre/fast-interpolate/datasets/ds004513/derivatives/flint/antsRegistration/r7-p21/sub-s033/Stage1_level1_Iter0034.nii.gz
2DIAGNOSTIC,    34, -6.441407264982e-01, 3.919601440430e-04, 0.0000e+00, 0.0000e+00, 
*/mnt/lustre/mathdugre/fast-interpolate/datasets/ds004513/derivatives/flint/antsRegistration/r7-p21/sub-s033/Stage1_level1_Iter0035.nii.gz
2DIAGNOSTIC,    35, -6.443187509549e-01, 3.653466701508e-04, 0.0000e+00, 0.0000e+00, 
*/mnt/lustre/mathdugre/fast-interpolate/datasets/ds004513/derivatives/flint/antsRegistration/r7-p21/sub-s033/Stage1_level1_Iter0036.nii.gz
2DIAGNOSTIC,    36, -6.445383017870e-01, 3.806948661804e-04, 0.0000e+00, 0.0000e+00, 
*/mnt/lustre/mathdugre/fast-interpolate/datasets/ds004513/derivatives/flint/antsRegistration/r7-p21/sub-s033/Stage1_level1_Iter0037.nii.gz
2DIAGNOSTIC,    37, -6.448341428867e-01, 3.794580698013e-04, 0.0000e+00, 0.0000e+00, 
*/mnt/lustre/mathdugre/fast-interpolate/datasets/ds004513/derivatives/flint/antsRegistration/r7-p21/sub-s033/Stage1_level1_Iter0038.nii.gz
2DIAGNOSTIC,    38, -6.452569230549e-01, 3.481581807137e-04, 0.0000e+00, 0.0000e+00, 
*/mnt/lustre/mathdugre/fast-interpolate/datasets/ds004513/derivatives/flint/antsRegistration/r7-p21/sub-s033/Stage1_level1_Iter0039.nii.gz
2DIAGNOSTIC,    39, -6.454880600074e-01, 2.898946404457e-04, 0.0000e+00, 0.0000e+00, 
*/mnt/lustre/mathdugre/fast-interpolate/datasets/ds004513/derivatives/flint/antsRegistration/r7-p21/sub-s033/Stage1_level1_Iter0040.nii.gz
2DIAGNOSTIC,    40, -6.456537426954e-01, 2.288818359375e-04, 0.0000e+00, 0.0000e+00, 
*/mnt/lustre/mathdugre/fast-interpolate/datasets/ds004513/derivatives/flint/antsRegistration/r7-p21/sub-s033/Stage1_level1_Iter0041.nii.gz
2DIAGNOSTIC,    41, -6.457955116253e-01, 1.673325896263e-04, 0.0000e+00, 0.0000e+00, 
*/mnt/lustre/mathdugre/fast-interpolate/datasets/ds004513/derivatives/flint/antsRegistration/r7-p21/sub-s033/Stage1_level1_Iter0042.nii.gz
2DIAGNOSTIC,    42, -6.459678892572e-01, 1.084432005882e-04, 0.0000e+00, 0.0000e+00, 
*/mnt/lustre/mathdugre/fast-interpolate/datasets/ds004513/derivatives/flint/antsRegistration/r7-p21/sub-s033/Stage1_level1_Iter0043.nii.gz
2DIAGNOSTIC,    43, -6.466774657508e-01, 5.950778722763e-05, 0.0000e+00, 0.0000e+00, 
*/mnt/lustre/mathdugre/fast-interpolate/datasets/ds004513/derivatives/flint/antsRegistration/r7-p21/sub-s033/Stage1_level1_Iter0044.nii.gz
2DIAGNOSTIC,    44, -6.466471558894e-01, 5.794316530228e-05, 0.0000e+00, 0.0000e+00, 
*/mnt/lustre/mathdugre/fast-interpolate/datasets/ds004513/derivatives/flint/antsRegistration/r7-p21/sub-s033/Stage1_level1_Iter0045.nii.gz
2DIAGNOSTIC,    45, -6.466486643326e-01, 5.301833152771e-05, 0.0000e+00, 0.0000e+00, 
*/mnt/lustre/mathdugre/fast-interpolate/datasets/ds004513/derivatives/flint/antsRegistration/r7-p21/sub-s033/Stage1_level1_Iter0046.nii.gz
2DIAGNOSTIC,    46, -6.466489185999e-01, 4.569441080093e-05, 0.0000e+00, 0.0000e+00, 
*/mnt/lustre/mathdugre/fast-interpolate/datasets/ds004513/derivatives/flint/antsRegistration/r7-p21/sub-s033/Stage1_level1_Iter0047.nii.gz
2DIAGNOSTIC,    47, -6.466496662241e-01, 3.726780414581e-05, 0.0000e+00, 0.0000e+00, 
*/mnt/lustre/mathdugre/fast-interpolate/datasets/ds004513/derivatives/flint/antsRegistration/r7-p21/sub-s033/Stage1_level1_Iter0048.nii.gz
2DIAGNOSTIC,    48, -6.466502132385e-01, 2.976506948471e-05, 0.0000e+00, 0.0000e+00, 
*/mnt/lustre/mathdugre/fast-interpolate/datasets/ds004513/derivatives/flint/antsRegistration/r7-p21/sub-s033/Stage1_level1_Iter0049.nii.gz
2DIAGNOSTIC,    49, -6.466513851962e-01, 2.203881740570e-05, 0.0000e+00, 0.0000e+00, 
*/mnt/lustre/mathdugre/fast-interpolate/datasets/ds004513/derivatives/flint/antsRegistration/r7-p21/sub-s033/Stage1_level1_Iter0050.nii.gz
2DIAGNOSTIC,    50, -6.466541316247e-01, 1.426786184311e-05, 0.0000e+00, 0.0000e+00, 
*/mnt/lustre/mathdugre/fast-interpolate/datasets/ds004513/derivatives/flint/antsRegistration/r7-p21/sub-s033/Stage1_level1_Iter0051.nii.gz
2DIAGNOSTIC,    51, -6.466586963078e-01, 6.899237632751e-06, 0.0000e+00, 0.0000e+00, 
DIAGNOSTIC,Iteration,metricValue,convergenceValue,ITERATION_TIME_INDEX,SINCE_LAST
*/mnt/lustre/mathdugre/fast-interpolate/datasets/ds004513/derivatives/flint/antsRegistration/r7-p21/sub-s033/Stage1_level2_Iter0001.nii.gz
2DIAGNOSTIC,     1, -5.355763914998e-01, 1.797693134862e+308, 0.0000e+00, 0.0000e+00, 
*/mnt/lustre/mathdugre/fast-interpolate/datasets/ds004513/derivatives/flint/antsRegistration/r7-p21/sub-s033/Stage1_level2_Iter0002.nii.gz
2DIAGNOSTIC,     2, -5.365106362860e-01, 1.797693134862e+308, 0.0000e+00, 0.0000e+00, 
*/mnt/lustre/mathdugre/fast-interpolate/datasets/ds004513/derivatives/flint/antsRegistration/r7-p21/sub-s033/Stage1_level2_Iter0003.nii.gz
2DIAGNOSTIC,     3, -5.377369467374e-01, 1.797693134862e+308, 0.0000e+00, 0.0000e+00, 
*/mnt/lustre/mathdugre/fast-interpolate/datasets/ds004513/derivatives/flint/antsRegistration/r7-p21/sub-s033/Stage1_level2_Iter0004.nii.gz
2DIAGNOSTIC,     4, -5.392202760966e-01, 1.797693134862e+308, 0.0000e+00, 0.0000e+00, 
*/mnt/lustre/mathdugre/fast-interpolate/datasets/ds004513/derivatives/flint/antsRegistration/r7-p21/sub-s033/Stage1_level2_Iter0005.nii.gz
2DIAGNOSTIC,     5, -5.410811698094e-01, 1.797693134862e+308, 0.0000e+00, 0.0000e+00, 
*/mnt/lustre/mathdugre/fast-interpolate/datasets/ds004513/derivatives/flint/antsRegistration/r7-p21/sub-s033/Stage1_level2_Iter0006.nii.gz
2DIAGNOSTIC,     6, -5.425900473426e-01, 1.797693134862e+308, 0.0000e+00, 0.0000e+00, 
*/mnt/lustre/mathdugre/fast-interpolate/datasets/ds004513/derivatives/flint/antsRegistration/r7-p21/sub-s033/Stage1_level2_Iter0007.nii.gz
2DIAGNOSTIC,     7, -5.432623889062e-01, 1.797693134862e+308, 0.0000e+00, 0.0000e+00, 
*/mnt/lustre/mathdugre/fast-interpolate/datasets/ds004513/derivatives/flint/antsRegistration/r7-p21/sub-s033/Stage1_level2_Iter0008.nii.gz
2DIAGNOSTIC,     8, -5.433736447591e-01, 1.797693134862e+308, 0.0000e+00, 0.0000e+00, 
*/mnt/lustre/mathdugre/fast-interpolate/datasets/ds004513/derivatives/flint/antsRegistration/r7-p21/sub-s033/Stage1_level2_Iter0009.nii.gz
2DIAGNOSTIC,     9, -5.441133666024e-01, 1.797693134862e+308, 0.0000e+00, 0.0000e+00, 
*/mnt/lustre/mathdugre/fast-interpolate/datasets/ds004513/derivatives/flint/antsRegistration/r7-p21/sub-s033/Stage1_level2_Iter0010.nii.gz
2DIAGNOSTIC,    10, -5.447507546901e-01, 1.154631376266e-03, 0.0000e+00, 0.0000e+00, 
*/mnt/lustre/mathdugre/fast-interpolate/datasets/ds004513/derivatives/flint/antsRegistration/r7-p21/sub-s033/Stage1_level2_Iter0011.nii.gz
2DIAGNOSTIC,    11, -5.447660789661e-01, 9.100437164307e-04, 0.0000e+00, 0.0000e+00, 
*/mnt/lustre/mathdugre/fast-interpolate/datasets/ds004513/derivatives/flint/antsRegistration/r7-p21/sub-s033/Stage1_level2_Iter0012.nii.gz
2DIAGNOSTIC,    12, -5.449811977817e-01, 6.759762763977e-04, 0.0000e+00, 0.0000e+00, 
*/mnt/lustre/mathdugre/fast-interpolate/datasets/ds004513/derivatives/flint/antsRegistration/r7-p21/sub-s033/Stage1_level2_Iter0013.nii.gz
2DIAGNOSTIC,    13, -5.452967908205e-01, 4.796981811523e-04, 0.0000e+00, 0.0000e+00, 
*/mnt/lustre/mathdugre/fast-interpolate/datasets/ds004513/derivatives/flint/antsRegistration/r7-p21/sub-s033/Stage1_level2_Iter0014.nii.gz
2DIAGNOSTIC,    14, -5.457203617149e-01, 3.381073474884e-04, 0.0000e+00, 0.0000e+00, 
*/mnt/lustre/mathdugre/fast-interpolate/datasets/ds004513/derivatives/flint/antsRegistration/r7-p21/sub-s033/Stage1_level2_Iter0015.nii.gz
2DIAGNOSTIC,    15, -5.467589988404e-01, 2.841651439667e-04, 0.0000e+00, 0.0000e+00, 
*/mnt/lustre/mathdugre/fast-interpolate/datasets/ds004513/derivatives/flint/antsRegistration/r7-p21/sub-s033/Stage1_level2_Iter0016.nii.gz
2DIAGNOSTIC,    16, -5.473324120377e-01, 2.784729003906e-04, 0.0000e+00, 0.0000e+00, 
*/mnt/lustre/mathdugre/fast-interpolate/datasets/ds004513/derivatives/flint/antsRegistration/r7-p21/sub-s033/Stage1_level2_Iter0017.nii.gz
2DIAGNOSTIC,    17, -5.473851497573e-01, 2.707540988922e-04, 0.0000e+00, 0.0000e+00, 
*/mnt/lustre/mathdugre/fast-interpolate/datasets/ds004513/derivatives/flint/antsRegistration/r7-p21/sub-s033/Stage1_level2_Iter0018.nii.gz
2DIAGNOSTIC,    18, -5.473797374933e-01, 2.421140670776e-04, 0.0000e+00, 0.0000e+00, 
*/mnt/lustre/mathdugre/fast-interpolate/datasets/ds004513/derivatives/flint/antsRegistration/r7-p21/sub-s033/Stage1_level2_Iter0019.nii.gz
2DIAGNOSTIC,    19, -5.473816027417e-01, 2.143085002899e-04, 0.0000e+00, 0.0000e+00, 
*/mnt/lustre/mathdugre/fast-interpolate/datasets/ds004513/derivatives/flint/antsRegistration/r7-p21/sub-s033/Stage1_level2_Iter0020.nii.gz
2DIAGNOSTIC,    20, -5.473726302988e-01, 1.855492591858e-04, 0.0000e+00, 0.0000e+00, 
*/mnt/lustre/mathdugre/fast-interpolate/datasets/ds004513/derivatives/flint/antsRegistration/r7-p21/sub-s033/Stage1_level2_Iter0021.nii.gz
2DIAGNOSTIC,    21, -5.473538004951e-01, 1.421421766281e-04, 0.0000e+00, 0.0000e+00, 
*/mnt/lustre/mathdugre/fast-interpolate/datasets/ds004513/derivatives/flint/antsRegistration/r7-p21/sub-s033/Stage1_level2_Iter0022.nii.gz
2DIAGNOSTIC,    22, -5.473555790669e-01, 9.499490261078e-05, 0.0000e+00, 0.0000e+00, 
*/mnt/lustre/mathdugre/fast-interpolate/datasets/ds004513/derivatives/flint/antsRegistration/r7-p21/sub-s033/Stage1_level2_Iter0023.nii.gz
2DIAGNOSTIC,    23, -5.473588254005e-01, 5.066394805908e-05, 0.0000e+00, 0.0000e+00, 
*/mnt/lustre/mathdugre/fast-interpolate/datasets/ds004513/derivatives/flint/antsRegistration/r7-p21/sub-s033/Stage1_level2_Iter0024.nii.gz
2DIAGNOSTIC,    24, -5.473512312561e-01, 1.396238803864e-05, 0.0000e+00, 0.0000e+00, 
DIAGNOSTIC,Iteration,metricValue,convergenceValue,ITERATION_TIME_INDEX,SINCE_LAST
*/mnt/lustre/mathdugre/fast-interpolate/datasets/ds004513/derivatives/flint/antsRegistration/r7-p21/sub-s033/Stage1_level3_Iter0001.nii.gz
2DIAGNOSTIC,     1, -4.656076083675e-01, 1.797693134862e+308, 0.0000e+00, 0.0000e+00, 
*/mnt/lustre/mathdugre/fast-interpolate/datasets/ds004513/derivatives/flint/antsRegistration/r7-p21/sub-s033/Stage1_level3_Iter0002.nii.gz
2DIAGNOSTIC,     2, -4.658217186163e-01, 1.797693134862e+308, 0.0000e+00, 0.0000e+00, 
*/mnt/lustre/mathdugre/fast-interpolate/datasets/ds004513/derivatives/flint/antsRegistration/r7-p21/sub-s033/Stage1_level3_Iter0003.nii.gz
2DIAGNOSTIC,     3, -4.659535954063e-01, 1.797693134862e+308, 0.0000e+00, 0.0000e+00, 
*/mnt/lustre/mathdugre/fast-interpolate/datasets/ds004513/derivatives/flint/antsRegistration/r7-p21/sub-s033/Stage1_level3_Iter0004.nii.gz
2DIAGNOSTIC,     4, -4.661086763891e-01, 1.797693134862e+308, 0.0000e+00, 0.0000e+00, 
*/mnt/lustre/mathdugre/fast-interpolate/datasets/ds004513/derivatives/flint/antsRegistration/r7-p21/sub-s033/Stage1_level3_Iter0005.nii.gz
2DIAGNOSTIC,     5, -4.662844633882e-01, 1.797693134862e+308, 0.0000e+00, 0.0000e+00, 
*/mnt/lustre/mathdugre/fast-interpolate/datasets/ds004513/derivatives/flint/antsRegistration/r7-p21/sub-s033/Stage1_level3_Iter0006.nii.gz
2DIAGNOSTIC,     6, -4.664473228032e-01, 1.797693134862e+308, 0.0000e+00, 0.0000e+00, 
*/mnt/lustre/mathdugre/fast-interpolate/datasets/ds004513/derivatives/flint/antsRegistration/r7-p21/sub-s033/Stage1_level3_Iter0007.nii.gz
2DIAGNOSTIC,     7, -4.672884670350e-01, 1.797693134862e+308, 0.0000e+00, 0.0000e+00, 
*/mnt/lustre/mathdugre/fast-interpolate/datasets/ds004513/derivatives/flint/antsRegistration/r7-p21/sub-s033/Stage1_level3_Iter0008.nii.gz
2DIAGNOSTIC,     8, -4.674897933422e-01, 1.797693134862e+308, 0.0000e+00, 0.0000e+00, 
*/mnt/lustre/mathdugre/fast-interpolate/datasets/ds004513/derivatives/flint/antsRegistration/r7-p21/sub-s033/Stage1_level3_Iter0009.nii.gz
2DIAGNOSTIC,     9, -4.674995730831e-01, 1.797693134862e+308, 0.0000e+00, 0.0000e+00, 
*/mnt/lustre/mathdugre/fast-interpolate/datasets/ds004513/derivatives/flint/antsRegistration/r7-p21/sub-s033/Stage1_level3_Iter0010.nii.gz
2DIAGNOSTIC,    10, -4.675025764340e-01, 3.087520599365e-04, 0.0000e+00, 0.0000e+00, 
*/mnt/lustre/mathdugre/fast-interpolate/datasets/ds004513/derivatives/flint/antsRegistration/r7-p21/sub-s033/Stage1_level3_Iter0011.nii.gz
2DIAGNOSTIC,    11, -4.674972856943e-01, 2.634525299072e-04, 0.0000e+00, 0.0000e+00, 
*/mnt/lustre/mathdugre/fast-interpolate/datasets/ds004513/derivatives/flint/antsRegistration/r7-p21/sub-s033/Stage1_level3_Iter0012.nii.gz
2DIAGNOSTIC,    12, -4.674965033903e-01, 2.125203609467e-04, 0.0000e+00, 0.0000e+00, 
*/mnt/lustre/mathdugre/fast-interpolate/datasets/ds004513/derivatives/flint/antsRegistration/r7-p21/sub-s033/Stage1_level3_Iter0013.nii.gz
2DIAGNOSTIC,    13, -4.674947457195e-01, 1.561641693115e-04, 0.0000e+00, 0.0000e+00, 
*/mnt/lustre/mathdugre/fast-interpolate/datasets/ds004513/derivatives/flint/antsRegistration/r7-p21/sub-s033/Stage1_level3_Iter0014.nii.gz
2DIAGNOSTIC,    14, -4.674950184428e-01, 1.012086868286e-04, 0.0000e+00, 0.0000e+00, 
*/mnt/lustre/mathdugre/fast-interpolate/datasets/ds004513/derivatives/flint/antsRegistration/r7-p21/sub-s033/Stage1_level3_Iter0015.nii.gz
2DIAGNOSTIC,    15, -4.674947914580e-01, 5.200505256653e-05, 0.0000e+00, 0.0000e+00, 
*/mnt/lustre/mathdugre/fast-interpolate/datasets/ds004513/derivatives/flint/antsRegistration/r7-p21/sub-s033/Stage1_level3_Iter0016.nii.gz
2DIAGNOSTIC,    16, -4.674948019445e-01, 9.745359420776e-06, 0.0000e+00, 0.0000e+00, 
*/mnt/lustre/mathdugre/fast-interpolate/datasets/ds004513/derivatives/flint/antsRegistration/r7-p21/sub-s033/Stage1_level3_Iter0017.nii.gz
2DIAGNOSTIC,    17, -4.674948173193e-01, 1.639127731323e-06, 0.0000e+00, 0.0000e+00, 
*/mnt/lustre/mathdugre/fast-interpolate/datasets/ds004513/derivatives/flint/antsRegistration/r7-p21/sub-s033/Stage1_level3_Iter0018.nii.gz
2DIAGNOSTIC,    18, -4.674948173193e-01, 1.296401023865e-06, 0.0000e+00, 0.0000e+00, 
*/mnt/lustre/mathdugre/fast-interpolate/datasets/ds004513/derivatives/flint/antsRegistration/r7-p21/sub-s033/Stage1_level3_Iter0019.nii.gz
2DIAGNOSTIC,    19, -4.674947993932e-01, 1.311302185059e-06, 5.1200e+02, 5.1200e+02, 
*/mnt/lustre/mathdugre/fast-interpolate/datasets/ds004513/derivatives/flint/antsRegistration/r7-p21/sub-s033/Stage1_level3_Iter0020.nii.gz
2DIAGNOSTIC,    20, -4.674947993932e-01, 1.490116119385e-06, 5.1200e+02, 0.0000e+00, 
*/mnt/lustre/mathdugre/fast-interpolate/datasets/ds004513/derivatives/flint/antsRegistration/r7-p21/sub-s033/Stage1_level3_Iter0021.nii.gz
2DIAGNOSTIC,    21, -4.674947665254e-01, 1.490116119385e-06, 5.1200e+02, 0.0000e+00, 
*/mnt/lustre/mathdugre/fast-interpolate/datasets/ds004513/derivatives/flint/antsRegistration/r7-p21/sub-s033/Stage1_level3_Iter0022.nii.gz
2DIAGNOSTIC,    22, -4.674947667532e-01, 1.445412635803e-06, 5.1200e+02, 0.0000e+00, 
*/mnt/lustre/mathdugre/fast-interpolate/datasets/ds004513/derivatives/flint/antsRegistration/r7-p21/sub-s033/Stage1_level3_Iter0023.nii.gz
2DIAGNOSTIC,    23, -4.674947355764e-01, 1.370906829834e-06, 5.1200e+02, 0.0000e+00, 
*/mnt/lustre/mathdugre/fast-interpolate/datasets/ds004513/derivatives/flint/antsRegistration/r7-p21/sub-s033/Stage1_level3_Iter0024.nii.gz
2DIAGNOSTIC,    24, -4.674947944376e-01, 1.311302185059e-06, 5.1200e+02, 0.0000e+00, 
*/mnt/lustre/mathdugre/fast-interpolate/datasets/ds004513/derivatives/flint/antsRegistration/r7-p21/sub-s033/Stage1_level3_Iter0025.nii.gz
2DIAGNOSTIC,    25, -4.674947939590e-01, 1.251697540283e-06, 5.1200e+02, 0.0000e+00, 
*/mnt/lustre/mathdugre/fast-interpolate/datasets/ds004513/derivatives/flint/antsRegistration/r7-p21/sub-s033/Stage1_level3_Iter0026.nii.gz
2DIAGNOSTIC,    26, -4.674947833793e-01, 1.236796379089e-06, 5.1200e+02, 0.0000e+00, 
*/mnt/lustre/mathdugre/fast-interpolate/datasets/ds004513/derivatives/flint/antsRegistration/r7-p21/sub-s033/Stage1_level3_Iter0027.nii.gz
2DIAGNOSTIC,    27, -4.674947833793e-01, 1.147389411926e-06, 5.1200e+02, 0.0000e+00, 
*/mnt/lustre/mathdugre/fast-interpolate/datasets/ds004513/derivatives/flint/antsRegistration/r7-p21/sub-s033/Stage1_level3_Iter0028.nii.gz
2DIAGNOSTIC,    28, -4.674947757503e-01, 1.147389411926e-06, 5.1200e+02, 0.0000e+00, 
*/mnt/lustre/mathdugre/fast-interpolate/datasets/ds004513/derivatives/flint/antsRegistration/r7-p21/sub-s033/Stage1_level3_Iter0029.nii.gz
2DIAGNOSTIC,    29, -4.674947543874e-01, 1.102685928345e-06, 5.1200e+02, 0.0000e+00, 
*/mnt/lustre/mathdugre/fast-interpolate/datasets/ds004513/derivatives/flint/antsRegistration/r7-p21/sub-s033/Stage1_level3_Iter0030.nii.gz
2DIAGNOSTIC,    30, -4.674947543874e-01, 1.057982444763e-06, 5.1200e+02, 0.0000e+00, 
*/mnt/lustre/mathdugre/fast-interpolate/datasets/ds004513/derivatives/flint/antsRegistration/r7-p21/sub-s033/Stage1_level3_Iter0031.nii.gz
2DIAGNOSTIC,    31, -4.674947543874e-01, 1.028180122375e-06, 5.1200e+02, 0.0000e+00, 
DIAGNOSTIC,Iteration,metricValue,convergenceValue,ITERATION_TIME_INDEX,SINCE_LAST
*/mnt/lustre/mathdugre/fast-interpolate/datasets/ds004513/derivatives/flint/antsRegistration/r7-p21/sub-s033/Stage1_level4_Iter0001.nii.gz
2DIAGNOSTIC,     1, -4.258298406391e-01, 1.797693134862e+308, 5.1200e+02, 0.0000e+00, 
*/mnt/lustre/mathdugre/fast-interpolate/datasets/ds004513/derivatives/flint/antsRegistration/r7-p21/sub-s033/Stage1_level4_Iter0002.nii.gz
2DIAGNOSTIC,     2, -4.259593188075e-01, 1.797693134862e+308, 5.1200e+02, 0.0000e+00, 
*/mnt/lustre/mathdugre/fast-interpolate/datasets/ds004513/derivatives/flint/antsRegistration/r7-p21/sub-s033/Stage1_level4_Iter0003.nii.gz
2DIAGNOSTIC,     3, -4.259898215402e-01, 1.797693134862e+308, 5.1200e+02, 0.0000e+00, 
*/mnt/lustre/mathdugre/fast-interpolate/datasets/ds004513/derivatives/flint/antsRegistration/r7-p21/sub-s033/Stage1_level4_Iter0004.nii.gz
2DIAGNOSTIC,     4, -4.259898923339e-01, 1.797693134862e+308, 5.1200e+02, 0.0000e+00, 
*/mnt/lustre/mathdugre/fast-interpolate/datasets/ds004513/derivatives/flint/antsRegistration/r7-p21/sub-s033/Stage1_level4_Iter0005.nii.gz
2DIAGNOSTIC,     5, -4.259893150605e-01, 1.797693134862e+308, 5.1200e+02, 0.0000e+00, 
*/mnt/lustre/mathdugre/fast-interpolate/datasets/ds004513/derivatives/flint/antsRegistration/r7-p21/sub-s033/Stage1_level4_Iter0006.nii.gz
2DIAGNOSTIC,     6, -4.259893266711e-01, 1.797693134862e+308, 5.1200e+02, 0.0000e+00, 
*/mnt/lustre/mathdugre/fast-interpolate/datasets/ds004513/derivatives/flint/antsRegistration/r7-p21/sub-s033/Stage1_level4_Iter0007.nii.gz
2DIAGNOSTIC,     7, -4.259897076413e-01, 1.797693134862e+308, 1.0240e+03, 5.1200e+02, 
*/mnt/lustre/mathdugre/fast-interpolate/datasets/ds004513/derivatives/flint/antsRegistration/r7-p21/sub-s033/Stage1_level4_Iter0008.nii.gz
2DIAGNOSTIC,     8, -4.259893079097e-01, 1.797693134862e+308, 1.0240e+03, 0.0000e+00, 
*/mnt/lustre/mathdugre/fast-interpolate/datasets/ds004513/derivatives/flint/antsRegistration/r7-p21/sub-s033/Stage1_level4_Iter0009.nii.gz
2DIAGNOSTIC,     9, -4.259892830742e-01, 1.797693134862e+308, 1.0240e+03, 0.0000e+00, 
*/mnt/lustre/mathdugre/fast-interpolate/datasets/ds004513/derivatives/flint/antsRegistration/r7-p21/sub-s033/Stage1_level4_Iter0010.nii.gz
2DIAGNOSTIC,    10, -4.259891978117e-01, 1.543760299683e-05, 1.0240e+03, 0.0000e+00, 
*/mnt/lustre/mathdugre/fast-interpolate/datasets/ds004513/derivatives/flint/antsRegistration/r7-p21/sub-s033/Stage1_level4_Iter0011.nii.gz
2DIAGNOSTIC,    11, -4.259891564403e-01, 4.649162292480e-06, 1.0240e+03, 0.0000e+00, 
*/mnt/lustre/mathdugre/fast-interpolate/datasets/ds004513/derivatives/flint/antsRegistration/r7-p21/sub-s033/Stage1_level4_Iter0012.nii.gz
2DIAGNOSTIC,    12, -4.259891017948e-01, 2.562999725342e-06, 1.0240e+03, 0.0000e+00, 
