
##########################
# Experiment information #
##########################

EXPERIMENT_NAME: r7-p23
VFC_BACKENDS: libinterflop_vprec.so --range-binary32=7 --precision-binary32=23 --range-binary64=7 --precision-binary64=23

SIF_IMG: /mnt/lustre/mathdugre/containers/ants-vprec-no_metric.simg

SUBJECT_ID: s014
INPUT_IMG: /mnt/lustre/mathdugre/fast-interpolate/datasets/ds004513/derivatives/flint/antsBrainExtraction/sub-s014/BrainExtractionBrain.nii.gz
OUTPUT_DIR: /mnt/lustre/mathdugre/fast-interpolate/datasets/ds004513/derivatives/flint/antsRegistration/r7-p23/sub-s014

FIXED_IMG: /templateflow/tpl-MNI152NLin2009cAsym/tpl-MNI152NLin2009cAsym_res-01_desc-brain_T1w.nii.gz
DATA_DIR: /mnt/lustre/mathdugre/fast-interpolate/datasets/ds004513
TEMPLATEFLOW_DIR: /home/mathdugre/.cache/templateflow
ITK_GLOBAL_DEFAULT_NUMBER_OF_THREADS: 4
##########################

Info [verificarlo]: loaded backend libinterflop_vprec.so
Info [interflop-vprec]: load backend with: 
Info [interflop-vprec]: precision-binary32 = 23
Info [interflop-vprec]: range-binary32 = 7
Info [interflop-vprec]: precision-binary64 = 23
Info [interflop-vprec]: range-binary64 = 7
Info [interflop-vprec]: mode = ob
Info [interflop-vprec]: error-mode = rel
Info [interflop-vprec]: max-abs-error-exponent = -1022
Info [interflop-vprec]: daz = false
Info [interflop-vprec]: ftz = false
Info [interflop-vprec]: 	instrument = none
Info [interflop-vprec]: 	prec-input-file = (null)
Info [interflop-vprec]: 	prec-output-file = (null)
Info [interflop-vprec]: 	prec-log-file = (null)
All_Command_lines_OK
Using double precision for computations.
=============================================================================
The composite transform comprises the following transforms (in order): 
  1. Center of mass alignment using fixed image: /templateflow/tpl-MNI152NLin2009cAsym/tpl-MNI152NLin2009cAsym_res-01_desc-brain_T1w.nii.gz and moving image: /mnt/lustre/mathdugre/fast-interpolate/datasets/ds004513/derivatives/flint/antsBrainExtraction/sub-s014/BrainExtractionBrain.nii.gz (type = Euler3DTransform)
=============================================================================
  number of levels = 4
  number of levels = 4
  number of levels = 4
  fixed image: /templateflow/tpl-MNI152NLin2009cAsym/tpl-MNI152NLin2009cAsym_res-01_desc-brain_T1w.nii.gz
  moving image: /mnt/lustre/mathdugre/fast-interpolate/datasets/ds004513/derivatives/flint/antsBrainExtraction/sub-s014/BrainExtractionBrain.nii.gz
  fixed image: /templateflow/tpl-MNI152NLin2009cAsym/tpl-MNI152NLin2009cAsym_res-01_desc-brain_T1w.nii.gz
  moving image: /mnt/lustre/mathdugre/fast-interpolate/datasets/ds004513/derivatives/flint/antsBrainExtraction/sub-s014/BrainExtractionBrain.nii.gz
  fixed image: /templateflow/tpl-MNI152NLin2009cAsym/tpl-MNI152NLin2009cAsym_res-01_desc-brain_T1w.nii.gz
  moving image: /mnt/lustre/mathdugre/fast-interpolate/datasets/ds004513/derivatives/flint/antsBrainExtraction/sub-s014/BrainExtractionBrain.nii.gz
Dimension = 3
Number of stages = 3
Use histogram matching = false
Winsorize image intensities = true
  Lower quantile = 0.005
  Upper quantile = 0.995


Stage 1 State
   Image metric = MattesMI
     Fixed image = Image (0x337fb30)
  RTTI typeinfo:   itk::Image<double, 3u>
  Reference Count: 2
  Modified Time: 2389
  Debug: Off
  Object Name: 
  Observers: 
    none
  Source: (none)
  Source output name: (none)
  Release Data: Off
  Data Released: False
  Global Release Data: Off
  PipelineMTime: 0
  UpdateMTime: 1998
  RealTimeStamp: 0 seconds 
  LargestPossibleRegion: 
    Dimension: 3
    Index: [0, 0, 0]
    Size: [193, 229, 193]
  BufferedRegion: 
    Dimension: 3
    Index: [0, 0, 0]
    Size: [193, 229, 193]
  RequestedRegion: 
    Dimension: 3
    Index: [0, 0, 0]
    Size: [193, 229, 193]
  Spacing: [1, 1, 1]
  Origin: [96, 132, -78]
  Direction: 
-1 0 0
0 -1 0
0 0 1

  IndexToPointMatrix: 
-1 0 0
0 -1 0
0 0 1

  PointToIndexMatrix: 
-1 0 0
0 -1 0
0 0 1

  Inverse Direction: 
-1 0 0
0 -1 0
0 0 1

  PixelContainer: 
    ImportImageContainer (0x3384a10)
      RTTI typeinfo:   itk::ImportImageContainer<unsigned long, double>
      Reference Count: 1
      Modified Time: 1995
      Debug: Off
      Object Name: 
      Observers: 
        none
      Pointer: 0x7febe2541010
      Container manages memory: true
      Size: 8530021
      Capacity: 8530021

     Moving image = Image (0x337b400)
  RTTI typeinfo:   itk::Image<double, 3u>
  Reference Count: 2
  Modified Time: 2390
  Debug: Off
  Object Name: 
  Observers: 
    none
  Source: (none)
  Source output name: (none)
  Release Data: Off
  Data Released: False
  Global Release Data: Off
  PipelineMTime: 0
  UpdateMTime: 2387
  RealTimeStamp: 0 seconds 
  LargestPossibleRegion: 
    Dimension: 3
    Index: [0, 0, 0]
    Size: [160, 240, 256]
  BufferedRegion: 
    Dimension: 3
    Index: [0, 0, 0]
    Size: [160, 240, 256]
  RequestedRegion: 
    Dimension: 3
    Index: [0, 0, 0]
    Size: [160, 240, 256]
  Spacing: [0.999999, 1, 1]
  Origin: [84.1637, 106.709, -120.531]
  Direction: 
-0.999619 -0.0226874 -0.0157033
0.0226846 -0.999743 0.00035635
-0.0157073 -7.8229e-09 0.999877

  IndexToPointMatrix: 
-0.999619 -0.0226874 -0.0157033
0.0226845 -0.999743 0.00035635
-0.0157073 -7.8229e-09 0.999877

  PointToIndexMatrix: 
-0.99962 0.0226846 -0.0157073
-0.0226874 -0.999743 2.98023e-08
-0.0157033 0.000356346 0.999877

  Inverse Direction: 
-0.999619 0.0226846 -0.0157073
-0.0226874 -0.999743 -7.84348e-09
-0.0157033 0.00035635 0.999877

  PixelContainer: 
    ImportImageContainer (0x34af550)
      RTTI typeinfo:   itk::ImportImageContainer<unsigned long, double>
      Reference Count: 1
      Modified Time: 2384
      Debug: Off
      Object Name: 
      Observers: 
        none
      Pointer: 0x7febdda40010
      Container manages memory: true
      Size: 9830400
      Capacity: 9830400

     Weighting = 1
     Sampling strategy = regular
     Number of bins = 32
     Radius = 4
     Sampling percentage  = 0.25
   Transform = Rigid
     Gradient step = 0.1
     Update field sigma (voxel space) = 0
     Total field sigma (voxel space) = 0
     Update field time sigma = 0
     Total field time sigma  = 0
     Number of time indices = 0
     Number of time point samples = 0
Stage 2 State
   Image metric = MattesMI
     Fixed image = Image (0x3386660)
  RTTI typeinfo:   itk::Image<double, 3u>
  Reference Count: 2
  Modified Time: 3167
  Debug: Off
  Object Name: 
  Observers: 
    none
  Source: (none)
  Source output name: (none)
  Release Data: Off
  Data Released: False
  Global Release Data: Off
  PipelineMTime: 0
  UpdateMTime: 2776
  RealTimeStamp: 0 seconds 
  LargestPossibleRegion: 
    Dimension: 3
    Index: [0, 0, 0]
    Size: [193, 229, 193]
  BufferedRegion: 
    Dimension: 3
    Index: [0, 0, 0]
    Size: [193, 229, 193]
  RequestedRegion: 
    Dimension: 3
    Index: [0, 0, 0]
    Size: [193, 229, 193]
  Spacing: [1, 1, 1]
  Origin: [96, 132, -78]
  Direction: 
-1 0 0
0 -1 0
0 0 1

  IndexToPointMatrix: 
-1 0 0
0 -1 0
0 0 1

  PointToIndexMatrix: 
-1 0 0
0 -1 0
0 0 1

  Inverse Direction: 
-1 0 0
0 -1 0
0 0 1

  PixelContainer: 
    ImportImageContainer (0x33a4b80)
      RTTI typeinfo:   itk::ImportImageContainer<unsigned long, double>
      Reference Count: 1
      Modified Time: 2773
      Debug: Off
      Object Name: 
      Observers: 
        none
      Pointer: 0x7febd992b010
      Container manages memory: true
      Size: 8530021
      Capacity: 8530021

     Moving image = Image (0x33a21c0)
  RTTI typeinfo:   itk::Image<double, 3u>
  Reference Count: 2
  Modified Time: 3168
  Debug: Off
  Object Name: 
  Observers: 
    none
  Source: (none)
  Source output name: (none)
  Release Data: Off
  Data Released: False
  Global Release Data: Off
  PipelineMTime: 0
  UpdateMTime: 3165
  RealTimeStamp: 0 seconds 
  LargestPossibleRegion: 
    Dimension: 3
    Index: [0, 0, 0]
    Size: [160, 240, 256]
  BufferedRegion: 
    Dimension: 3
    Index: [0, 0, 0]
    Size: [160, 240, 256]
  RequestedRegion: 
    Dimension: 3
    Index: [0, 0, 0]
    Size: [160, 240, 256]
  Spacing: [0.999999, 1, 1]
  Origin: [84.1637, 106.709, -120.531]
  Direction: 
-0.999619 -0.0226874 -0.0157033
0.0226846 -0.999743 0.00035635
-0.0157073 -7.8229e-09 0.999877

  IndexToPointMatrix: 
-0.999619 -0.0226874 -0.0157033
0.0226845 -0.999743 0.00035635
-0.0157073 -7.8229e-09 0.999877

  PointToIndexMatrix: 
-0.99962 0.0226846 -0.0157073
-0.0226874 -0.999743 2.98023e-08
-0.0157033 0.000356346 0.999877

  Inverse Direction: 
-0.999619 0.0226846 -0.0157073
-0.0226874 -0.999743 -7.84348e-09
-0.0157033 0.00035635 0.999877

  PixelContainer: 
    ImportImageContainer (0x35cf7d0)
      RTTI typeinfo:   itk::ImportImageContainer<unsigned long, double>
      Reference Count: 1
      Modified Time: 3162
      Debug: Off
      Object Name: 
      Observers: 
        none
      Pointer: 0x7febd4e2a010
      Container manages memory: true
      Size: 9830400
      Capacity: 9830400

     Weighting = 1
     Sampling strategy = regular
     Number of bins = 32
     Radius = 4
     Sampling percentage  = 0.25
   Transform = Affine
     Gradient step = 0.1
     Update field sigma (voxel space) = 0
     Total field sigma (voxel space) = 0
     Update field time sigma = 0
     Total field time sigma  = 0
     Number of time indices = 0
     Number of time point samples = 0
Stage 3 State
   Image metric = CC
     Fixed image = Image (0x33862c0)
  RTTI typeinfo:   itk::Image<double, 3u>
  Reference Count: 2
  Modified Time: 3945
  Debug: Off
  Object Name: 
  Observers: 
    none
  Source: (none)
  Source output name: (none)
  Release Data: Off
  Data Released: False
  Global Release Data: Off
  PipelineMTime: 0
  UpdateMTime: 3554
  RealTimeStamp: 0 seconds 
  LargestPossibleRegion: 
    Dimension: 3
    Index: [0, 0, 0]
    Size: [193, 229, 193]
  BufferedRegion: 
    Dimension: 3
    Index: [0, 0, 0]
    Size: [193, 229, 193]
  RequestedRegion: 
    Dimension: 3
    Index: [0, 0, 0]
    Size: [193, 229, 193]
  Spacing: [1, 1, 1]
  Origin: [96, 132, -78]
  Direction: 
-1 0 0
0 -1 0
0 0 1

  IndexToPointMatrix: 
-1 0 0
0 -1 0
0 0 1

  PointToIndexMatrix: 
-1 0 0
0 -1 0
0 0 1

  Inverse Direction: 
-1 0 0
0 -1 0
0 0 1

  PixelContainer: 
    ImportImageContainer (0x33a2d40)
      RTTI typeinfo:   itk::ImportImageContainer<unsigned long, double>
      Reference Count: 1
      Modified Time: 3551
      Debug: Off
      Object Name: 
      Observers: 
        none
      Pointer: 0x7febd0d15010
      Container manages memory: true
      Size: 8530021
      Capacity: 8530021

     Moving image = Image (0x33a3bd0)
  RTTI typeinfo:   itk::Image<double, 3u>
  Reference Count: 2
  Modified Time: 3946
  Debug: Off
  Object Name: 
  Observers: 
    none
  Source: (none)
  Source output name: (none)
  Release Data: Off
  Data Released: False
  Global Release Data: Off
  PipelineMTime: 0
  UpdateMTime: 3943
  RealTimeStamp: 0 seconds 
  LargestPossibleRegion: 
    Dimension: 3
    Index: [0, 0, 0]
    Size: [160, 240, 256]
  BufferedRegion: 
    Dimension: 3
    Index: [0, 0, 0]
    Size: [160, 240, 256]
  RequestedRegion: 
    Dimension: 3
    Index: [0, 0, 0]
    Size: [160, 240, 256]
  Spacing: [0.999999, 1, 1]
  Origin: [84.1637, 106.709, -120.531]
  Direction: 
-0.999619 -0.0226874 -0.0157033
0.0226846 -0.999743 0.00035635
-0.0157073 -7.8229e-09 0.999877

  IndexToPointMatrix: 
-0.999619 -0.0226874 -0.0157033
0.0226845 -0.999743 0.00035635
-0.0157073 -7.8229e-09 0.999877

  PointToIndexMatrix: 
-0.99962 0.0226846 -0.0157073
-0.0226874 -0.999743 2.98023e-08
-0.0157033 0.000356346 0.999877

  Inverse Direction: 
-0.999619 0.0226846 -0.0157073
-0.0226874 -0.999743 -7.84348e-09
-0.0157033 0.00035635 0.999877

  PixelContainer: 
    ImportImageContainer (0x356f7d0)
      RTTI typeinfo:   itk::ImportImageContainer<unsigned long, double>
      Reference Count: 1
      Modified Time: 3940
      Debug: Off
      Object Name: 
      Observers: 
        none
      Pointer: 0x7febcc214010
      Container manages memory: true
      Size: 9830400
      Capacity: 9830400

     Weighting = 1
     Sampling strategy = none
     Number of bins = 32
     Radius = 4
     Sampling percentage  = 1
   Transform = SyN
     Gradient step = 0.1
     Update field sigma (voxel space) = 3
     Total field sigma (voxel space) = 0
     Update field time sigma = 0
     Total field time sigma  = 0
     Number of time indices = 0
     Number of time point samples = 0
Registration using 3 total stages.

Stage 0
  iterations = 1000x500x250x100
  convergence threshold = 1e-06
  convergence window size = 10
  number of levels = 4
  using the Mattes MI metric (number of bins = 32, weight = 1, use gradient filter = 0)
  preprocessing:  winsorizing the image intensities
  Shrink factors (level 1 out of 4): [8, 8, 8]
  Shrink factors (level 2 out of 4): [4, 4, 4]
  Shrink factors (level 3 out of 4): [2, 2, 2]
  Shrink factors (level 4 out of 4): [1, 1, 1]
  smoothing sigmas per level: [3, 2, 1, 0]
  regular sampling (percentage = 0.25)

*** Running Euler3DTransform registration ***

DIAGNOSTIC,Iteration,metricValue,convergenceValue,ITERATION_TIME_INDEX,SINCE_LAST
*/mnt/lustre/mathdugre/fast-interpolate/datasets/ds004513/derivatives/flint/antsRegistration/r7-p23/sub-s014/Stage1_level1_Iter0001.nii.gz
2DIAGNOSTIC,     1, -4.756200931880e-01, 1.797693134862e+308, 0.0000e+00, 0.0000e+00, 
*/mnt/lustre/mathdugre/fast-interpolate/datasets/ds004513/derivatives/flint/antsRegistration/r7-p23/sub-s014/Stage1_level1_Iter0002.nii.gz
2DIAGNOSTIC,     2, -4.768634800175e-01, 1.797693134862e+308, 0.0000e+00, 0.0000e+00, 
*/mnt/lustre/mathdugre/fast-interpolate/datasets/ds004513/derivatives/flint/antsRegistration/r7-p23/sub-s014/Stage1_level1_Iter0003.nii.gz
2DIAGNOSTIC,     3, -4.789691625010e-01, 1.797693134862e+308, 0.0000e+00, 0.0000e+00, 
*/mnt/lustre/mathdugre/fast-interpolate/datasets/ds004513/derivatives/flint/antsRegistration/r7-p23/sub-s014/Stage1_level1_Iter0004.nii.gz
2DIAGNOSTIC,     4, -4.821400085940e-01, 1.797693134862e+308, 0.0000e+00, 0.0000e+00, 
*/mnt/lustre/mathdugre/fast-interpolate/datasets/ds004513/derivatives/flint/antsRegistration/r7-p23/sub-s014/Stage1_level1_Iter0005.nii.gz
2DIAGNOSTIC,     5, -4.871663596823e-01, 1.797693134862e+308, 0.0000e+00, 0.0000e+00, 
*/mnt/lustre/mathdugre/fast-interpolate/datasets/ds004513/derivatives/flint/antsRegistration/r7-p23/sub-s014/Stage1_level1_Iter0006.nii.gz
2DIAGNOSTIC,     6, -4.973116393660e-01, 1.797693134862e+308, 0.0000e+00, 0.0000e+00, 
*/mnt/lustre/mathdugre/fast-interpolate/datasets/ds004513/derivatives/flint/antsRegistration/r7-p23/sub-s014/Stage1_level1_Iter0007.nii.gz
2DIAGNOSTIC,     7, -4.997203512123e-01, 1.797693134862e+308, 0.0000e+00, 0.0000e+00, 
*/mnt/lustre/mathdugre/fast-interpolate/datasets/ds004513/derivatives/flint/antsRegistration/r7-p23/sub-s014/Stage1_level1_Iter0008.nii.gz
2DIAGNOSTIC,     8, -5.006733417667e-01, 1.797693134862e+308, 0.0000e+00, 0.0000e+00, 
*/mnt/lustre/mathdugre/fast-interpolate/datasets/ds004513/derivatives/flint/antsRegistration/r7-p23/sub-s014/Stage1_level1_Iter0009.nii.gz
2DIAGNOSTIC,     9, -5.034319941999e-01, 1.797693134862e+308, 0.0000e+00, 0.0000e+00, 
*/mnt/lustre/mathdugre/fast-interpolate/datasets/ds004513/derivatives/flint/antsRegistration/r7-p23/sub-s014/Stage1_level1_Iter0010.nii.gz
2DIAGNOSTIC,    10, -5.079375910573e-01, 4.671692848206e-03, 0.0000e+00, 0.0000e+00, 
*/mnt/lustre/mathdugre/fast-interpolate/datasets/ds004513/derivatives/flint/antsRegistration/r7-p23/sub-s014/Stage1_level1_Iter0011.nii.gz
2DIAGNOSTIC,    11, -5.080927208852e-01, 4.104495048523e-03, 0.0000e+00, 0.0000e+00, 
*/mnt/lustre/mathdugre/fast-interpolate/datasets/ds004513/derivatives/flint/antsRegistration/r7-p23/sub-s014/Stage1_level1_Iter0012.nii.gz
2DIAGNOSTIC,    12, -5.109782075513e-01, 3.467567265034e-03, 0.0000e+00, 0.0000e+00, 
*/mnt/lustre/mathdugre/fast-interpolate/datasets/ds004513/derivatives/flint/antsRegistration/r7-p23/sub-s014/Stage1_level1_Iter0013.nii.gz
2DIAGNOSTIC,    13, -5.124692858282e-01, 2.781853079796e-03, 0.0000e+00, 0.0000e+00, 
*/mnt/lustre/mathdugre/fast-interpolate/datasets/ds004513/derivatives/flint/antsRegistration/r7-p23/sub-s014/Stage1_level1_Iter0014.nii.gz
2DIAGNOSTIC,    14, -5.147300542368e-01, 2.164408564568e-03, 0.0000e+00, 0.0000e+00, 
*/mnt/lustre/mathdugre/fast-interpolate/datasets/ds004513/derivatives/flint/antsRegistration/r7-p23/sub-s014/Stage1_level1_Iter0015.nii.gz
2DIAGNOSTIC,    15, -5.161507577802e-01, 1.667432487011e-03, 0.0000e+00, 0.0000e+00, 
*/mnt/lustre/mathdugre/fast-interpolate/datasets/ds004513/derivatives/flint/antsRegistration/r7-p23/sub-s014/Stage1_level1_Iter0016.nii.gz
2DIAGNOSTIC,    16, -5.167453369854e-01, 1.463152468204e-03, 0.0000e+00, 0.0000e+00, 
*/mnt/lustre/mathdugre/fast-interpolate/datasets/ds004513/derivatives/flint/antsRegistration/r7-p23/sub-s014/Stage1_level1_Iter0017.nii.gz
2DIAGNOSTIC,    17, -5.173035761672e-01, 1.250572502613e-03, 0.0000e+00, 0.0000e+00, 
*/mnt/lustre/mathdugre/fast-interpolate/datasets/ds004513/derivatives/flint/antsRegistration/r7-p23/sub-s014/Stage1_level1_Iter0018.nii.gz
2DIAGNOSTIC,    18, -5.192596771824e-01, 1.036982983351e-03, 0.0000e+00, 0.0000e+00, 
*/mnt/lustre/mathdugre/fast-interpolate/datasets/ds004513/derivatives/flint/antsRegistration/r7-p23/sub-s014/Stage1_level1_Iter0019.nii.gz
2DIAGNOSTIC,    19, -5.199237715492e-01, 8.477084338665e-04, 0.0000e+00, 0.0000e+00, 
*/mnt/lustre/mathdugre/fast-interpolate/datasets/ds004513/derivatives/flint/antsRegistration/r7-p23/sub-s014/Stage1_level1_Iter0020.nii.gz
2DIAGNOSTIC,    20, -5.218501548728e-01, 7.819272577763e-04, 0.0000e+00, 0.0000e+00, 
*/mnt/lustre/mathdugre/fast-interpolate/datasets/ds004513/derivatives/flint/antsRegistration/r7-p23/sub-s014/Stage1_level1_Iter0021.nii.gz
2DIAGNOSTIC,    21, -5.227101685225e-01, 6.756335496902e-04, 0.0000e+00, 0.0000e+00, 
*/mnt/lustre/mathdugre/fast-interpolate/datasets/ds004513/derivatives/flint/antsRegistration/r7-p23/sub-s014/Stage1_level1_Iter0022.nii.gz
2DIAGNOSTIC,    22, -5.238382693115e-01, 6.190426647663e-04, 0.0000e+00, 0.0000e+00, 
*/mnt/lustre/mathdugre/fast-interpolate/datasets/ds004513/derivatives/flint/antsRegistration/r7-p23/sub-s014/Stage1_level1_Iter0023.nii.gz
2DIAGNOSTIC,    23, -5.242091220263e-01, 5.536973476410e-04, 0.0000e+00, 0.0000e+00, 
*/mnt/lustre/mathdugre/fast-interpolate/datasets/ds004513/derivatives/flint/antsRegistration/r7-p23/sub-s014/Stage1_level1_Iter0024.nii.gz
2DIAGNOSTIC,    24, -5.246993374872e-01, 5.057752132416e-04, 0.0000e+00, 0.0000e+00, 
*/mnt/lustre/mathdugre/fast-interpolate/datasets/ds004513/derivatives/flint/antsRegistration/r7-p23/sub-s014/Stage1_level1_Iter0025.nii.gz
2DIAGNOSTIC,    25, -5.264201929443e-01, 4.846490919590e-04, 0.0000e+00, 0.0000e+00, 
*/mnt/lustre/mathdugre/fast-interpolate/datasets/ds004513/derivatives/flint/antsRegistration/r7-p23/sub-s014/Stage1_level1_Iter0026.nii.gz
2DIAGNOSTIC,    26, -5.271253363545e-01, 4.467926919460e-04, 0.0000e+00, 0.0000e+00, 
*/mnt/lustre/mathdugre/fast-interpolate/datasets/ds004513/derivatives/flint/antsRegistration/r7-p23/sub-s014/Stage1_level1_Iter0027.nii.gz
2DIAGNOSTIC,    27, -5.272591457711e-01, 3.835596144199e-04, 0.0000e+00, 0.0000e+00, 
*/mnt/lustre/mathdugre/fast-interpolate/datasets/ds004513/derivatives/flint/antsRegistration/r7-p23/sub-s014/Stage1_level1_Iter0028.nii.gz
2DIAGNOSTIC,    28, -5.274935762755e-01, 3.333762288094e-04, 0.0000e+00, 0.0000e+00, 
*/mnt/lustre/mathdugre/fast-interpolate/datasets/ds004513/derivatives/flint/antsRegistration/r7-p23/sub-s014/Stage1_level1_Iter0029.nii.gz
2DIAGNOSTIC,    29, -5.282459807427e-01, 2.819374203682e-04, 0.0000e+00, 0.0000e+00, 
*/mnt/lustre/mathdugre/fast-interpolate/datasets/ds004513/derivatives/flint/antsRegistration/r7-p23/sub-s014/Stage1_level1_Iter0030.nii.gz
2DIAGNOSTIC,    30, -5.302049130374e-01, 2.785027027130e-04, 0.0000e+00, 0.0000e+00, 
*/mnt/lustre/mathdugre/fast-interpolate/datasets/ds004513/derivatives/flint/antsRegistration/r7-p23/sub-s014/Stage1_level1_Iter0031.nii.gz
2DIAGNOSTIC,    31, -5.329479944871e-01, 3.121122717857e-04, 0.0000e+00, 0.0000e+00, 
*/mnt/lustre/mathdugre/fast-interpolate/datasets/ds004513/derivatives/flint/antsRegistration/r7-p23/sub-s014/Stage1_level1_Iter0032.nii.gz
2DIAGNOSTIC,    32, -5.331646050840e-01, 3.369711339474e-04, 0.0000e+00, 0.0000e+00, 
*/mnt/lustre/mathdugre/fast-interpolate/datasets/ds004513/derivatives/flint/antsRegistration/r7-p23/sub-s014/Stage1_level1_Iter0033.nii.gz
2DIAGNOSTIC,    33, -5.336658586742e-01, 3.442503511906e-04, 0.0000e+00, 0.0000e+00, 
*/mnt/lustre/mathdugre/fast-interpolate/datasets/ds004513/derivatives/flint/antsRegistration/r7-p23/sub-s014/Stage1_level1_Iter0034.nii.gz
2DIAGNOSTIC,    34, -5.342258873004e-01, 3.351755440235e-04, 0.0000e+00, 0.0000e+00, 
*/mnt/lustre/mathdugre/fast-interpolate/datasets/ds004513/derivatives/flint/antsRegistration/r7-p23/sub-s014/Stage1_level1_Iter0035.nii.gz
2DIAGNOSTIC,    35, -5.346016646969e-01, 3.269538283348e-04, 0.0000e+00, 0.0000e+00, 
*/mnt/lustre/mathdugre/fast-interpolate/datasets/ds004513/derivatives/flint/antsRegistration/r7-p23/sub-s014/Stage1_level1_Iter0036.nii.gz
2DIAGNOSTIC,    36, -5.347557636443e-01, 3.008209168911e-04, 0.0000e+00, 0.0000e+00, 
*/mnt/lustre/mathdugre/fast-interpolate/datasets/ds004513/derivatives/flint/antsRegistration/r7-p23/sub-s014/Stage1_level1_Iter0037.nii.gz
2DIAGNOSTIC,    37, -5.347625721445e-01, 2.501476556063e-04, 0.0000e+00, 0.0000e+00, 
*/mnt/lustre/mathdugre/fast-interpolate/datasets/ds004513/derivatives/flint/antsRegistration/r7-p23/sub-s014/Stage1_level1_Iter0038.nii.gz
2DIAGNOSTIC,    38, -5.347675014188e-01, 1.826193183661e-04, 0.0000e+00, 0.0000e+00, 
*/mnt/lustre/mathdugre/fast-interpolate/datasets/ds004513/derivatives/flint/antsRegistration/r7-p23/sub-s014/Stage1_level1_Iter0039.nii.gz
2DIAGNOSTIC,    39, -5.347736155238e-01, 1.116544008255e-04, 0.0000e+00, 0.0000e+00, 
*/mnt/lustre/mathdugre/fast-interpolate/datasets/ds004513/derivatives/flint/antsRegistration/r7-p23/sub-s014/Stage1_level1_Iter0040.nii.gz
2DIAGNOSTIC,    40, -5.347785502431e-01, 5.974806845188e-05, 0.0000e+00, 0.0000e+00, 
*/mnt/lustre/mathdugre/fast-interpolate/datasets/ds004513/derivatives/flint/antsRegistration/r7-p23/sub-s014/Stage1_level1_Iter0041.nii.gz
2DIAGNOSTIC,    41, -5.347786220351e-01, 4.166737198830e-05, 0.0000e+00, 0.0000e+00, 
*/mnt/lustre/mathdugre/fast-interpolate/datasets/ds004513/derivatives/flint/antsRegistration/r7-p23/sub-s014/Stage1_level1_Iter0042.nii.gz
2DIAGNOSTIC,    42, -5.347784883178e-01, 2.338178455830e-05, 0.0000e+00, 0.0000e+00, 
*/mnt/lustre/mathdugre/fast-interpolate/datasets/ds004513/derivatives/flint/antsRegistration/r7-p23/sub-s014/Stage1_level1_Iter0043.nii.gz
2DIAGNOSTIC,    43, -5.347785699528e-01, 1.009739935398e-05, 0.0000e+00, 0.0000e+00, 
*/mnt/lustre/mathdugre/fast-interpolate/datasets/ds004513/derivatives/flint/antsRegistration/r7-p23/sub-s014/Stage1_level1_Iter0044.nii.gz
2DIAGNOSTIC,    44, -5.347785579055e-01, 3.412365913391e-06, 0.0000e+00, 0.0000e+00, 
*/mnt/lustre/mathdugre/fast-interpolate/datasets/ds004513/derivatives/flint/antsRegistration/r7-p23/sub-s014/Stage1_level1_Iter0045.nii.gz
2DIAGNOSTIC,    45, -5.347785481891e-01, 1.298263669014e-06, 0.0000e+00, 0.0000e+00, 
*/mnt/lustre/mathdugre/fast-interpolate/datasets/ds004513/derivatives/flint/antsRegistration/r7-p23/sub-s014/Stage1_level1_Iter0046.nii.gz
2DIAGNOSTIC,    46, -5.347784756409e-01, 1.059845089912e-06, 0.0000e+00, 0.0000e+00, 
DIAGNOSTIC,Iteration,metricValue,convergenceValue,ITERATION_TIME_INDEX,SINCE_LAST
*/mnt/lustre/mathdugre/fast-interpolate/datasets/ds004513/derivatives/flint/antsRegistration/r7-p23/sub-s014/Stage1_level2_Iter0001.nii.gz
2DIAGNOSTIC,     1, -4.409336544175e-01, 1.797693134862e+308, 1.2800e+02, 1.2800e+02, 
*/mnt/lustre/mathdugre/fast-interpolate/datasets/ds004513/derivatives/flint/antsRegistration/r7-p23/sub-s014/Stage1_level2_Iter0002.nii.gz
2DIAGNOSTIC,     2, -4.416829047560e-01, 1.797693134862e+308, 1.2800e+02, 0.0000e+00, 
*/mnt/lustre/mathdugre/fast-interpolate/datasets/ds004513/derivatives/flint/antsRegistration/r7-p23/sub-s014/Stage1_level2_Iter0003.nii.gz
2DIAGNOSTIC,     3, -4.424632028467e-01, 1.797693134862e+308, 1.2800e+02, 0.0000e+00, 
*/mnt/lustre/mathdugre/fast-interpolate/datasets/ds004513/derivatives/flint/antsRegistration/r7-p23/sub-s014/Stage1_level2_Iter0004.nii.gz
2DIAGNOSTIC,     4, -4.430154632093e-01, 1.797693134862e+308, 1.2800e+02, 0.0000e+00, 
*/mnt/lustre/mathdugre/fast-interpolate/datasets/ds004513/derivatives/flint/antsRegistration/r7-p23/sub-s014/Stage1_level2_Iter0005.nii.gz
2DIAGNOSTIC,     5, -4.431977676072e-01, 1.797693134862e+308, 1.2800e+02, 0.0000e+00, 
*/mnt/lustre/mathdugre/fast-interpolate/datasets/ds004513/derivatives/flint/antsRegistration/r7-p23/sub-s014/Stage1_level2_Iter0006.nii.gz
2DIAGNOSTIC,     6, -4.431976221153e-01, 1.797693134862e+308, 1.2800e+02, 0.0000e+00, 
*/mnt/lustre/mathdugre/fast-interpolate/datasets/ds004513/derivatives/flint/antsRegistration/r7-p23/sub-s014/Stage1_level2_Iter0007.nii.gz
2DIAGNOSTIC,     7, -4.432090526640e-01, 1.797693134862e+308, 1.2800e+02, 0.0000e+00, 
*/mnt/lustre/mathdugre/fast-interpolate/datasets/ds004513/derivatives/flint/antsRegistration/r7-p23/sub-s014/Stage1_level2_Iter0008.nii.gz
2DIAGNOSTIC,     8, -4.432030416573e-01, 1.797693134862e+308, 1.2800e+02, 0.0000e+00, 
*/mnt/lustre/mathdugre/fast-interpolate/datasets/ds004513/derivatives/flint/antsRegistration/r7-p23/sub-s014/Stage1_level2_Iter0009.nii.gz
2DIAGNOSTIC,     9, -4.431826866111e-01, 1.797693134862e+308, 1.2800e+02, 0.0000e+00, 
*/mnt/lustre/mathdugre/fast-interpolate/datasets/ds004513/derivatives/flint/antsRegistration/r7-p23/sub-s014/Stage1_level2_Iter0010.nii.gz
2DIAGNOSTIC,    10, -4.431833808359e-01, 2.708584070206e-04, 1.2800e+02, 0.0000e+00, 
*/mnt/lustre/mathdugre/fast-interpolate/datasets/ds004513/derivatives/flint/antsRegistration/r7-p23/sub-s014/Stage1_level2_Iter0011.nii.gz
2DIAGNOSTIC,    11, -4.431765184836e-01, 1.338720321655e-04, 1.2800e+02, 0.0000e+00, 
*/mnt/lustre/mathdugre/fast-interpolate/datasets/ds004513/derivatives/flint/antsRegistration/r7-p23/sub-s014/Stage1_level2_Iter0012.nii.gz
2DIAGNOSTIC,    12, -4.431699486076e-01, 4.700571298599e-05, 1.2800e+02, 0.0000e+00, 
*/mnt/lustre/mathdugre/fast-interpolate/datasets/ds004513/derivatives/flint/antsRegistration/r7-p23/sub-s014/Stage1_level2_Iter0013.nii.gz
2DIAGNOSTIC,    13, -4.431631780840e-01, 7.048249244690e-06, 1.2800e+02, 0.0000e+00, 
DIAGNOSTIC,Iteration,metricValue,convergenceValue,ITERATION_TIME_INDEX,SINCE_LAST
*/mnt/lustre/mathdugre/fast-interpolate/datasets/ds004513/derivatives/flint/antsRegistration/r7-p23/sub-s014/Stage1_level3_Iter0001.nii.gz
2DIAGNOSTIC,     1, -3.871749727509e-01, 1.797693134862e+308, 1.2800e+02, 0.0000e+00, 
*/mnt/lustre/mathdugre/fast-interpolate/datasets/ds004513/derivatives/flint/antsRegistration/r7-p23/sub-s014/Stage1_level3_Iter0002.nii.gz
2DIAGNOSTIC,     2, -3.873533848033e-01, 1.797693134862e+308, 1.2800e+02, 0.0000e+00, 
*/mnt/lustre/mathdugre/fast-interpolate/datasets/ds004513/derivatives/flint/antsRegistration/r7-p23/sub-s014/Stage1_level3_Iter0003.nii.gz
2DIAGNOSTIC,     3, -3.876520640554e-01, 1.797693134862e+308, 1.2800e+02, 0.0000e+00, 
*/mnt/lustre/mathdugre/fast-interpolate/datasets/ds004513/derivatives/flint/antsRegistration/r7-p23/sub-s014/Stage1_level3_Iter0004.nii.gz
2DIAGNOSTIC,     4, -3.879048671280e-01, 1.797693134862e+308, 1.2800e+02, 0.0000e+00, 
*/mnt/lustre/mathdugre/fast-interpolate/datasets/ds004513/derivatives/flint/antsRegistration/r7-p23/sub-s014/Stage1_level3_Iter0005.nii.gz
2DIAGNOSTIC,     5, -3.881233545507e-01, 1.797693134862e+308, 1.2800e+02, 0.0000e+00, 
*/mnt/lustre/mathdugre/fast-interpolate/datasets/ds004513/derivatives/flint/antsRegistration/r7-p23/sub-s014/Stage1_level3_Iter0006.nii.gz
2DIAGNOSTIC,     6, -3.883279509917e-01, 1.797693134862e+308, 1.2800e+02, 0.0000e+00, 
*/mnt/lustre/mathdugre/fast-interpolate/datasets/ds004513/derivatives/flint/antsRegistration/r7-p23/sub-s014/Stage1_level3_Iter0007.nii.gz
2DIAGNOSTIC,     7, -3.890498387694e-01, 1.797693134862e+308, 1.2800e+02, 0.0000e+00, 
*/mnt/lustre/mathdugre/fast-interpolate/datasets/ds004513/derivatives/flint/antsRegistration/r7-p23/sub-s014/Stage1_level3_Iter0008.nii.gz
2DIAGNOSTIC,     8, -3.890534230624e-01, 1.797693134862e+308, 1.2800e+02, 0.0000e+00, 
*/mnt/lustre/mathdugre/fast-interpolate/datasets/ds004513/derivatives/flint/antsRegistration/r7-p23/sub-s014/Stage1_level3_Iter0009.nii.gz
2DIAGNOSTIC,     9, -3.890625656287e-01, 1.797693134862e+308, 1.2800e+02, 0.0000e+00, 
*/mnt/lustre/mathdugre/fast-interpolate/datasets/ds004513/derivatives/flint/antsRegistration/r7-p23/sub-s014/Stage1_level3_Iter0010.nii.gz
2DIAGNOSTIC,    10, -3.890789479700e-01, 3.654658794403e-04, 1.2800e+02, 0.0000e+00, 
*/mnt/lustre/mathdugre/fast-interpolate/datasets/ds004513/derivatives/flint/antsRegistration/r7-p23/sub-s014/Stage1_level3_Iter0011.nii.gz
2DIAGNOSTIC,    11, -3.891088032815e-01, 2.935081720352e-04, 1.2800e+02, 0.0000e+00, 
*/mnt/lustre/mathdugre/fast-interpolate/datasets/ds004513/derivatives/flint/antsRegistration/r7-p23/sub-s014/Stage1_level3_Iter0012.nii.gz
2DIAGNOSTIC,    12, -3.891390763200e-01, 2.193152904510e-04, 1.2800e+02, 0.0000e+00, 
*/mnt/lustre/mathdugre/fast-interpolate/datasets/ds004513/derivatives/flint/antsRegistration/r7-p23/sub-s014/Stage1_level3_Iter0013.nii.gz
2DIAGNOSTIC,    13, -3.891718829252e-01, 1.553893089294e-04, 1.2800e+02, 0.0000e+00, 
*/mnt/lustre/mathdugre/fast-interpolate/datasets/ds004513/derivatives/flint/antsRegistration/r7-p23/sub-s014/Stage1_level3_Iter0014.nii.gz
2DIAGNOSTIC,    14, -3.891644429060e-01, 9.996443986893e-05, 2.5600e+02, 1.2800e+02, 
*/mnt/lustre/mathdugre/fast-interpolate/datasets/ds004513/derivatives/flint/antsRegistration/r7-p23/sub-s014/Stage1_level3_Iter0015.nii.gz
2DIAGNOSTIC,    15, -3.891917773346e-01, 5.516409873962e-05, 2.5600e+02, 0.0000e+00, 
*/mnt/lustre/mathdugre/fast-interpolate/datasets/ds004513/derivatives/flint/antsRegistration/r7-p23/sub-s014/Stage1_level3_Iter0016.nii.gz
2DIAGNOSTIC,    16, -3.892432664805e-01, 2.183020114899e-05, 2.5600e+02, 0.0000e+00, 
*/mnt/lustre/mathdugre/fast-interpolate/datasets/ds004513/derivatives/flint/antsRegistration/r7-p23/sub-s014/Stage1_level3_Iter0017.nii.gz
2DIAGNOSTIC,    17, -3.892723309511e-01, 2.283975481987e-05, 2.5600e+02, 0.0000e+00, 
*/mnt/lustre/mathdugre/fast-interpolate/datasets/ds004513/derivatives/flint/antsRegistration/r7-p23/sub-s014/Stage1_level3_Iter0018.nii.gz
2DIAGNOSTIC,    18, -3.893125055148e-01, 2.356618642807e-05, 2.5600e+02, 0.0000e+00, 
*/mnt/lustre/mathdugre/fast-interpolate/datasets/ds004513/derivatives/flint/antsRegistration/r7-p23/sub-s014/Stage1_level3_Iter0019.nii.gz
2DIAGNOSTIC,    19, -3.893534883169e-01, 2.414733171463e-05, 2.5600e+02, 0.0000e+00, 
*/mnt/lustre/mathdugre/fast-interpolate/datasets/ds004513/derivatives/flint/antsRegistration/r7-p23/sub-s014/Stage1_level3_Iter0020.nii.gz
2DIAGNOSTIC,    20, -3.894379713874e-01, 2.622604370117e-05, 2.5600e+02, 0.0000e+00, 
*/mnt/lustre/mathdugre/fast-interpolate/datasets/ds004513/derivatives/flint/antsRegistration/r7-p23/sub-s014/Stage1_level3_Iter0021.nii.gz
2DIAGNOSTIC,    21, -3.895491630680e-01, 3.062933683395e-05, 2.5600e+02, 0.0000e+00, 
*/mnt/lustre/mathdugre/fast-interpolate/datasets/ds004513/derivatives/flint/antsRegistration/r7-p23/sub-s014/Stage1_level3_Iter0022.nii.gz
2DIAGNOSTIC,    22, -3.895822881904e-01, 3.392249345779e-05, 2.5600e+02, 0.0000e+00, 
*/mnt/lustre/mathdugre/fast-interpolate/datasets/ds004513/derivatives/flint/antsRegistration/r7-p23/sub-s014/Stage1_level3_Iter0023.nii.gz
2DIAGNOSTIC,    23, -3.896048290913e-01, 3.571808338165e-05, 2.5600e+02, 0.0000e+00, 
*/mnt/lustre/mathdugre/fast-interpolate/datasets/ds004513/derivatives/flint/antsRegistration/r7-p23/sub-s014/Stage1_level3_Iter0024.nii.gz
2DIAGNOSTIC,    24, -3.897013455302e-01, 3.688409924507e-05, 2.5600e+02, 0.0000e+00, 
*/mnt/lustre/mathdugre/fast-interpolate/datasets/ds004513/derivatives/flint/antsRegistration/r7-p23/sub-s014/Stage1_level3_Iter0025.nii.gz
2DIAGNOSTIC,    25, -3.900094062951e-01, 4.427880048752e-05, 2.5600e+02, 0.0000e+00, 
*/mnt/lustre/mathdugre/fast-interpolate/datasets/ds004513/derivatives/flint/antsRegistration/r7-p23/sub-s014/Stage1_level3_Iter0026.nii.gz
2DIAGNOSTIC,    26, -3.902752685900e-01, 5.571544170380e-05, 3.8400e+02, 1.2800e+02, 
*/mnt/lustre/mathdugre/fast-interpolate/datasets/ds004513/derivatives/flint/antsRegistration/r7-p23/sub-s014/Stage1_level3_Iter0027.nii.gz
2DIAGNOSTIC,    27, -3.904388598904e-01, 6.632506847382e-05, 3.8400e+02, 0.0000e+00, 
*/mnt/lustre/mathdugre/fast-interpolate/datasets/ds004513/derivatives/flint/antsRegistration/r7-p23/sub-s014/Stage1_level3_Iter0028.nii.gz
2DIAGNOSTIC,    28, -3.904783798105e-01, 7.221102714539e-05, 3.8400e+02, 0.0000e+00, 
*/mnt/lustre/mathdugre/fast-interpolate/datasets/ds004513/derivatives/flint/antsRegistration/r7-p23/sub-s014/Stage1_level3_Iter0029.nii.gz
2DIAGNOSTIC,    29, -3.905149373088e-01, 7.297843694687e-05, 3.8400e+02, 0.0000e+00, 
*/mnt/lustre/mathdugre/fast-interpolate/datasets/ds004513/derivatives/flint/antsRegistration/r7-p23/sub-s014/Stage1_level3_Iter0030.nii.gz
2DIAGNOSTIC,    30, -3.905867505546e-01, 7.053092122078e-05, 3.8400e+02, 0.0000e+00, 
*/mnt/lustre/mathdugre/fast-interpolate/datasets/ds004513/derivatives/flint/antsRegistration/r7-p23/sub-s014/Stage1_level3_Iter0031.nii.gz
2DIAGNOSTIC,    31, -3.906215561620e-01, 6.496161222458e-05, 3.8400e+02, 0.0000e+00, 
*/mnt/lustre/mathdugre/fast-interpolate/datasets/ds004513/derivatives/flint/antsRegistration/r7-p23/sub-s014/Stage1_level3_Iter0032.nii.gz
2DIAGNOSTIC,    32, -3.906480340368e-01, 5.509331822395e-05, 3.8400e+02, 0.0000e+00, 
*/mnt/lustre/mathdugre/fast-interpolate/datasets/ds004513/derivatives/flint/antsRegistration/r7-p23/sub-s014/Stage1_level3_Iter0033.nii.gz
2DIAGNOSTIC,    33, -3.906496643595e-01, 4.132464528084e-05, 3.8400e+02, 0.0000e+00, 
*/mnt/lustre/mathdugre/fast-interpolate/datasets/ds004513/derivatives/flint/antsRegistration/r7-p23/sub-s014/Stage1_level3_Iter0034.nii.gz
2DIAGNOSTIC,    34, -3.906499734800e-01, 2.655573189259e-05, 3.8400e+02, 0.0000e+00, 
*/mnt/lustre/mathdugre/fast-interpolate/datasets/ds004513/derivatives/flint/antsRegistration/r7-p23/sub-s014/Stage1_level3_Iter0035.nii.gz
2DIAGNOSTIC,    35, -3.906508095375e-01, 1.651048660278e-05, 3.8400e+02, 0.0000e+00, 
*/mnt/lustre/mathdugre/fast-interpolate/datasets/ds004513/derivatives/flint/antsRegistration/r7-p23/sub-s014/Stage1_level3_Iter0036.nii.gz
2DIAGNOSTIC,    36, -3.906511970521e-01, 1.084990799427e-05, 3.8400e+02, 0.0000e+00, 
*/mnt/lustre/mathdugre/fast-interpolate/datasets/ds004513/derivatives/flint/antsRegistration/r7-p23/sub-s014/Stage1_level3_Iter0037.nii.gz
2DIAGNOSTIC,    37, -3.906594470247e-01, 7.934868335724e-06, 3.8400e+02, 0.0000e+00, 
*/mnt/lustre/mathdugre/fast-interpolate/datasets/ds004513/derivatives/flint/antsRegistration/r7-p23/sub-s014/Stage1_level3_Iter0038.nii.gz
2DIAGNOSTIC,    38, -3.906797507028e-01, 5.653128027916e-06, 3.8400e+02, 0.0000e+00, 
*/mnt/lustre/mathdugre/fast-interpolate/datasets/ds004513/derivatives/flint/antsRegistration/r7-p23/sub-s014/Stage1_level3_Iter0039.nii.gz
2DIAGNOSTIC,    39, -3.907326012764e-01, 4.667788743973e-06, 3.8400e+02, 0.0000e+00, 
*/mnt/lustre/mathdugre/fast-interpolate/datasets/ds004513/derivatives/flint/antsRegistration/r7-p23/sub-s014/Stage1_level3_Iter0040.nii.gz
2DIAGNOSTIC,    40, -3.908549162041e-01, 6.869435310364e-06, 3.8400e+02, 0.0000e+00, 
*/mnt/lustre/mathdugre/fast-interpolate/datasets/ds004513/derivatives/flint/antsRegistration/r7-p23/sub-s014/Stage1_level3_Iter0041.nii.gz
2DIAGNOSTIC,    41, -3.909427911492e-01, 1.051090657711e-05, 3.8400e+02, 0.0000e+00, 
*/mnt/lustre/mathdugre/fast-interpolate/datasets/ds004513/derivatives/flint/antsRegistration/r7-p23/sub-s014/Stage1_level3_Iter0042.nii.gz
2DIAGNOSTIC,    42, -3.911801506678e-01, 1.762434840202e-05, 3.8400e+02, 0.0000e+00, 
*/mnt/lustre/mathdugre/fast-interpolate/datasets/ds004513/derivatives/flint/antsRegistration/r7-p23/sub-s014/Stage1_level3_Iter0043.nii.gz
2DIAGNOSTIC,    43, -3.912170171985e-01, 2.337247133255e-05, 3.8400e+02, 0.0000e+00, 
*/mnt/lustre/mathdugre/fast-interpolate/datasets/ds004513/derivatives/flint/antsRegistration/r7-p23/sub-s014/Stage1_level3_Iter0044.nii.gz
2DIAGNOSTIC,    44, -3.912375954482e-01, 2.706982195377e-05, 3.8400e+02, 0.0000e+00, 
*/mnt/lustre/mathdugre/fast-interpolate/datasets/ds004513/derivatives/flint/antsRegistration/r7-p23/sub-s014/Stage1_level3_Iter0045.nii.gz
2DIAGNOSTIC,    45, -3.912351035835e-01, 2.808868885040e-05, 3.8400e+02, 0.0000e+00, 
*/mnt/lustre/mathdugre/fast-interpolate/datasets/ds004513/derivatives/flint/antsRegistration/r7-p23/sub-s014/Stage1_level3_Iter0046.nii.gz
2DIAGNOSTIC,    46, -3.912492386965e-01, 2.665258944035e-05, 3.8400e+02, 0.0000e+00, 
*/mnt/lustre/mathdugre/fast-interpolate/datasets/ds004513/derivatives/flint/antsRegistration/r7-p23/sub-s014/Stage1_level3_Iter0047.nii.gz
2DIAGNOSTIC,    47, -3.912688286528e-01, 2.319179475307e-05, 3.8400e+02, 0.0000e+00, 
*/mnt/lustre/mathdugre/fast-interpolate/datasets/ds004513/derivatives/flint/antsRegistration/r7-p23/sub-s014/Stage1_level3_Iter0048.nii.gz
2DIAGNOSTIC,    48, -3.912889543917e-01, 1.832284033298e-05, 3.8400e+02, 0.0000e+00, 
*/mnt/lustre/mathdugre/fast-interpolate/datasets/ds004513/derivatives/flint/antsRegistration/r7-p23/sub-s014/Stage1_level3_Iter0049.nii.gz
2DIAGNOSTIC,    49, -3.913398552003e-01, 1.351162791252e-05, 5.1200e+02, 1.2800e+02, 
*/mnt/lustre/mathdugre/fast-interpolate/datasets/ds004513/derivatives/flint/antsRegistration/r7-p23/sub-s014/Stage1_level3_Iter0050.nii.gz
2DIAGNOSTIC,    50, -3.913873277236e-01, 1.013651490211e-05, 5.1200e+02, 0.0000e+00, 
*/mnt/lustre/mathdugre/fast-interpolate/datasets/ds004513/derivatives/flint/antsRegistration/r7-p23/sub-s014/Stage1_level3_Iter0051.nii.gz
2DIAGNOSTIC,    51, -3.914331922921e-01, 7.800757884979e-06, 5.1200e+02, 0.0000e+00, 
*/mnt/lustre/mathdugre/fast-interpolate/datasets/ds004513/derivatives/flint/antsRegistration/r7-p23/sub-s014/Stage1_level3_Iter0052.nii.gz
2DIAGNOSTIC,    52, -3.915676233396e-01, 1.005642116070e-05, 5.1200e+02, 0.0000e+00, 
*/mnt/lustre/mathdugre/fast-interpolate/datasets/ds004513/derivatives/flint/antsRegistration/r7-p23/sub-s014/Stage1_level3_Iter0053.nii.gz
2DIAGNOSTIC,    53, -3.916001039887e-01, 1.223199069500e-05, 5.1200e+02, 0.0000e+00, 
*/mnt/lustre/mathdugre/fast-interpolate/datasets/ds004513/derivatives/flint/antsRegistration/r7-p23/sub-s014/Stage1_level3_Iter0054.nii.gz
2DIAGNOSTIC,    54, -3.917681194942e-01, 1.576729118824e-05, 5.1200e+02, 0.0000e+00, 
*/mnt/lustre/mathdugre/fast-interpolate/datasets/ds004513/derivatives/flint/antsRegistration/r7-p23/sub-s014/Stage1_level3_Iter0055.nii.gz
2DIAGNOSTIC,    55, -3.920481947537e-01, 2.134591341019e-05, 5.1200e+02, 0.0000e+00, 
*/mnt/lustre/mathdugre/fast-interpolate/datasets/ds004513/derivatives/flint/antsRegistration/r7-p23/sub-s014/Stage1_level3_Iter0056.nii.gz
2DIAGNOSTIC,    56, -3.920672852255e-01, 2.508051693439e-05, 5.1200e+02, 0.0000e+00, 
*/mnt/lustre/mathdugre/fast-interpolate/datasets/ds004513/derivatives/flint/antsRegistration/r7-p23/sub-s014/Stage1_level3_Iter0057.nii.gz
2DIAGNOSTIC,    57, -3.920688438366e-01, 2.664700150490e-05, 5.1200e+02, 0.0000e+00, 
*/mnt/lustre/mathdugre/fast-interpolate/datasets/ds004513/derivatives/flint/antsRegistration/r7-p23/sub-s014/Stage1_level3_Iter0058.nii.gz
2DIAGNOSTIC,    58, -3.920676983167e-01, 2.592802047729e-05, 5.1200e+02, 0.0000e+00, 
*/mnt/lustre/mathdugre/fast-interpolate/datasets/ds004513/derivatives/flint/antsRegistration/r7-p23/sub-s014/Stage1_level3_Iter0059.nii.gz
2DIAGNOSTIC,    59, -3.920678220216e-01, 2.339482307434e-05, 5.1200e+02, 0.0000e+00, 
