
##########################
# Experiment information #
##########################

EXPERIMENT_NAME: r7-p23
VFC_BACKENDS: libinterflop_vprec.so --range-binary32=7 --precision-binary32=23 --range-binary64=7 --precision-binary64=23

SIF_IMG: /mnt/lustre/mathdugre/containers/ants-vprec-no_metric.simg

SUBJECT_ID: s025
INPUT_IMG: /mnt/lustre/mathdugre/fast-interpolate/datasets/ds004513/derivatives/flint/antsBrainExtraction/sub-s025/BrainExtractionBrain.nii.gz
OUTPUT_DIR: /mnt/lustre/mathdugre/fast-interpolate/datasets/ds004513/derivatives/flint/antsRegistration/r7-p23/sub-s025

FIXED_IMG: /templateflow/tpl-MNI152NLin2009cAsym/tpl-MNI152NLin2009cAsym_res-01_desc-brain_T1w.nii.gz
DATA_DIR: /mnt/lustre/mathdugre/fast-interpolate/datasets/ds004513
TEMPLATEFLOW_DIR: /home/mathdugre/.cache/templateflow
ITK_GLOBAL_DEFAULT_NUMBER_OF_THREADS: 4
##########################

Info [verificarlo]: loaded backend libinterflop_vprec.so
Info [interflop-vprec]: load backend with: 
Info [interflop-vprec]: precision-binary32 = 23
Info [interflop-vprec]: range-binary32 = 7
Info [interflop-vprec]: precision-binary64 = 23
Info [interflop-vprec]: range-binary64 = 7
Info [interflop-vprec]: mode = ob
Info [interflop-vprec]: error-mode = rel
Info [interflop-vprec]: max-abs-error-exponent = -1022
Info [interflop-vprec]: daz = false
Info [interflop-vprec]: ftz = false
Info [interflop-vprec]: 	instrument = none
Info [interflop-vprec]: 	prec-input-file = (null)
Info [interflop-vprec]: 	prec-output-file = (null)
Info [interflop-vprec]: 	prec-log-file = (null)
All_Command_lines_OK
Using double precision for computations.
=============================================================================
The composite transform comprises the following transforms (in order): 
  1. Center of mass alignment using fixed image: /templateflow/tpl-MNI152NLin2009cAsym/tpl-MNI152NLin2009cAsym_res-01_desc-brain_T1w.nii.gz and moving image: /mnt/lustre/mathdugre/fast-interpolate/datasets/ds004513/derivatives/flint/antsBrainExtraction/sub-s025/BrainExtractionBrain.nii.gz (type = Euler3DTransform)
=============================================================================
  number of levels = 4
  number of levels = 4
  number of levels = 4
  fixed image: /templateflow/tpl-MNI152NLin2009cAsym/tpl-MNI152NLin2009cAsym_res-01_desc-brain_T1w.nii.gz
  moving image: /mnt/lustre/mathdugre/fast-interpolate/datasets/ds004513/derivatives/flint/antsBrainExtraction/sub-s025/BrainExtractionBrain.nii.gz
  fixed image: /templateflow/tpl-MNI152NLin2009cAsym/tpl-MNI152NLin2009cAsym_res-01_desc-brain_T1w.nii.gz
  moving image: /mnt/lustre/mathdugre/fast-interpolate/datasets/ds004513/derivatives/flint/antsBrainExtraction/sub-s025/BrainExtractionBrain.nii.gz
  fixed image: /templateflow/tpl-MNI152NLin2009cAsym/tpl-MNI152NLin2009cAsym_res-01_desc-brain_T1w.nii.gz
  moving image: /mnt/lustre/mathdugre/fast-interpolate/datasets/ds004513/derivatives/flint/antsBrainExtraction/sub-s025/BrainExtractionBrain.nii.gz
Dimension = 3
Number of stages = 3
Use histogram matching = false
Winsorize image intensities = true
  Lower quantile = 0.005
  Upper quantile = 0.995


Stage 1 State
   Image metric = MattesMI
     Fixed image = Image (0x37f0b30)
  RTTI typeinfo:   itk::Image<double, 3u>
  Reference Count: 2
  Modified Time: 2389
  Debug: Off
  Object Name: 
  Observers: 
    none
  Source: (none)
  Source output name: (none)
  Release Data: Off
  Data Released: False
  Global Release Data: Off
  PipelineMTime: 0
  UpdateMTime: 1998
  RealTimeStamp: 0 seconds 
  LargestPossibleRegion: 
    Dimension: 3
    Index: [0, 0, 0]
    Size: [193, 229, 193]
  BufferedRegion: 
    Dimension: 3
    Index: [0, 0, 0]
    Size: [193, 229, 193]
  RequestedRegion: 
    Dimension: 3
    Index: [0, 0, 0]
    Size: [193, 229, 193]
  Spacing: [1, 1, 1]
  Origin: [96, 132, -78]
  Direction: 
-1 0 0
0 -1 0
0 0 1

  IndexToPointMatrix: 
-1 0 0
0 -1 0
0 0 1

  PointToIndexMatrix: 
-1 0 0
0 -1 0
0 0 1

  Inverse Direction: 
-1 0 0
0 -1 0
0 0 1

  PixelContainer: 
    ImportImageContainer (0x38186b0)
      RTTI typeinfo:   itk::ImportImageContainer<unsigned long, double>
      Reference Count: 1
      Modified Time: 1995
      Debug: Off
      Object Name: 
      Observers: 
        none
      Pointer: 0x7fca0d23c010
      Container manages memory: true
      Size: 8530021
      Capacity: 8530021

     Moving image = Image (0x37ec400)
  RTTI typeinfo:   itk::Image<double, 3u>
  Reference Count: 2
  Modified Time: 2390
  Debug: Off
  Object Name: 
  Observers: 
    none
  Source: (none)
  Source output name: (none)
  Release Data: Off
  Data Released: False
  Global Release Data: Off
  PipelineMTime: 0
  UpdateMTime: 2387
  RealTimeStamp: 0 seconds 
  LargestPossibleRegion: 
    Dimension: 3
    Index: [0, 0, 0]
    Size: [176, 240, 256]
  BufferedRegion: 
    Dimension: 3
    Index: [0, 0, 0]
    Size: [176, 240, 256]
  RequestedRegion: 
    Dimension: 3
    Index: [0, 0, 0]
    Size: [176, 240, 256]
  Spacing: [0.999999, 1, 1]
  Origin: [90.3778, 84.5091, -154.071]
  Direction: 
-0.999391 7.48184e-06 -0.0348969
-7.47664e-06 -1 -2.7953e-07
-0.0348969 -1.84481e-08 0.999391

  IndexToPointMatrix: 
-0.99939 7.48184e-06 -0.0348969
-7.47663e-06 -1 -2.7953e-07
-0.0348968 -1.84481e-08 0.999391

  PointToIndexMatrix: 
-0.999392 -7.47665e-06 -0.0348969
7.48496e-06 -1 -1.07778e-07
-0.0348969 -3.68914e-07 0.999391

  Inverse Direction: 
-0.999391 -7.47664e-06 -0.0348969
7.48496e-06 -1 -1.07778e-07
-0.0348969 -3.68914e-07 0.999391

  PixelContainer: 
    ImportImageContainer (0x39c06d0)
      RTTI typeinfo:   itk::ImportImageContainer<unsigned long, double>
      Reference Count: 1
      Modified Time: 2384
      Debug: Off
      Object Name: 
      Observers: 
        none
      Pointer: 0x7fca07fbb010
      Container manages memory: true
      Size: 10813440
      Capacity: 10813440

     Weighting = 1
     Sampling strategy = regular
     Number of bins = 32
     Radius = 4
     Sampling percentage  = 0.25
   Transform = Rigid
     Gradient step = 0.1
     Update field sigma (voxel space) = 0
     Total field sigma (voxel space) = 0
     Update field time sigma = 0
     Total field time sigma  = 0
     Number of time indices = 0
     Number of time point samples = 0
Stage 2 State
   Image metric = MattesMI
     Fixed image = Image (0x380cd50)
  RTTI typeinfo:   itk::Image<double, 3u>
  Reference Count: 2
  Modified Time: 3167
  Debug: Off
  Object Name: 
  Observers: 
    none
  Source: (none)
  Source output name: (none)
  Release Data: Off
  Data Released: False
  Global Release Data: Off
  PipelineMTime: 0
  UpdateMTime: 2776
  RealTimeStamp: 0 seconds 
  LargestPossibleRegion: 
    Dimension: 3
    Index: [0, 0, 0]
    Size: [193, 229, 193]
  BufferedRegion: 
    Dimension: 3
    Index: [0, 0, 0]
    Size: [193, 229, 193]
  RequestedRegion: 
    Dimension: 3
    Index: [0, 0, 0]
    Size: [193, 229, 193]
  Spacing: [1, 1, 1]
  Origin: [96, 132, -78]
  Direction: 
-1 0 0
0 -1 0
0 0 1

  IndexToPointMatrix: 
-1 0 0
0 -1 0
0 0 1

  PointToIndexMatrix: 
-1 0 0
0 -1 0
0 0 1

  Inverse Direction: 
-1 0 0
0 -1 0
0 0 1

  PixelContainer: 
    ImportImageContainer (0x38c8570)
      RTTI typeinfo:   itk::ImportImageContainer<unsigned long, double>
      Reference Count: 1
      Modified Time: 2773
      Debug: Off
      Object Name: 
      Observers: 
        none
      Pointer: 0x7fca03ea6010
      Container manages memory: true
      Size: 8530021
      Capacity: 8530021

     Moving image = Image (0x37f6f50)
  RTTI typeinfo:   itk::Image<double, 3u>
  Reference Count: 2
  Modified Time: 3168
  Debug: Off
  Object Name: 
  Observers: 
    none
  Source: (none)
  Source output name: (none)
  Release Data: Off
  Data Released: False
  Global Release Data: Off
  PipelineMTime: 0
  UpdateMTime: 3165
  RealTimeStamp: 0 seconds 
  LargestPossibleRegion: 
    Dimension: 3
    Index: [0, 0, 0]
    Size: [176, 240, 256]
  BufferedRegion: 
    Dimension: 3
    Index: [0, 0, 0]
    Size: [176, 240, 256]
  RequestedRegion: 
    Dimension: 3
    Index: [0, 0, 0]
    Size: [176, 240, 256]
  Spacing: [0.999999, 1, 1]
  Origin: [90.3778, 84.5091, -154.071]
  Direction: 
-0.999391 7.48184e-06 -0.0348969
-7.47664e-06 -1 -2.7953e-07
-0.0348969 -1.84481e-08 0.999391

  IndexToPointMatrix: 
-0.99939 7.48184e-06 -0.0348969
-7.47663e-06 -1 -2.7953e-07
-0.0348968 -1.84481e-08 0.999391

  PointToIndexMatrix: 
-0.999392 -7.47665e-06 -0.0348969
7.48496e-06 -1 -1.07778e-07
-0.0348969 -3.68914e-07 0.999391

  Inverse Direction: 
-0.999391 -7.47664e-06 -0.0348969
7.48496e-06 -1 -1.07778e-07
-0.0348969 -3.68914e-07 0.999391

  PixelContainer: 
    ImportImageContainer (0x39a0650)
      RTTI typeinfo:   itk::ImportImageContainer<unsigned long, double>
      Reference Count: 1
      Modified Time: 3162
      Debug: Off
      Object Name: 
      Observers: 
        none
      Pointer: 0x7fc9fec25010
      Container manages memory: true
      Size: 10813440
      Capacity: 10813440

     Weighting = 1
     Sampling strategy = regular
     Number of bins = 32
     Radius = 4
     Sampling percentage  = 0.25
   Transform = Affine
     Gradient step = 0.1
     Update field sigma (voxel space) = 0
     Total field sigma (voxel space) = 0
     Update field time sigma = 0
     Total field time sigma  = 0
     Number of time indices = 0
     Number of time point samples = 0
Stage 3 State
   Image metric = CC
     Fixed image = Image (0x37f7cf0)
  RTTI typeinfo:   itk::Image<double, 3u>
  Reference Count: 2
  Modified Time: 3945
  Debug: Off
  Object Name: 
  Observers: 
    none
  Source: (none)
  Source output name: (none)
  Release Data: Off
  Data Released: False
  Global Release Data: Off
  PipelineMTime: 0
  UpdateMTime: 3554
  RealTimeStamp: 0 seconds 
  LargestPossibleRegion: 
    Dimension: 3
    Index: [0, 0, 0]
    Size: [193, 229, 193]
  BufferedRegion: 
    Dimension: 3
    Index: [0, 0, 0]
    Size: [193, 229, 193]
  RequestedRegion: 
    Dimension: 3
    Index: [0, 0, 0]
    Size: [193, 229, 193]
  Spacing: [1, 1, 1]
  Origin: [96, 132, -78]
  Direction: 
-1 0 0
0 -1 0
0 0 1

  IndexToPointMatrix: 
-1 0 0
0 -1 0
0 0 1

  PointToIndexMatrix: 
-1 0 0
0 -1 0
0 0 1

  Inverse Direction: 
-1 0 0
0 -1 0
0 0 1

  PixelContainer: 
    ImportImageContainer (0x38d86b0)
      RTTI typeinfo:   itk::ImportImageContainer<unsigned long, double>
      Reference Count: 1
      Modified Time: 3551
      Debug: Off
      Object Name: 
      Observers: 
        none
      Pointer: 0x7fc9fab10010
      Container manages memory: true
      Size: 8530021
      Capacity: 8530021

     Moving image = Image (0x3809480)
  RTTI typeinfo:   itk::Image<double, 3u>
  Reference Count: 2
  Modified Time: 3946
  Debug: Off
  Object Name: 
  Observers: 
    none
  Source: (none)
  Source output name: (none)
  Release Data: Off
  Data Released: False
  Global Release Data: Off
  PipelineMTime: 0
  UpdateMTime: 3943
  RealTimeStamp: 0 seconds 
  LargestPossibleRegion: 
    Dimension: 3
    Index: [0, 0, 0]
    Size: [176, 240, 256]
  BufferedRegion: 
    Dimension: 3
    Index: [0, 0, 0]
    Size: [176, 240, 256]
  RequestedRegion: 
    Dimension: 3
    Index: [0, 0, 0]
    Size: [176, 240, 256]
  Spacing: [0.999999, 1, 1]
  Origin: [90.3778, 84.5091, -154.071]
  Direction: 
-0.999391 7.48184e-06 -0.0348969
-7.47664e-06 -1 -2.7953e-07
-0.0348969 -1.84481e-08 0.999391

  IndexToPointMatrix: 
-0.99939 7.48184e-06 -0.0348969
-7.47663e-06 -1 -2.7953e-07
-0.0348968 -1.84481e-08 0.999391

  PointToIndexMatrix: 
-0.999392 -7.47665e-06 -0.0348969
7.48496e-06 -1 -1.07778e-07
-0.0348969 -3.68914e-07 0.999391

  Inverse Direction: 
-0.999391 -7.47664e-06 -0.0348969
7.48496e-06 -1 -1.07778e-07
-0.0348969 -3.68914e-07 0.999391

  PixelContainer: 
    ImportImageContainer (0x3968750)
      RTTI typeinfo:   itk::ImportImageContainer<unsigned long, double>
      Reference Count: 1
      Modified Time: 3940
      Debug: Off
      Object Name: 
      Observers: 
        none
      Pointer: 0x7fc9f588f010
      Container manages memory: true
      Size: 10813440
      Capacity: 10813440

     Weighting = 1
     Sampling strategy = none
     Number of bins = 32
     Radius = 4
     Sampling percentage  = 1
   Transform = SyN
     Gradient step = 0.1
     Update field sigma (voxel space) = 3
     Total field sigma (voxel space) = 0
     Update field time sigma = 0
     Total field time sigma  = 0
     Number of time indices = 0
     Number of time point samples = 0
Registration using 3 total stages.

Stage 0
  iterations = 1000x500x250x100
  convergence threshold = 1e-06
  convergence window size = 10
  number of levels = 4
  using the Mattes MI metric (number of bins = 32, weight = 1, use gradient filter = 0)
  preprocessing:  winsorizing the image intensities
  Shrink factors (level 1 out of 4): [8, 8, 8]
  Shrink factors (level 2 out of 4): [4, 4, 4]
  Shrink factors (level 3 out of 4): [2, 2, 2]
  Shrink factors (level 4 out of 4): [1, 1, 1]
  smoothing sigmas per level: [3, 2, 1, 0]
  regular sampling (percentage = 0.25)

*** Running Euler3DTransform registration ***

DIAGNOSTIC,Iteration,metricValue,convergenceValue,ITERATION_TIME_INDEX,SINCE_LAST
*/mnt/lustre/mathdugre/fast-interpolate/datasets/ds004513/derivatives/flint/antsRegistration/r7-p23/sub-s025/Stage1_level1_Iter0001.nii.gz
2DIAGNOSTIC,     1, -5.321912670554e-01, 1.797693134862e+308, 0.0000e+00, 0.0000e+00, 
*/mnt/lustre/mathdugre/fast-interpolate/datasets/ds004513/derivatives/flint/antsRegistration/r7-p23/sub-s025/Stage1_level1_Iter0002.nii.gz
2DIAGNOSTIC,     2, -5.344768313687e-01, 1.797693134862e+308, 0.0000e+00, 0.0000e+00, 
*/mnt/lustre/mathdugre/fast-interpolate/datasets/ds004513/derivatives/flint/antsRegistration/r7-p23/sub-s025/Stage1_level1_Iter0003.nii.gz
2DIAGNOSTIC,     3, -5.376130521480e-01, 1.797693134862e+308, 0.0000e+00, 0.0000e+00, 
*/mnt/lustre/mathdugre/fast-interpolate/datasets/ds004513/derivatives/flint/antsRegistration/r7-p23/sub-s025/Stage1_level1_Iter0004.nii.gz
2DIAGNOSTIC,     4, -5.419552734035e-01, 1.797693134862e+308, 0.0000e+00, 0.0000e+00, 
*/mnt/lustre/mathdugre/fast-interpolate/datasets/ds004513/derivatives/flint/antsRegistration/r7-p23/sub-s025/Stage1_level1_Iter0005.nii.gz
2DIAGNOSTIC,     5, -5.484378464778e-01, 1.797693134862e+308, 0.0000e+00, 0.0000e+00, 
*/mnt/lustre/mathdugre/fast-interpolate/datasets/ds004513/derivatives/flint/antsRegistration/r7-p23/sub-s025/Stage1_level1_Iter0006.nii.gz
2DIAGNOSTIC,     6, -5.542465250145e-01, 1.797693134862e+308, 0.0000e+00, 0.0000e+00, 
*/mnt/lustre/mathdugre/fast-interpolate/datasets/ds004513/derivatives/flint/antsRegistration/r7-p23/sub-s025/Stage1_level1_Iter0007.nii.gz
2DIAGNOSTIC,     7, -5.627666683951e-01, 1.797693134862e+308, 0.0000e+00, 0.0000e+00, 
*/mnt/lustre/mathdugre/fast-interpolate/datasets/ds004513/derivatives/flint/antsRegistration/r7-p23/sub-s025/Stage1_level1_Iter0008.nii.gz
2DIAGNOSTIC,     8, -5.758673034238e-01, 1.797693134862e+308, 0.0000e+00, 0.0000e+00, 
*/mnt/lustre/mathdugre/fast-interpolate/datasets/ds004513/derivatives/flint/antsRegistration/r7-p23/sub-s025/Stage1_level1_Iter0009.nii.gz
2DIAGNOSTIC,     9, -5.868992224490e-01, 1.797693134862e+308, 0.0000e+00, 0.0000e+00, 
*/mnt/lustre/mathdugre/fast-interpolate/datasets/ds004513/derivatives/flint/antsRegistration/r7-p23/sub-s025/Stage1_level1_Iter0010.nii.gz
2DIAGNOSTIC,    10, -5.959947887957e-01, 7.510118186474e-03, 0.0000e+00, 0.0000e+00, 
*/mnt/lustre/mathdugre/fast-interpolate/datasets/ds004513/derivatives/flint/antsRegistration/r7-p23/sub-s025/Stage1_level1_Iter0011.nii.gz
2DIAGNOSTIC,    11, -6.010036645136e-01, 7.523186504841e-03, 0.0000e+00, 0.0000e+00, 
*/mnt/lustre/mathdugre/fast-interpolate/datasets/ds004513/derivatives/flint/antsRegistration/r7-p23/sub-s025/Stage1_level1_Iter0012.nii.gz
2DIAGNOSTIC,    12, -6.018094325187e-01, 6.992504000664e-03, 0.0000e+00, 0.0000e+00, 
*/mnt/lustre/mathdugre/fast-interpolate/datasets/ds004513/derivatives/flint/antsRegistration/r7-p23/sub-s025/Stage1_level1_Iter0013.nii.gz
2DIAGNOSTIC,    13, -6.035460655496e-01, 6.104521453381e-03, 0.0000e+00, 0.0000e+00, 
*/mnt/lustre/mathdugre/fast-interpolate/datasets/ds004513/derivatives/flint/antsRegistration/r7-p23/sub-s025/Stage1_level1_Iter0014.nii.gz
2DIAGNOSTIC,    14, -6.065871260512e-01, 5.052857100964e-03, 0.0000e+00, 0.0000e+00, 
*/mnt/lustre/mathdugre/fast-interpolate/datasets/ds004513/derivatives/flint/antsRegistration/r7-p23/sub-s025/Stage1_level1_Iter0015.nii.gz
2DIAGNOSTIC,    15, -6.084317621339e-01, 3.961384296417e-03, 0.0000e+00, 0.0000e+00, 
*/mnt/lustre/mathdugre/fast-interpolate/datasets/ds004513/derivatives/flint/antsRegistration/r7-p23/sub-s025/Stage1_level1_Iter0016.nii.gz
2DIAGNOSTIC,    16, -6.096427138946e-01, 2.868622541428e-03, 0.0000e+00, 0.0000e+00, 
*/mnt/lustre/mathdugre/fast-interpolate/datasets/ds004513/derivatives/flint/antsRegistration/r7-p23/sub-s025/Stage1_level1_Iter0017.nii.gz
2DIAGNOSTIC,    17, -6.113877678748e-01, 1.942902803421e-03, 0.0000e+00, 0.0000e+00, 
*/mnt/lustre/mathdugre/fast-interpolate/datasets/ds004513/derivatives/flint/antsRegistration/r7-p23/sub-s025/Stage1_level1_Iter0018.nii.gz
2DIAGNOSTIC,    18, -6.147217081111e-01, 1.389946788549e-03, 0.0000e+00, 0.0000e+00, 
*/mnt/lustre/mathdugre/fast-interpolate/datasets/ds004513/derivatives/flint/antsRegistration/r7-p23/sub-s025/Stage1_level1_Iter0019.nii.gz
2DIAGNOSTIC,    19, -6.253299720343e-01, 1.318149268627e-03, 0.0000e+00, 0.0000e+00, 
*/mnt/lustre/mathdugre/fast-interpolate/datasets/ds004513/derivatives/flint/antsRegistration/r7-p23/sub-s025/Stage1_level1_Iter0020.nii.gz
2DIAGNOSTIC,    20, -6.276764183632e-01, 1.400928944349e-03, 0.0000e+00, 0.0000e+00, 
*/mnt/lustre/mathdugre/fast-interpolate/datasets/ds004513/derivatives/flint/antsRegistration/r7-p23/sub-s025/Stage1_level1_Iter0021.nii.gz
2DIAGNOSTIC,    21, -6.282453147909e-01, 1.477062702179e-03, 0.0000e+00, 0.0000e+00, 
*/mnt/lustre/mathdugre/fast-interpolate/datasets/ds004513/derivatives/flint/antsRegistration/r7-p23/sub-s025/Stage1_level1_Iter0022.nii.gz
2DIAGNOSTIC,    22, -6.286591630984e-01, 1.438647508621e-03, 0.0000e+00, 0.0000e+00, 
*/mnt/lustre/mathdugre/fast-interpolate/datasets/ds004513/derivatives/flint/antsRegistration/r7-p23/sub-s025/Stage1_level1_Iter0023.nii.gz
2DIAGNOSTIC,    23, -6.295091930762e-01, 1.321449875832e-03, 0.0000e+00, 0.0000e+00, 
*/mnt/lustre/mathdugre/fast-interpolate/datasets/ds004513/derivatives/flint/antsRegistration/r7-p23/sub-s025/Stage1_level1_Iter0024.nii.gz
2DIAGNOSTIC,    24, -6.314325149452e-01, 1.186069101095e-03, 0.0000e+00, 0.0000e+00, 
*/mnt/lustre/mathdugre/fast-interpolate/datasets/ds004513/derivatives/flint/antsRegistration/r7-p23/sub-s025/Stage1_level1_Iter0025.nii.gz
2DIAGNOSTIC,    25, -6.373734898828e-01, 1.098524779081e-03, 0.0000e+00, 0.0000e+00, 
*/mnt/lustre/mathdugre/fast-interpolate/datasets/ds004513/derivatives/flint/antsRegistration/r7-p23/sub-s025/Stage1_level1_Iter0026.nii.gz
2DIAGNOSTIC,    26, -6.391865024961e-01, 9.709112346172e-04, 0.0000e+00, 0.0000e+00, 
*/mnt/lustre/mathdugre/fast-interpolate/datasets/ds004513/derivatives/flint/antsRegistration/r7-p23/sub-s025/Stage1_level1_Iter0027.nii.gz
2DIAGNOSTIC,    27, -6.501572038960e-01, 9.878613054752e-04, 0.0000e+00, 0.0000e+00, 
*/mnt/lustre/mathdugre/fast-interpolate/datasets/ds004513/derivatives/flint/antsRegistration/r7-p23/sub-s025/Stage1_level1_Iter0028.nii.gz
2DIAGNOSTIC,    28, -6.557860190719e-01, 1.054007560015e-03, 0.0000e+00, 0.0000e+00, 
*/mnt/lustre/mathdugre/fast-interpolate/datasets/ds004513/derivatives/flint/antsRegistration/r7-p23/sub-s025/Stage1_level1_Iter0029.nii.gz
2DIAGNOSTIC,    29, -6.741971947715e-01, 1.485686749220e-03, 0.0000e+00, 0.0000e+00, 
*/mnt/lustre/mathdugre/fast-interpolate/datasets/ds004513/derivatives/flint/antsRegistration/r7-p23/sub-s025/Stage1_level1_Iter0030.nii.gz
2DIAGNOSTIC,    30, -7.045969368619e-01, 2.248875796795e-03, 0.0000e+00, 0.0000e+00, 
*/mnt/lustre/mathdugre/fast-interpolate/datasets/ds004513/derivatives/flint/antsRegistration/r7-p23/sub-s025/Stage1_level1_Iter0031.nii.gz
2DIAGNOSTIC,    31, -7.043410256858e-01, 2.738818526268e-03, 0.0000e+00, 0.0000e+00, 
*/mnt/lustre/mathdugre/fast-interpolate/datasets/ds004513/derivatives/flint/antsRegistration/r7-p23/sub-s025/Stage1_level1_Iter0032.nii.gz
2DIAGNOSTIC,    32, -7.048081094720e-01, 2.956151962280e-03, 0.0000e+00, 0.0000e+00, 
*/mnt/lustre/mathdugre/fast-interpolate/datasets/ds004513/derivatives/flint/antsRegistration/r7-p23/sub-s025/Stage1_level1_Iter0033.nii.gz
2DIAGNOSTIC,    33, -7.056539352736e-01, 2.907507121563e-03, 0.0000e+00, 0.0000e+00, 
*/mnt/lustre/mathdugre/fast-interpolate/datasets/ds004513/derivatives/flint/antsRegistration/r7-p23/sub-s025/Stage1_level1_Iter0034.nii.gz
2DIAGNOSTIC,    34, -7.070111103915e-01, 2.625729888678e-03, 0.0000e+00, 0.0000e+00, 
*/mnt/lustre/mathdugre/fast-interpolate/datasets/ds004513/derivatives/flint/antsRegistration/r7-p23/sub-s025/Stage1_level1_Iter0035.nii.gz
2DIAGNOSTIC,    35, -7.088473722069e-01, 2.210054546595e-03, 0.0000e+00, 0.0000e+00, 
*/mnt/lustre/mathdugre/fast-interpolate/datasets/ds004513/derivatives/flint/antsRegistration/r7-p23/sub-s025/Stage1_level1_Iter0036.nii.gz
2DIAGNOSTIC,    36, -7.120873968796e-01, 1.674298197031e-03, 0.0000e+00, 0.0000e+00, 
*/mnt/lustre/mathdugre/fast-interpolate/datasets/ds004513/derivatives/flint/antsRegistration/r7-p23/sub-s025/Stage1_level1_Iter0037.nii.gz
2DIAGNOSTIC,    37, -7.167082798079e-01, 1.210510730743e-03, 0.0000e+00, 0.0000e+00, 
*/mnt/lustre/mathdugre/fast-interpolate/datasets/ds004513/derivatives/flint/antsRegistration/r7-p23/sub-s025/Stage1_level1_Iter0038.nii.gz
2DIAGNOSTIC,    38, -7.210450051554e-01, 7.755700498819e-04, 0.0000e+00, 0.0000e+00, 
*/mnt/lustre/mathdugre/fast-interpolate/datasets/ds004513/derivatives/flint/antsRegistration/r7-p23/sub-s025/Stage1_level1_Iter0039.nii.gz
2DIAGNOSTIC,    39, -7.318172037929e-01, 6.194338202477e-04, 0.0000e+00, 0.0000e+00, 
*/mnt/lustre/mathdugre/fast-interpolate/datasets/ds004513/derivatives/flint/antsRegistration/r7-p23/sub-s025/Stage1_level1_Iter0040.nii.gz
2DIAGNOSTIC,    40, -7.410534207616e-01, 8.561778813601e-04, 0.0000e+00, 0.0000e+00, 
*/mnt/lustre/mathdugre/fast-interpolate/datasets/ds004513/derivatives/flint/antsRegistration/r7-p23/sub-s025/Stage1_level1_Iter0041.nii.gz
2DIAGNOSTIC,    41, -7.465251105054e-01, 1.053504645824e-03, 0.0000e+00, 0.0000e+00, 
*/mnt/lustre/mathdugre/fast-interpolate/datasets/ds004513/derivatives/flint/antsRegistration/r7-p23/sub-s025/Stage1_level1_Iter0042.nii.gz
2DIAGNOSTIC,    42, -7.482697341877e-01, 1.163605600595e-03, 0.0000e+00, 0.0000e+00, 
*/mnt/lustre/mathdugre/fast-interpolate/datasets/ds004513/derivatives/flint/antsRegistration/r7-p23/sub-s025/Stage1_level1_Iter0043.nii.gz
2DIAGNOSTIC,    43, -7.510542226577e-01, 1.195145770907e-03, 0.0000e+00, 0.0000e+00, 
*/mnt/lustre/mathdugre/fast-interpolate/datasets/ds004513/derivatives/flint/antsRegistration/r7-p23/sub-s025/Stage1_level1_Iter0044.nii.gz
2DIAGNOSTIC,    44, -7.514318142430e-01, 1.127276569605e-03, 0.0000e+00, 0.0000e+00, 
*/mnt/lustre/mathdugre/fast-interpolate/datasets/ds004513/derivatives/flint/antsRegistration/r7-p23/sub-s025/Stage1_level1_Iter0045.nii.gz
2DIAGNOSTIC,    45, -7.513261401058e-01, 9.712241590023e-04, 0.0000e+00, 0.0000e+00, 
*/mnt/lustre/mathdugre/fast-interpolate/datasets/ds004513/derivatives/flint/antsRegistration/r7-p23/sub-s025/Stage1_level1_Iter0046.nii.gz
2DIAGNOSTIC,    46, -7.514617194068e-01, 7.628258317709e-04, 0.0000e+00, 0.0000e+00, 
*/mnt/lustre/mathdugre/fast-interpolate/datasets/ds004513/derivatives/flint/antsRegistration/r7-p23/sub-s025/Stage1_level1_Iter0047.nii.gz
2DIAGNOSTIC,    47, -7.516266236974e-01, 5.373656749725e-04, 0.0000e+00, 0.0000e+00, 
*/mnt/lustre/mathdugre/fast-interpolate/datasets/ds004513/derivatives/flint/antsRegistration/r7-p23/sub-s025/Stage1_level1_Iter0048.nii.gz
2DIAGNOSTIC,    48, -7.518393403639e-01, 3.112610429525e-04, 0.0000e+00, 0.0000e+00, 
*/mnt/lustre/mathdugre/fast-interpolate/datasets/ds004513/derivatives/flint/antsRegistration/r7-p23/sub-s025/Stage1_level1_Iter0049.nii.gz
2DIAGNOSTIC,    49, -7.520015581224e-01, 1.613404601812e-04, 0.0000e+00, 0.0000e+00, 
*/mnt/lustre/mathdugre/fast-interpolate/datasets/ds004513/derivatives/flint/antsRegistration/r7-p23/sub-s025/Stage1_level1_Iter0050.nii.gz
2DIAGNOSTIC,    50, -7.523989136272e-01, 8.557736873627e-05, 0.0000e+00, 0.0000e+00, 
*/mnt/lustre/mathdugre/fast-interpolate/datasets/ds004513/derivatives/flint/antsRegistration/r7-p23/sub-s025/Stage1_level1_Iter0051.nii.gz
2DIAGNOSTIC,    51, -7.528633185307e-01, 5.518831312656e-05, 0.0000e+00, 0.0000e+00, 
*/mnt/lustre/mathdugre/fast-interpolate/datasets/ds004513/derivatives/flint/antsRegistration/r7-p23/sub-s025/Stage1_level1_Iter0052.nii.gz
2DIAGNOSTIC,    52, -7.545889924702e-01, 4.892796278000e-05, 0.0000e+00, 0.0000e+00, 
*/mnt/lustre/mathdugre/fast-interpolate/datasets/ds004513/derivatives/flint/antsRegistration/r7-p23/sub-s025/Stage1_level1_Iter0053.nii.gz
2DIAGNOSTIC,    53, -7.641858639713e-01, 1.381635665894e-04, 0.0000e+00, 0.0000e+00, 
*/mnt/lustre/mathdugre/fast-interpolate/datasets/ds004513/derivatives/flint/antsRegistration/r7-p23/sub-s025/Stage1_level1_Iter0054.nii.gz
2DIAGNOSTIC,    54, -7.638558725224e-01, 2.088807523251e-04, 0.0000e+00, 0.0000e+00, 
*/mnt/lustre/mathdugre/fast-interpolate/datasets/ds004513/derivatives/flint/antsRegistration/r7-p23/sub-s025/Stage1_level1_Iter0055.nii.gz
2DIAGNOSTIC,    55, -7.638192204081e-01, 2.567302435637e-04, 0.0000e+00, 0.0000e+00, 
*/mnt/lustre/mathdugre/fast-interpolate/datasets/ds004513/derivatives/flint/antsRegistration/r7-p23/sub-s025/Stage1_level1_Iter0056.nii.gz
2DIAGNOSTIC,    56, -7.635004548001e-01, 2.777520567179e-04, 0.0000e+00, 0.0000e+00, 
*/mnt/lustre/mathdugre/fast-interpolate/datasets/ds004513/derivatives/flint/antsRegistration/r7-p23/sub-s025/Stage1_level1_Iter0057.nii.gz
2DIAGNOSTIC,    57, -7.634262395493e-01, 2.715941518545e-04, 0.0000e+00, 0.0000e+00, 
*/mnt/lustre/mathdugre/fast-interpolate/datasets/ds004513/derivatives/flint/antsRegistration/r7-p23/sub-s025/Stage1_level1_Iter0058.nii.gz
2DIAGNOSTIC,    58, -7.633418781709e-01, 2.394430339336e-04, 0.0000e+00, 0.0000e+00, 
*/mnt/lustre/mathdugre/fast-interpolate/datasets/ds004513/derivatives/flint/antsRegistration/r7-p23/sub-s025/Stage1_level1_Iter0059.nii.gz
2DIAGNOSTIC,    59, -7.632648673864e-01, 1.861453056335e-04, 0.0000e+00, 0.0000e+00, 
*/mnt/lustre/mathdugre/fast-interpolate/datasets/ds004513/derivatives/flint/antsRegistration/r7-p23/sub-s025/Stage1_level1_Iter0060.nii.gz
2DIAGNOSTIC,    60, -7.631872656981e-01, 1.204814761877e-04, 0.0000e+00, 0.0000e+00, 
*/mnt/lustre/mathdugre/fast-interpolate/datasets/ds004513/derivatives/flint/antsRegistration/r7-p23/sub-s025/Stage1_level1_Iter0061.nii.gz
2DIAGNOSTIC,    61, -7.631175374296e-01, 4.892237484455e-05, 0.0000e+00, 0.0000e+00, 
DIAGNOSTIC,Iteration,metricValue,convergenceValue,ITERATION_TIME_INDEX,SINCE_LAST
*/mnt/lustre/mathdugre/fast-interpolate/datasets/ds004513/derivatives/flint/antsRegistration/r7-p23/sub-s025/Stage1_level2_Iter0001.nii.gz
2DIAGNOSTIC,     1, -6.091164576601e-01, 1.797693134862e+308, 0.0000e+00, 0.0000e+00, 
*/mnt/lustre/mathdugre/fast-interpolate/datasets/ds004513/derivatives/flint/antsRegistration/r7-p23/sub-s025/Stage1_level2_Iter0002.nii.gz
2DIAGNOSTIC,     2, -6.098233597889e-01, 1.797693134862e+308, 0.0000e+00, 0.0000e+00, 
*/mnt/lustre/mathdugre/fast-interpolate/datasets/ds004513/derivatives/flint/antsRegistration/r7-p23/sub-s025/Stage1_level2_Iter0003.nii.gz
2DIAGNOSTIC,     3, -6.106087337524e-01, 1.797693134862e+308, 0.0000e+00, 0.0000e+00, 
*/mnt/lustre/mathdugre/fast-interpolate/datasets/ds004513/derivatives/flint/antsRegistration/r7-p23/sub-s025/Stage1_level2_Iter0004.nii.gz
2DIAGNOSTIC,     4, -6.115166873273e-01, 1.797693134862e+308, 0.0000e+00, 0.0000e+00, 
*/mnt/lustre/mathdugre/fast-interpolate/datasets/ds004513/derivatives/flint/antsRegistration/r7-p23/sub-s025/Stage1_level2_Iter0005.nii.gz
2DIAGNOSTIC,     5, -6.122629993266e-01, 1.797693134862e+308, 0.0000e+00, 0.0000e+00, 
*/mnt/lustre/mathdugre/fast-interpolate/datasets/ds004513/derivatives/flint/antsRegistration/r7-p23/sub-s025/Stage1_level2_Iter0006.nii.gz
2DIAGNOSTIC,     6, -6.129884188883e-01, 1.797693134862e+308, 0.0000e+00, 0.0000e+00, 
*/mnt/lustre/mathdugre/fast-interpolate/datasets/ds004513/derivatives/flint/antsRegistration/r7-p23/sub-s025/Stage1_level2_Iter0007.nii.gz
2DIAGNOSTIC,     7, -6.156927801630e-01, 1.797693134862e+308, 0.0000e+00, 0.0000e+00, 
*/mnt/lustre/mathdugre/fast-interpolate/datasets/ds004513/derivatives/flint/antsRegistration/r7-p23/sub-s025/Stage1_level2_Iter0008.nii.gz
2DIAGNOSTIC,     8, -6.183508568829e-01, 1.797693134862e+308, 0.0000e+00, 0.0000e+00, 
*/mnt/lustre/mathdugre/fast-interpolate/datasets/ds004513/derivatives/flint/antsRegistration/r7-p23/sub-s025/Stage1_level2_Iter0009.nii.gz
2DIAGNOSTIC,     9, -6.191435073979e-01, 1.797693134862e+308, 0.0000e+00, 0.0000e+00, 
*/mnt/lustre/mathdugre/fast-interpolate/datasets/ds004513/derivatives/flint/antsRegistration/r7-p23/sub-s025/Stage1_level2_Iter0010.nii.gz
2DIAGNOSTIC,    10, -6.195803346824e-01, 1.212015748024e-03, 0.0000e+00, 0.0000e+00, 
*/mnt/lustre/mathdugre/fast-interpolate/datasets/ds004513/derivatives/flint/antsRegistration/r7-p23/sub-s025/Stage1_level2_Iter0011.nii.gz
2DIAGNOSTIC,    11, -6.200097738482e-01, 1.124240458012e-03, 0.0000e+00, 0.0000e+00, 
*/mnt/lustre/mathdugre/fast-interpolate/datasets/ds004513/derivatives/flint/antsRegistration/r7-p23/sub-s025/Stage1_level2_Iter0012.nii.gz
2DIAGNOSTIC,    12, -6.200447034323e-01, 9.773224592209e-04, 0.0000e+00, 0.0000e+00, 
*/mnt/lustre/mathdugre/fast-interpolate/datasets/ds004513/derivatives/flint/antsRegistration/r7-p23/sub-s025/Stage1_level2_Iter0013.nii.gz
2DIAGNOSTIC,    13, -6.200719965804e-01, 7.922649383545e-04, 0.0000e+00, 0.0000e+00, 
*/mnt/lustre/mathdugre/fast-interpolate/datasets/ds004513/derivatives/flint/antsRegistration/r7-p23/sub-s025/Stage1_level2_Iter0014.nii.gz
2DIAGNOSTIC,    14, -6.201852828310e-01, 5.962252616882e-04, 0.0000e+00, 0.0000e+00, 
*/mnt/lustre/mathdugre/fast-interpolate/datasets/ds004513/derivatives/flint/antsRegistration/r7-p23/sub-s025/Stage1_level2_Iter0015.nii.gz
2DIAGNOSTIC,    15, -6.208239817361e-01, 4.161372780800e-04, 0.0000e+00, 0.0000e+00, 
*/mnt/lustre/mathdugre/fast-interpolate/datasets/ds004513/derivatives/flint/antsRegistration/r7-p23/sub-s025/Stage1_level2_Iter0016.nii.gz
2DIAGNOSTIC,    16, -6.211252218461e-01, 2.487003803253e-04, 0.0000e+00, 0.0000e+00, 
*/mnt/lustre/mathdugre/fast-interpolate/datasets/ds004513/derivatives/flint/antsRegistration/r7-p23/sub-s025/Stage1_level2_Iter0017.nii.gz
2DIAGNOSTIC,    17, -6.212384449367e-01, 1.531317830086e-04, 0.0000e+00, 0.0000e+00, 
*/mnt/lustre/mathdugre/fast-interpolate/datasets/ds004513/derivatives/flint/antsRegistration/r7-p23/sub-s025/Stage1_level2_Iter0018.nii.gz
2DIAGNOSTIC,    18, -6.215577908123e-01, 1.304782927036e-04, 0.0000e+00, 0.0000e+00, 
*/mnt/lustre/mathdugre/fast-interpolate/datasets/ds004513/derivatives/flint/antsRegistration/r7-p23/sub-s025/Stage1_level2_Iter0019.nii.gz
2DIAGNOSTIC,    19, -6.215649112990e-01, 1.173578202724e-04, 0.0000e+00, 0.0000e+00, 
*/mnt/lustre/mathdugre/fast-interpolate/datasets/ds004513/derivatives/flint/antsRegistration/r7-p23/sub-s025/Stage1_level2_Iter0020.nii.gz
2DIAGNOSTIC,    20, -6.215643789121e-01, 1.044273376465e-04, 0.0000e+00, 0.0000e+00, 
*/mnt/lustre/mathdugre/fast-interpolate/datasets/ds004513/derivatives/flint/antsRegistration/r7-p23/sub-s025/Stage1_level2_Iter0021.nii.gz
2DIAGNOSTIC,    21, -6.215689701254e-01, 9.264051914215e-05, 0.0000e+00, 0.0000e+00, 
*/mnt/lustre/mathdugre/fast-interpolate/datasets/ds004513/derivatives/flint/antsRegistration/r7-p23/sub-s025/Stage1_level2_Iter0022.nii.gz
2DIAGNOSTIC,    22, -6.215784722093e-01, 7.450580596924e-05, 0.0000e+00, 0.0000e+00, 
*/mnt/lustre/mathdugre/fast-interpolate/datasets/ds004513/derivatives/flint/antsRegistration/r7-p23/sub-s025/Stage1_level2_Iter0023.nii.gz
2DIAGNOSTIC,    23, -6.215932132747e-01, 5.202367901802e-05, 0.0000e+00, 0.0000e+00, 
*/mnt/lustre/mathdugre/fast-interpolate/datasets/ds004513/derivatives/flint/antsRegistration/r7-p23/sub-s025/Stage1_level2_Iter0024.nii.gz
2DIAGNOSTIC,    24, -6.216014418219e-01, 2.873688936234e-05, 0.0000e+00, 0.0000e+00, 
*/mnt/lustre/mathdugre/fast-interpolate/datasets/ds004513/derivatives/flint/antsRegistration/r7-p23/sub-s025/Stage1_level2_Iter0025.nii.gz
2DIAGNOSTIC,    25, -6.216307048548e-01, 1.699104905128e-05, 0.0000e+00, 0.0000e+00, 
*/mnt/lustre/mathdugre/fast-interpolate/datasets/ds004513/derivatives/flint/antsRegistration/r7-p23/sub-s025/Stage1_level2_Iter0026.nii.gz
2DIAGNOSTIC,    26, -6.216429693694e-01, 1.022592186928e-05, 0.0000e+00, 0.0000e+00, 
*/mnt/lustre/mathdugre/fast-interpolate/datasets/ds004513/derivatives/flint/antsRegistration/r7-p23/sub-s025/Stage1_level2_Iter0027.nii.gz
2DIAGNOSTIC,    27, -6.216887796818e-01, 5.662441253662e-06, 0.0000e+00, 0.0000e+00, 
*/mnt/lustre/mathdugre/fast-interpolate/datasets/ds004513/derivatives/flint/antsRegistration/r7-p23/sub-s025/Stage1_level2_Iter0028.nii.gz
2DIAGNOSTIC,    28, -6.217251114279e-01, 6.832182407379e-06, 0.0000e+00, 0.0000e+00, 
*/mnt/lustre/mathdugre/fast-interpolate/datasets/ds004513/derivatives/flint/antsRegistration/r7-p23/sub-s025/Stage1_level2_Iter0029.nii.gz
2DIAGNOSTIC,    29, -6.217414382565e-01, 7.737427949905e-06, 0.0000e+00, 0.0000e+00, 
*/mnt/lustre/mathdugre/fast-interpolate/datasets/ds004513/derivatives/flint/antsRegistration/r7-p23/sub-s025/Stage1_level2_Iter0030.nii.gz
2DIAGNOSTIC,    30, -6.217233482856e-01, 7.685273885727e-06, 0.0000e+00, 0.0000e+00, 
*/mnt/lustre/mathdugre/fast-interpolate/datasets/ds004513/derivatives/flint/antsRegistration/r7-p23/sub-s025/Stage1_level2_Iter0031.nii.gz
2DIAGNOSTIC,    31, -6.217252829305e-01, 7.111579179764e-06, 0.0000e+00, 0.0000e+00, 
*/mnt/lustre/mathdugre/fast-interpolate/datasets/ds004513/derivatives/flint/antsRegistration/r7-p23/sub-s025/Stage1_level2_Iter0032.nii.gz
2DIAGNOSTIC,    32, -6.217718109281e-01, 6.791204214096e-06, 0.0000e+00, 0.0000e+00, 
*/mnt/lustre/mathdugre/fast-interpolate/datasets/ds004513/derivatives/flint/antsRegistration/r7-p23/sub-s025/Stage1_level2_Iter0033.nii.gz
2DIAGNOSTIC,    33, -6.217612791863e-01, 5.967915058136e-06, 0.0000e+00, 0.0000e+00, 
*/mnt/lustre/mathdugre/fast-interpolate/datasets/ds004513/derivatives/flint/antsRegistration/r7-p23/sub-s025/Stage1_level2_Iter0034.nii.gz
2DIAGNOSTIC,    34, -6.217613671269e-01, 4.846602678299e-06, 0.0000e+00, 0.0000e+00, 
*/mnt/lustre/mathdugre/fast-interpolate/datasets/ds004513/derivatives/flint/antsRegistration/r7-p23/sub-s025/Stage1_level2_Iter0035.nii.gz
2DIAGNOSTIC,    35, -6.217502175704e-01, 3.674998879433e-06, 0.0000e+00, 0.0000e+00, 
*/mnt/lustre/mathdugre/fast-interpolate/datasets/ds004513/derivatives/flint/antsRegistration/r7-p23/sub-s025/Stage1_level2_Iter0036.nii.gz
2DIAGNOSTIC,    36, -6.217502024120e-01, 2.447515726089e-06, 0.0000e+00, 0.0000e+00, 
*/mnt/lustre/mathdugre/fast-interpolate/datasets/ds004513/derivatives/flint/antsRegistration/r7-p23/sub-s025/Stage1_level2_Iter0037.nii.gz
2DIAGNOSTIC,    37, -6.217501489660e-01, 1.691281795502e-06, 0.0000e+00, 0.0000e+00, 
*/mnt/lustre/mathdugre/fast-interpolate/datasets/ds004513/derivatives/flint/antsRegistration/r7-p23/sub-s025/Stage1_level2_Iter0038.nii.gz
2DIAGNOSTIC,    38, -6.217502074216e-01, 1.320615410805e-06, 0.0000e+00, 0.0000e+00, 
*/mnt/lustre/mathdugre/fast-interpolate/datasets/ds004513/derivatives/flint/antsRegistration/r7-p23/sub-s025/Stage1_level2_Iter0039.nii.gz
2DIAGNOSTIC,    39, -6.217501205015e-01, 1.126900315285e-06, 0.0000e+00, 0.0000e+00, 
DIAGNOSTIC,Iteration,metricValue,convergenceValue,ITERATION_TIME_INDEX,SINCE_LAST
*/mnt/lustre/mathdugre/fast-interpolate/datasets/ds004513/derivatives/flint/antsRegistration/r7-p23/sub-s025/Stage1_level3_Iter0001.nii.gz
2DIAGNOSTIC,     1, -5.349140352801e-01, 1.797693134862e+308, 1.2800e+02, 1.2800e+02, 
*/mnt/lustre/mathdugre/fast-interpolate/datasets/ds004513/derivatives/flint/antsRegistration/r7-p23/sub-s025/Stage1_level3_Iter0002.nii.gz
2DIAGNOSTIC,     2, -5.352266628150e-01, 1.797693134862e+308, 1.2800e+02, 0.0000e+00, 
*/mnt/lustre/mathdugre/fast-interpolate/datasets/ds004513/derivatives/flint/antsRegistration/r7-p23/sub-s025/Stage1_level3_Iter0003.nii.gz
2DIAGNOSTIC,     3, -5.354399133232e-01, 1.797693134862e+308, 1.2800e+02, 0.0000e+00, 
*/mnt/lustre/mathdugre/fast-interpolate/datasets/ds004513/derivatives/flint/antsRegistration/r7-p23/sub-s025/Stage1_level3_Iter0004.nii.gz
2DIAGNOSTIC,     4, -5.355940358653e-01, 1.797693134862e+308, 1.2800e+02, 0.0000e+00, 
*/mnt/lustre/mathdugre/fast-interpolate/datasets/ds004513/derivatives/flint/antsRegistration/r7-p23/sub-s025/Stage1_level3_Iter0005.nii.gz
2DIAGNOSTIC,     5, -5.356773932889e-01, 1.797693134862e+308, 1.2800e+02, 0.0000e+00, 
*/mnt/lustre/mathdugre/fast-interpolate/datasets/ds004513/derivatives/flint/antsRegistration/r7-p23/sub-s025/Stage1_level3_Iter0006.nii.gz
2DIAGNOSTIC,     6, -5.359195925766e-01, 1.797693134862e+308, 1.2800e+02, 0.0000e+00, 
*/mnt/lustre/mathdugre/fast-interpolate/datasets/ds004513/derivatives/flint/antsRegistration/r7-p23/sub-s025/Stage1_level3_Iter0007.nii.gz
2DIAGNOSTIC,     7, -5.359389607745e-01, 1.797693134862e+308, 1.2800e+02, 0.0000e+00, 
*/mnt/lustre/mathdugre/fast-interpolate/datasets/ds004513/derivatives/flint/antsRegistration/r7-p23/sub-s025/Stage1_level3_Iter0008.nii.gz
2DIAGNOSTIC,     8, -5.359353021473e-01, 1.797693134862e+308, 1.2800e+02, 0.0000e+00, 
*/mnt/lustre/mathdugre/fast-interpolate/datasets/ds004513/derivatives/flint/antsRegistration/r7-p23/sub-s025/Stage1_level3_Iter0009.nii.gz
2DIAGNOSTIC,     9, -5.359333249433e-01, 1.797693134862e+308, 1.2800e+02, 0.0000e+00, 
*/mnt/lustre/mathdugre/fast-interpolate/datasets/ds004513/derivatives/flint/antsRegistration/r7-p23/sub-s025/Stage1_level3_Iter0010.nii.gz
2DIAGNOSTIC,    10, -5.359323652100e-01, 1.190900802612e-04, 1.2800e+02, 0.0000e+00, 
*/mnt/lustre/mathdugre/fast-interpolate/datasets/ds004513/derivatives/flint/antsRegistration/r7-p23/sub-s025/Stage1_level3_Iter0011.nii.gz
2DIAGNOSTIC,    11, -5.359302679101e-01, 7.503479719162e-05, 1.2800e+02, 0.0000e+00, 
*/mnt/lustre/mathdugre/fast-interpolate/datasets/ds004513/derivatives/flint/antsRegistration/r7-p23/sub-s025/Stage1_level3_Iter0012.nii.gz
2DIAGNOSTIC,    12, -5.359292213306e-01, 4.544854164124e-05, 2.5600e+02, 1.2800e+02, 
*/mnt/lustre/mathdugre/fast-interpolate/datasets/ds004513/derivatives/flint/antsRegistration/r7-p23/sub-s025/Stage1_level3_Iter0013.nii.gz
2DIAGNOSTIC,    13, -5.359293325306e-01, 2.527236938477e-05, 2.5600e+02, 0.0000e+00, 
*/mnt/lustre/mathdugre/fast-interpolate/datasets/ds004513/derivatives/flint/antsRegistration/r7-p23/sub-s025/Stage1_level3_Iter0014.nii.gz
2DIAGNOSTIC,    14, -5.359293883460e-01, 1.178681850433e-05, 2.5600e+02, 0.0000e+00, 
*/mnt/lustre/mathdugre/fast-interpolate/datasets/ds004513/derivatives/flint/antsRegistration/r7-p23/sub-s025/Stage1_level3_Iter0015.nii.gz
2DIAGNOSTIC,    15, -5.359282931748e-01, 1.907348632812e-06, 2.5600e+02, 0.0000e+00, 
*/mnt/lustre/mathdugre/fast-interpolate/datasets/ds004513/derivatives/flint/antsRegistration/r7-p23/sub-s025/Stage1_level3_Iter0016.nii.gz
2DIAGNOSTIC,    16, -5.359283041645e-01, 1.288950443268e-06, 2.5600e+02, 0.0000e+00, 
*/mnt/lustre/mathdugre/fast-interpolate/datasets/ds004513/derivatives/flint/antsRegistration/r7-p23/sub-s025/Stage1_level3_Iter0017.nii.gz
2DIAGNOSTIC,    17, -5.359283431458e-01, 1.411885023117e-06, 2.5600e+02, 0.0000e+00, 
*/mnt/lustre/mathdugre/fast-interpolate/datasets/ds004513/derivatives/flint/antsRegistration/r7-p23/sub-s025/Stage1_level3_Iter0018.nii.gz
2DIAGNOSTIC,    18, -5.359283444764e-01, 1.460313796997e-06, 2.5600e+02, 0.0000e+00, 
