
##########################
# Experiment information #
##########################

EXPERIMENT_NAME: r7-p21
VFC_BACKENDS: libinterflop_vprec.so --range-binary32=7 --precision-binary32=21 --range-binary64=7 --precision-binary64=21

SIF_IMG: /mnt/lustre/mathdugre/containers/ants-vprec-no_metric.simg

SUBJECT_ID: s020
INPUT_IMG: /mnt/lustre/mathdugre/fast-interpolate/datasets/ds004513/derivatives/flint/antsBrainExtraction/sub-s020/BrainExtractionBrain.nii.gz
OUTPUT_DIR: /mnt/lustre/mathdugre/fast-interpolate/datasets/ds004513/derivatives/flint/antsRegistration/r7-p21/sub-s020

FIXED_IMG: /templateflow/tpl-MNI152NLin2009cAsym/tpl-MNI152NLin2009cAsym_res-01_desc-brain_T1w.nii.gz
DATA_DIR: /mnt/lustre/mathdugre/fast-interpolate/datasets/ds004513
TEMPLATEFLOW_DIR: /home/mathdugre/.cache/templateflow
ITK_GLOBAL_DEFAULT_NUMBER_OF_THREADS: 4
##########################

Info [verificarlo]: loaded backend libinterflop_vprec.so
Info [interflop-vprec]: load backend with: 
Info [interflop-vprec]: precision-binary32 = 21
Info [interflop-vprec]: range-binary32 = 7
Info [interflop-vprec]: precision-binary64 = 21
Info [interflop-vprec]: range-binary64 = 7
Info [interflop-vprec]: mode = ob
Info [interflop-vprec]: error-mode = rel
Info [interflop-vprec]: max-abs-error-exponent = -1022
Info [interflop-vprec]: daz = false
Info [interflop-vprec]: ftz = false
Info [interflop-vprec]: 	instrument = none
Info [interflop-vprec]: 	prec-input-file = (null)
Info [interflop-vprec]: 	prec-output-file = (null)
Info [interflop-vprec]: 	prec-log-file = (null)
All_Command_lines_OK
Using double precision for computations.
=============================================================================
The composite transform comprises the following transforms (in order): 
  1. Center of mass alignment using fixed image: /templateflow/tpl-MNI152NLin2009cAsym/tpl-MNI152NLin2009cAsym_res-01_desc-brain_T1w.nii.gz and moving image: /mnt/lustre/mathdugre/fast-interpolate/datasets/ds004513/derivatives/flint/antsBrainExtraction/sub-s020/BrainExtractionBrain.nii.gz (type = Euler3DTransform)
=============================================================================
  number of levels = 4
  number of levels = 4
  number of levels = 4
  fixed image: /templateflow/tpl-MNI152NLin2009cAsym/tpl-MNI152NLin2009cAsym_res-01_desc-brain_T1w.nii.gz
  moving image: /mnt/lustre/mathdugre/fast-interpolate/datasets/ds004513/derivatives/flint/antsBrainExtraction/sub-s020/BrainExtractionBrain.nii.gz
  fixed image: /templateflow/tpl-MNI152NLin2009cAsym/tpl-MNI152NLin2009cAsym_res-01_desc-brain_T1w.nii.gz
  moving image: /mnt/lustre/mathdugre/fast-interpolate/datasets/ds004513/derivatives/flint/antsBrainExtraction/sub-s020/BrainExtractionBrain.nii.gz
  fixed image: /templateflow/tpl-MNI152NLin2009cAsym/tpl-MNI152NLin2009cAsym_res-01_desc-brain_T1w.nii.gz
  moving image: /mnt/lustre/mathdugre/fast-interpolate/datasets/ds004513/derivatives/flint/antsBrainExtraction/sub-s020/BrainExtractionBrain.nii.gz
Dimension = 3
Number of stages = 3
Use histogram matching = false
Winsorize image intensities = true
  Lower quantile = 0.005
  Upper quantile = 0.995


Stage 1 State
   Image metric = MattesMI
     Fixed image = Image (0x4a61b30)
  RTTI typeinfo:   itk::Image<double, 3u>
  Reference Count: 2
  Modified Time: 2389
  Debug: Off
  Object Name: 
  Observers: 
    none
  Source: (none)
  Source output name: (none)
  Release Data: Off
  Data Released: False
  Global Release Data: Off
  PipelineMTime: 0
  UpdateMTime: 1998
  RealTimeStamp: 0 seconds 
  LargestPossibleRegion: 
    Dimension: 3
    Index: [0, 0, 0]
    Size: [193, 229, 193]
  BufferedRegion: 
    Dimension: 3
    Index: [0, 0, 0]
    Size: [193, 229, 193]
  RequestedRegion: 
    Dimension: 3
    Index: [0, 0, 0]
    Size: [193, 229, 193]
  Spacing: [1, 1, 1]
  Origin: [96, 132, -78]
  Direction: 
-1 0 0
0 -1 0
0 0 1

  IndexToPointMatrix: 
-1 0 0
0 -1 0
0 0 1

  PointToIndexMatrix: 
-1 0 0
0 -1 0
0 0 1

  Inverse Direction: 
-1 0 0
0 -1 0
0 0 1

  PixelContainer: 
    ImportImageContainer (0x4a896b0)
      RTTI typeinfo:   itk::ImportImageContainer<unsigned long, double>
      Reference Count: 1
      Modified Time: 1995
      Debug: Off
      Object Name: 
      Observers: 
        none
      Pointer: 0x7fc67250b010
      Container manages memory: true
      Size: 8530021
      Capacity: 8530021

     Moving image = Image (0x4a5d400)
  RTTI typeinfo:   itk::Image<double, 3u>
  Reference Count: 2
  Modified Time: 2390
  Debug: Off
  Object Name: 
  Observers: 
    none
  Source: (none)
  Source output name: (none)
  Release Data: Off
  Data Released: False
  Global Release Data: Off
  PipelineMTime: 0
  UpdateMTime: 2387
  RealTimeStamp: 0 seconds 
  LargestPossibleRegion: 
    Dimension: 3
    Index: [0, 0, 0]
    Size: [160, 240, 256]
  BufferedRegion: 
    Dimension: 3
    Index: [0, 0, 0]
    Size: [160, 240, 256]
  RequestedRegion: 
    Dimension: 3
    Index: [0, 0, 0]
    Size: [160, 240, 256]
  Spacing: [0.999995, 1, 1]
  Origin: [87.0906, 98.7205, -152.377]
  Direction: 
-0.996975 0.0261379 -0.0731913
-0.0260677 -0.999658 -0.00191374
-0.0732163 -2.46403e-08 0.997316

  IndexToPointMatrix: 
-0.996971 0.0261379 -0.0731913
-0.0260676 -0.999658 -0.00191374
-0.0732159 -2.46403e-08 0.997316

  PointToIndexMatrix: 
-0.99698 -0.0260679 -0.0732166
0.0261379 -0.999658 -2.53785e-08
-0.0731913 -0.00191374 0.997316

  Inverse Direction: 
-0.996975 -0.0260677 -0.0732163
0.0261379 -0.999658 -2.53785e-08
-0.0731913 -0.00191374 0.997316

  PixelContainer: 
    ImportImageContainer (0x4c316d0)
      RTTI typeinfo:   itk::ImportImageContainer<unsigned long, double>
      Reference Count: 1
      Modified Time: 2384
      Debug: Off
      Object Name: 
      Observers: 
        none
      Pointer: 0x7fc66da0a010
      Container manages memory: true
      Size: 9830400
      Capacity: 9830400

     Weighting = 1
     Sampling strategy = regular
     Number of bins = 32
     Radius = 4
     Sampling percentage  = 0.25
   Transform = Rigid
     Gradient step = 0.1
     Update field sigma (voxel space) = 0
     Total field sigma (voxel space) = 0
     Update field time sigma = 0
     Total field time sigma  = 0
     Number of time indices = 0
     Number of time point samples = 0
Stage 2 State
   Image metric = MattesMI
     Fixed image = Image (0x4a7dd50)
  RTTI typeinfo:   itk::Image<double, 3u>
  Reference Count: 2
  Modified Time: 3167
  Debug: Off
  Object Name: 
  Observers: 
    none
  Source: (none)
  Source output name: (none)
  Release Data: Off
  Data Released: False
  Global Release Data: Off
  PipelineMTime: 0
  UpdateMTime: 2776
  RealTimeStamp: 0 seconds 
  LargestPossibleRegion: 
    Dimension: 3
    Index: [0, 0, 0]
    Size: [193, 229, 193]
  BufferedRegion: 
    Dimension: 3
    Index: [0, 0, 0]
    Size: [193, 229, 193]
  RequestedRegion: 
    Dimension: 3
    Index: [0, 0, 0]
    Size: [193, 229, 193]
  Spacing: [1, 1, 1]
  Origin: [96, 132, -78]
  Direction: 
-1 0 0
0 -1 0
0 0 1

  IndexToPointMatrix: 
-1 0 0
0 -1 0
0 0 1

  PointToIndexMatrix: 
-1 0 0
0 -1 0
0 0 1

  Inverse Direction: 
-1 0 0
0 -1 0
0 0 1

  PixelContainer: 
    ImportImageContainer (0x4b39570)
      RTTI typeinfo:   itk::ImportImageContainer<unsigned long, double>
      Reference Count: 1
      Modified Time: 2773
      Debug: Off
      Object Name: 
      Observers: 
        none
      Pointer: 0x7fc6698f5010
      Container manages memory: true
      Size: 8530021
      Capacity: 8530021

     Moving image = Image (0x4a67f50)
  RTTI typeinfo:   itk::Image<double, 3u>
  Reference Count: 2
  Modified Time: 3168
  Debug: Off
  Object Name: 
  Observers: 
    none
  Source: (none)
  Source output name: (none)
  Release Data: Off
  Data Released: False
  Global Release Data: Off
  PipelineMTime: 0
  UpdateMTime: 3165
  RealTimeStamp: 0 seconds 
  LargestPossibleRegion: 
    Dimension: 3
    Index: [0, 0, 0]
    Size: [160, 240, 256]
  BufferedRegion: 
    Dimension: 3
    Index: [0, 0, 0]
    Size: [160, 240, 256]
  RequestedRegion: 
    Dimension: 3
    Index: [0, 0, 0]
    Size: [160, 240, 256]
  Spacing: [0.999995, 1, 1]
  Origin: [87.0906, 98.7205, -152.377]
  Direction: 
-0.996975 0.0261379 -0.0731913
-0.0260677 -0.999658 -0.00191374
-0.0732163 -2.46403e-08 0.997316

  IndexToPointMatrix: 
-0.996971 0.0261379 -0.0731913
-0.0260676 -0.999658 -0.00191374
-0.0732159 -2.46403e-08 0.997316

  PointToIndexMatrix: 
-0.99698 -0.0260679 -0.0732166
0.0261379 -0.999658 -2.53785e-08
-0.0731913 -0.00191374 0.997316

  Inverse Direction: 
-0.996975 -0.0260677 -0.0732163
0.0261379 -0.999658 -2.53785e-08
-0.0731913 -0.00191374 0.997316

  PixelContainer: 
    ImportImageContainer (0x4c11650)
      RTTI typeinfo:   itk::ImportImageContainer<unsigned long, double>
      Reference Count: 1
      Modified Time: 3162
      Debug: Off
      Object Name: 
      Observers: 
        none
      Pointer: 0x7fc664df4010
      Container manages memory: true
      Size: 9830400
      Capacity: 9830400

     Weighting = 1
     Sampling strategy = regular
     Number of bins = 32
     Radius = 4
     Sampling percentage  = 0.25
   Transform = Affine
     Gradient step = 0.1
     Update field sigma (voxel space) = 0
     Total field sigma (voxel space) = 0
     Update field time sigma = 0
     Total field time sigma  = 0
     Number of time indices = 0
     Number of time point samples = 0
Stage 3 State
   Image metric = CC
     Fixed image = Image (0x4a68cf0)
  RTTI typeinfo:   itk::Image<double, 3u>
  Reference Count: 2
  Modified Time: 3945
  Debug: Off
  Object Name: 
  Observers: 
    none
  Source: (none)
  Source output name: (none)
  Release Data: Off
  Data Released: False
  Global Release Data: Off
  PipelineMTime: 0
  UpdateMTime: 3554
  RealTimeStamp: 0 seconds 
  LargestPossibleRegion: 
    Dimension: 3
    Index: [0, 0, 0]
    Size: [193, 229, 193]
  BufferedRegion: 
    Dimension: 3
    Index: [0, 0, 0]
    Size: [193, 229, 193]
  RequestedRegion: 
    Dimension: 3
    Index: [0, 0, 0]
    Size: [193, 229, 193]
  Spacing: [1, 1, 1]
  Origin: [96, 132, -78]
  Direction: 
-1 0 0
0 -1 0
0 0 1

  IndexToPointMatrix: 
-1 0 0
0 -1 0
0 0 1

  PointToIndexMatrix: 
-1 0 0
0 -1 0
0 0 1

  Inverse Direction: 
-1 0 0
0 -1 0
0 0 1

  PixelContainer: 
    ImportImageContainer (0x4b496b0)
      RTTI typeinfo:   itk::ImportImageContainer<unsigned long, double>
      Reference Count: 1
      Modified Time: 3551
      Debug: Off
      Object Name: 
      Observers: 
        none
      Pointer: 0x7fc660cdf010
      Container manages memory: true
      Size: 8530021
      Capacity: 8530021

     Moving image = Image (0x4a7a480)
  RTTI typeinfo:   itk::Image<double, 3u>
  Reference Count: 2
  Modified Time: 3946
  Debug: Off
  Object Name: 
  Observers: 
    none
  Source: (none)
  Source output name: (none)
  Release Data: Off
  Data Released: False
  Global Release Data: Off
  PipelineMTime: 0
  UpdateMTime: 3943
  RealTimeStamp: 0 seconds 
  LargestPossibleRegion: 
    Dimension: 3
    Index: [0, 0, 0]
    Size: [160, 240, 256]
  BufferedRegion: 
    Dimension: 3
    Index: [0, 0, 0]
    Size: [160, 240, 256]
  RequestedRegion: 
    Dimension: 3
    Index: [0, 0, 0]
    Size: [160, 240, 256]
  Spacing: [0.999995, 1, 1]
  Origin: [87.0906, 98.7205, -152.377]
  Direction: 
-0.996975 0.0261379 -0.0731913
-0.0260677 -0.999658 -0.00191374
-0.0732163 -2.46403e-08 0.997316

  IndexToPointMatrix: 
-0.996971 0.0261379 -0.0731913
-0.0260676 -0.999658 -0.00191374
-0.0732159 -2.46403e-08 0.997316

  PointToIndexMatrix: 
-0.99698 -0.0260679 -0.0732166
0.0261379 -0.999658 -2.53785e-08
-0.0731913 -0.00191374 0.997316

  Inverse Direction: 
-0.996975 -0.0260677 -0.0732163
0.0261379 -0.999658 -2.53785e-08
-0.0731913 -0.00191374 0.997316

  PixelContainer: 
    ImportImageContainer (0x4bd9750)
      RTTI typeinfo:   itk::ImportImageContainer<unsigned long, double>
      Reference Count: 1
      Modified Time: 3940
      Debug: Off
      Object Name: 
      Observers: 
        none
      Pointer: 0x7fc65c1de010
      Container manages memory: true
      Size: 9830400
      Capacity: 9830400

     Weighting = 1
     Sampling strategy = none
     Number of bins = 32
     Radius = 4
     Sampling percentage  = 1
   Transform = SyN
     Gradient step = 0.1
     Update field sigma (voxel space) = 3
     Total field sigma (voxel space) = 0
     Update field time sigma = 0
     Total field time sigma  = 0
     Number of time indices = 0
     Number of time point samples = 0
Registration using 3 total stages.

Stage 0
  iterations = 1000x500x250x100
  convergence threshold = 1e-06
  convergence window size = 10
  number of levels = 4
  using the Mattes MI metric (number of bins = 32, weight = 1, use gradient filter = 0)
  preprocessing:  winsorizing the image intensities
  Shrink factors (level 1 out of 4): [8, 8, 8]
  Shrink factors (level 2 out of 4): [4, 4, 4]
  Shrink factors (level 3 out of 4): [2, 2, 2]
  Shrink factors (level 4 out of 4): [1, 1, 1]
  smoothing sigmas per level: [3, 2, 1, 0]
  regular sampling (percentage = 0.25)

*** Running Euler3DTransform registration ***

DIAGNOSTIC,Iteration,metricValue,convergenceValue,ITERATION_TIME_INDEX,SINCE_LAST
*/mnt/lustre/mathdugre/fast-interpolate/datasets/ds004513/derivatives/flint/antsRegistration/r7-p21/sub-s020/Stage1_level1_Iter0001.nii.gz
2DIAGNOSTIC,     1, -3.778941024581e-01, 1.797693134862e+308, 0.0000e+00, 0.0000e+00, 
*/mnt/lustre/mathdugre/fast-interpolate/datasets/ds004513/derivatives/flint/antsRegistration/r7-p21/sub-s020/Stage1_level1_Iter0002.nii.gz
2DIAGNOSTIC,     2, -3.790276073411e-01, 1.797693134862e+308, 0.0000e+00, 0.0000e+00, 
*/mnt/lustre/mathdugre/fast-interpolate/datasets/ds004513/derivatives/flint/antsRegistration/r7-p21/sub-s020/Stage1_level1_Iter0003.nii.gz
2DIAGNOSTIC,     3, -3.827316302376e-01, 1.797693134862e+308, 0.0000e+00, 0.0000e+00, 
*/mnt/lustre/mathdugre/fast-interpolate/datasets/ds004513/derivatives/flint/antsRegistration/r7-p21/sub-s020/Stage1_level1_Iter0004.nii.gz
2DIAGNOSTIC,     4, -3.886370000132e-01, 1.797693134862e+308, 0.0000e+00, 0.0000e+00, 
*/mnt/lustre/mathdugre/fast-interpolate/datasets/ds004513/derivatives/flint/antsRegistration/r7-p21/sub-s020/Stage1_level1_Iter0005.nii.gz
2DIAGNOSTIC,     5, -3.912532883207e-01, 1.797693134862e+308, 0.0000e+00, 0.0000e+00, 
*/mnt/lustre/mathdugre/fast-interpolate/datasets/ds004513/derivatives/flint/antsRegistration/r7-p21/sub-s020/Stage1_level1_Iter0006.nii.gz
2DIAGNOSTIC,     6, -3.923373930853e-01, 1.797693134862e+308, 0.0000e+00, 0.0000e+00, 
*/mnt/lustre/mathdugre/fast-interpolate/datasets/ds004513/derivatives/flint/antsRegistration/r7-p21/sub-s020/Stage1_level1_Iter0007.nii.gz
2DIAGNOSTIC,     7, -3.977169051784e-01, 1.797693134862e+308, 0.0000e+00, 0.0000e+00, 
*/mnt/lustre/mathdugre/fast-interpolate/datasets/ds004513/derivatives/flint/antsRegistration/r7-p21/sub-s020/Stage1_level1_Iter0008.nii.gz
2DIAGNOSTIC,     8, -4.276529176095e-01, 1.797693134862e+308, 0.0000e+00, 0.0000e+00, 
*/mnt/lustre/mathdugre/fast-interpolate/datasets/ds004513/derivatives/flint/antsRegistration/r7-p21/sub-s020/Stage1_level1_Iter0009.nii.gz
2DIAGNOSTIC,     9, -4.365995937693e-01, 1.797693134862e+308, 0.0000e+00, 0.0000e+00, 
*/mnt/lustre/mathdugre/fast-interpolate/datasets/ds004513/derivatives/flint/antsRegistration/r7-p21/sub-s020/Stage1_level1_Iter0010.nii.gz
2DIAGNOSTIC,    10, -4.373025305630e-01, 1.032423973083e-02, 0.0000e+00, 0.0000e+00, 
*/mnt/lustre/mathdugre/fast-interpolate/datasets/ds004513/derivatives/flint/antsRegistration/r7-p21/sub-s020/Stage1_level1_Iter0011.nii.gz
2DIAGNOSTIC,    11, -4.373024719994e-01, 1.006579399109e-02, 0.0000e+00, 0.0000e+00, 
*/mnt/lustre/mathdugre/fast-interpolate/datasets/ds004513/derivatives/flint/antsRegistration/r7-p21/sub-s020/Stage1_level1_Iter0012.nii.gz
2DIAGNOSTIC,    12, -4.373029274497e-01, 9.020864963531e-03, 0.0000e+00, 0.0000e+00, 
*/mnt/lustre/mathdugre/fast-interpolate/datasets/ds004513/derivatives/flint/antsRegistration/r7-p21/sub-s020/Stage1_level1_Iter0013.nii.gz
2DIAGNOSTIC,    13, -4.373035618856e-01, 7.500082254410e-03, 0.0000e+00, 0.0000e+00, 
*/mnt/lustre/mathdugre/fast-interpolate/datasets/ds004513/derivatives/flint/antsRegistration/r7-p21/sub-s020/Stage1_level1_Iter0014.nii.gz
2DIAGNOSTIC,    14, -4.373045993547e-01, 5.812078714371e-03, 0.0000e+00, 0.0000e+00, 
*/mnt/lustre/mathdugre/fast-interpolate/datasets/ds004513/derivatives/flint/antsRegistration/r7-p21/sub-s020/Stage1_level1_Iter0015.nii.gz
2DIAGNOSTIC,    15, -4.373063578771e-01, 3.976017236710e-03, 0.0000e+00, 0.0000e+00, 
*/mnt/lustre/mathdugre/fast-interpolate/datasets/ds004513/derivatives/flint/antsRegistration/r7-p21/sub-s020/Stage1_level1_Iter0016.nii.gz
2DIAGNOSTIC,    16, -4.373089018869e-01, 2.080470323563e-03, 0.0000e+00, 0.0000e+00, 
*/mnt/lustre/mathdugre/fast-interpolate/datasets/ds004513/derivatives/flint/antsRegistration/r7-p21/sub-s020/Stage1_level1_Iter0017.nii.gz
2DIAGNOSTIC,    17, -4.373139454731e-01, 4.152655601501e-04, 0.0000e+00, 0.0000e+00, 
*/mnt/lustre/mathdugre/fast-interpolate/datasets/ds004513/derivatives/flint/antsRegistration/r7-p21/sub-s020/Stage1_level1_Iter0018.nii.gz
2DIAGNOSTIC,    18, -4.373218270831e-01, 2.983212471008e-05, 0.0000e+00, 0.0000e+00, 
*/mnt/lustre/mathdugre/fast-interpolate/datasets/ds004513/derivatives/flint/antsRegistration/r7-p21/sub-s020/Stage1_level1_Iter0019.nii.gz
2DIAGNOSTIC,    19, -4.373352039800e-01, 3.889203071594e-06, 0.0000e+00, 0.0000e+00, 
*/mnt/lustre/mathdugre/fast-interpolate/datasets/ds004513/derivatives/flint/antsRegistration/r7-p21/sub-s020/Stage1_level1_Iter0020.nii.gz
2DIAGNOSTIC,    20, -4.373579948606e-01, 5.096197128296e-06, 0.0000e+00, 0.0000e+00, 
*/mnt/lustre/mathdugre/fast-interpolate/datasets/ds004513/derivatives/flint/antsRegistration/r7-p21/sub-s020/Stage1_level1_Iter0021.nii.gz
2DIAGNOSTIC,    21, -4.373950681866e-01, 7.063150405884e-06, 0.0000e+00, 0.0000e+00, 
*/mnt/lustre/mathdugre/fast-interpolate/datasets/ds004513/derivatives/flint/antsRegistration/r7-p21/sub-s020/Stage1_level1_Iter0022.nii.gz
2DIAGNOSTIC,    22, -4.373967539404e-01, 8.314847946167e-06, 0.0000e+00, 0.0000e+00, 
*/mnt/lustre/mathdugre/fast-interpolate/datasets/ds004513/derivatives/flint/antsRegistration/r7-p21/sub-s020/Stage1_level1_Iter0023.nii.gz
2DIAGNOSTIC,    23, -4.374902712785e-01, 1.165270805359e-05, 0.0000e+00, 0.0000e+00, 
*/mnt/lustre/mathdugre/fast-interpolate/datasets/ds004513/derivatives/flint/antsRegistration/r7-p21/sub-s020/Stage1_level1_Iter0024.nii.gz
2DIAGNOSTIC,    24, -4.376282602510e-01, 1.753866672516e-05, 0.0000e+00, 0.0000e+00, 
*/mnt/lustre/mathdugre/fast-interpolate/datasets/ds004513/derivatives/flint/antsRegistration/r7-p21/sub-s020/Stage1_level1_Iter0025.nii.gz
2DIAGNOSTIC,    25, -4.378289592302e-01, 2.679228782654e-05, 0.0000e+00, 0.0000e+00, 
*/mnt/lustre/mathdugre/fast-interpolate/datasets/ds004513/derivatives/flint/antsRegistration/r7-p21/sub-s020/Stage1_level1_Iter0026.nii.gz
2DIAGNOSTIC,    26, -4.381730042287e-01, 4.179775714874e-05, 0.0000e+00, 0.0000e+00, 
*/mnt/lustre/mathdugre/fast-interpolate/datasets/ds004513/derivatives/flint/antsRegistration/r7-p21/sub-s020/Stage1_level1_Iter0027.nii.gz
2DIAGNOSTIC,    27, -4.387165090972e-01, 6.529688835144e-05, 0.0000e+00, 0.0000e+00, 
*/mnt/lustre/mathdugre/fast-interpolate/datasets/ds004513/derivatives/flint/antsRegistration/r7-p21/sub-s020/Stage1_level1_Iter0028.nii.gz
2DIAGNOSTIC,    28, -4.396992990906e-01, 1.044869422913e-04, 0.0000e+00, 0.0000e+00, 
*/mnt/lustre/mathdugre/fast-interpolate/datasets/ds004513/derivatives/flint/antsRegistration/r7-p21/sub-s020/Stage1_level1_Iter0029.nii.gz
2DIAGNOSTIC,    29, -4.419909439012e-01, 1.837611198425e-04, 0.0000e+00, 0.0000e+00, 
*/mnt/lustre/mathdugre/fast-interpolate/datasets/ds004513/derivatives/flint/antsRegistration/r7-p21/sub-s020/Stage1_level1_Iter0030.nii.gz
2DIAGNOSTIC,    30, -4.441532032734e-01, 2.877861261368e-04, 0.0000e+00, 0.0000e+00, 
*/mnt/lustre/mathdugre/fast-interpolate/datasets/ds004513/derivatives/flint/antsRegistration/r7-p21/sub-s020/Stage1_level1_Iter0031.nii.gz
2DIAGNOSTIC,    31, -4.453546760381e-01, 3.838241100311e-04, 0.0000e+00, 0.0000e+00, 
*/mnt/lustre/mathdugre/fast-interpolate/datasets/ds004513/derivatives/flint/antsRegistration/r7-p21/sub-s020/Stage1_level1_Iter0032.nii.gz
2DIAGNOSTIC,    32, -4.455935716351e-01, 4.427433013916e-04, 0.0000e+00, 0.0000e+00, 
*/mnt/lustre/mathdugre/fast-interpolate/datasets/ds004513/derivatives/flint/antsRegistration/r7-p21/sub-s020/Stage1_level1_Iter0033.nii.gz
2DIAGNOSTIC,    33, -4.462784341391e-01, 4.721134901047e-04, 0.0000e+00, 0.0000e+00, 
*/mnt/lustre/mathdugre/fast-interpolate/datasets/ds004513/derivatives/flint/antsRegistration/r7-p21/sub-s020/Stage1_level1_Iter0034.nii.gz
2DIAGNOSTIC,    34, -4.464665441480e-01, 4.606097936630e-04, 0.0000e+00, 0.0000e+00, 
*/mnt/lustre/mathdugre/fast-interpolate/datasets/ds004513/derivatives/flint/antsRegistration/r7-p21/sub-s020/Stage1_level1_Iter0035.nii.gz
2DIAGNOSTIC,    35, -4.466600497637e-01, 4.130452871323e-04, 0.0000e+00, 0.0000e+00, 
*/mnt/lustre/mathdugre/fast-interpolate/datasets/ds004513/derivatives/flint/antsRegistration/r7-p21/sub-s020/Stage1_level1_Iter0036.nii.gz
2DIAGNOSTIC,    36, -4.476445164550e-01, 3.537312150002e-04, 0.0000e+00, 0.0000e+00, 
*/mnt/lustre/mathdugre/fast-interpolate/datasets/ds004513/derivatives/flint/antsRegistration/r7-p21/sub-s020/Stage1_level1_Iter0037.nii.gz
2DIAGNOSTIC,    37, -4.520965484078e-01, 3.534257411957e-04, 0.0000e+00, 0.0000e+00, 
*/mnt/lustre/mathdugre/fast-interpolate/datasets/ds004513/derivatives/flint/antsRegistration/r7-p21/sub-s020/Stage1_level1_Iter0038.nii.gz
2DIAGNOSTIC,    38, -4.551630764500e-01, 3.873631358147e-04, 0.0000e+00, 0.0000e+00, 
*/mnt/lustre/mathdugre/fast-interpolate/datasets/ds004513/derivatives/flint/antsRegistration/r7-p21/sub-s020/Stage1_level1_Iter0039.nii.gz
2DIAGNOSTIC,    39, -4.560783141629e-01, 4.357099533081e-04, 0.0000e+00, 0.0000e+00, 
*/mnt/lustre/mathdugre/fast-interpolate/datasets/ds004513/derivatives/flint/antsRegistration/r7-p21/sub-s020/Stage1_level1_Iter0040.nii.gz
2DIAGNOSTIC,    40, -4.565871772481e-01, 4.849284887314e-04, 0.0000e+00, 0.0000e+00, 
*/mnt/lustre/mathdugre/fast-interpolate/datasets/ds004513/derivatives/flint/antsRegistration/r7-p21/sub-s020/Stage1_level1_Iter0041.nii.gz
2DIAGNOSTIC,    41, -4.568580963704e-01, 5.093440413475e-04, 0.0000e+00, 0.0000e+00, 
*/mnt/lustre/mathdugre/fast-interpolate/datasets/ds004513/derivatives/flint/antsRegistration/r7-p21/sub-s020/Stage1_level1_Iter0042.nii.gz
2DIAGNOSTIC,    42, -4.570378156148e-01, 4.891753196716e-04, 0.0000e+00, 0.0000e+00, 
*/mnt/lustre/mathdugre/fast-interpolate/datasets/ds004513/derivatives/flint/antsRegistration/r7-p21/sub-s020/Stage1_level1_Iter0043.nii.gz
2DIAGNOSTIC,    43, -4.571575134029e-01, 4.348382353783e-04, 0.0000e+00, 0.0000e+00, 
*/mnt/lustre/mathdugre/fast-interpolate/datasets/ds004513/derivatives/flint/antsRegistration/r7-p21/sub-s020/Stage1_level1_Iter0044.nii.gz
2DIAGNOSTIC,    44, -4.573968146786e-01, 3.488138318062e-04, 0.0000e+00, 0.0000e+00, 
*/mnt/lustre/mathdugre/fast-interpolate/datasets/ds004513/derivatives/flint/antsRegistration/r7-p21/sub-s020/Stage1_level1_Iter0045.nii.gz
2DIAGNOSTIC,    45, -4.574377601890e-01, 2.378448843956e-04, 0.0000e+00, 0.0000e+00, 
*/mnt/lustre/mathdugre/fast-interpolate/datasets/ds004513/derivatives/flint/antsRegistration/r7-p21/sub-s020/Stage1_level1_Iter0046.nii.gz
2DIAGNOSTIC,    46, -4.578373958995e-01, 1.277923583984e-04, 0.0000e+00, 0.0000e+00, 
*/mnt/lustre/mathdugre/fast-interpolate/datasets/ds004513/derivatives/flint/antsRegistration/r7-p21/sub-s020/Stage1_level1_Iter0047.nii.gz
2DIAGNOSTIC,    47, -4.578478306142e-01, 7.136166095734e-05, 0.0000e+00, 0.0000e+00, 
*/mnt/lustre/mathdugre/fast-interpolate/datasets/ds004513/derivatives/flint/antsRegistration/r7-p21/sub-s020/Stage1_level1_Iter0048.nii.gz
2DIAGNOSTIC,    48, -4.578481713781e-01, 5.207955837250e-05, 0.0000e+00, 0.0000e+00, 
*/mnt/lustre/mathdugre/fast-interpolate/datasets/ds004513/derivatives/flint/antsRegistration/r7-p21/sub-s020/Stage1_level1_Iter0049.nii.gz
2DIAGNOSTIC,    49, -4.578523438354e-01, 4.083663225174e-05, 0.0000e+00, 0.0000e+00, 
*/mnt/lustre/mathdugre/fast-interpolate/datasets/ds004513/derivatives/flint/antsRegistration/r7-p21/sub-s020/Stage1_level1_Iter0050.nii.gz
2DIAGNOSTIC,    50, -4.578056929069e-01, 3.214925527573e-05, 0.0000e+00, 0.0000e+00, 
*/mnt/lustre/mathdugre/fast-interpolate/datasets/ds004513/derivatives/flint/antsRegistration/r7-p21/sub-s020/Stage1_level1_Iter0051.nii.gz
2DIAGNOSTIC,    51, -4.576276944661e-01, 2.192705869675e-05, 0.0000e+00, 0.0000e+00, 
*/mnt/lustre/mathdugre/fast-interpolate/datasets/ds004513/derivatives/flint/antsRegistration/r7-p21/sub-s020/Stage1_level1_Iter0052.nii.gz
2DIAGNOSTIC,    52, -4.575668113442e-01, 1.158565282822e-05, 0.0000e+00, 0.0000e+00, 
*/mnt/lustre/mathdugre/fast-interpolate/datasets/ds004513/derivatives/flint/antsRegistration/r7-p21/sub-s020/Stage1_level1_Iter0053.nii.gz
2DIAGNOSTIC,    53, -4.575670871747e-01, 2.048909664154e-06, 0.0000e+00, 0.0000e+00, 
DIAGNOSTIC,Iteration,metricValue,convergenceValue,ITERATION_TIME_INDEX,SINCE_LAST
*/mnt/lustre/mathdugre/fast-interpolate/datasets/ds004513/derivatives/flint/antsRegistration/r7-p21/sub-s020/Stage1_level2_Iter0001.nii.gz
2DIAGNOSTIC,     1, -3.771669633317e-01, 1.797693134862e+308, 0.0000e+00, 0.0000e+00, 
*/mnt/lustre/mathdugre/fast-interpolate/datasets/ds004513/derivatives/flint/antsRegistration/r7-p21/sub-s020/Stage1_level2_Iter0002.nii.gz
2DIAGNOSTIC,     2, -3.774595343536e-01, 1.797693134862e+308, 0.0000e+00, 0.0000e+00, 
*/mnt/lustre/mathdugre/fast-interpolate/datasets/ds004513/derivatives/flint/antsRegistration/r7-p21/sub-s020/Stage1_level2_Iter0003.nii.gz
2DIAGNOSTIC,     3, -3.778755319760e-01, 1.797693134862e+308, 0.0000e+00, 0.0000e+00, 
*/mnt/lustre/mathdugre/fast-interpolate/datasets/ds004513/derivatives/flint/antsRegistration/r7-p21/sub-s020/Stage1_level2_Iter0004.nii.gz
2DIAGNOSTIC,     4, -3.784371381025e-01, 1.797693134862e+308, 0.0000e+00, 0.0000e+00, 
*/mnt/lustre/mathdugre/fast-interpolate/datasets/ds004513/derivatives/flint/antsRegistration/r7-p21/sub-s020/Stage1_level2_Iter0005.nii.gz
2DIAGNOSTIC,     5, -3.792870183489e-01, 1.797693134862e+308, 0.0000e+00, 0.0000e+00, 
*/mnt/lustre/mathdugre/fast-interpolate/datasets/ds004513/derivatives/flint/antsRegistration/r7-p21/sub-s020/Stage1_level2_Iter0006.nii.gz
2DIAGNOSTIC,     6, -3.812781965372e-01, 1.797693134862e+308, 0.0000e+00, 0.0000e+00, 
*/mnt/lustre/mathdugre/fast-interpolate/datasets/ds004513/derivatives/flint/antsRegistration/r7-p21/sub-s020/Stage1_level2_Iter0007.nii.gz
2DIAGNOSTIC,     7, -3.862508114999e-01, 1.797693134862e+308, 0.0000e+00, 0.0000e+00, 
*/mnt/lustre/mathdugre/fast-interpolate/datasets/ds004513/derivatives/flint/antsRegistration/r7-p21/sub-s020/Stage1_level2_Iter0008.nii.gz
2DIAGNOSTIC,     8, -3.872315362399e-01, 1.797693134862e+308, 0.0000e+00, 0.0000e+00, 
*/mnt/lustre/mathdugre/fast-interpolate/datasets/ds004513/derivatives/flint/antsRegistration/r7-p21/sub-s020/Stage1_level2_Iter0009.nii.gz
2DIAGNOSTIC,     9, -3.882527427121e-01, 1.797693134862e+308, 0.0000e+00, 0.0000e+00, 
*/mnt/lustre/mathdugre/fast-interpolate/datasets/ds004513/derivatives/flint/antsRegistration/r7-p21/sub-s020/Stage1_level2_Iter0010.nii.gz
2DIAGNOSTIC,    10, -3.928375553370e-01, 2.650886774063e-03, 0.0000e+00, 0.0000e+00, 
*/mnt/lustre/mathdugre/fast-interpolate/datasets/ds004513/derivatives/flint/antsRegistration/r7-p21/sub-s020/Stage1_level2_Iter0011.nii.gz
2DIAGNOSTIC,    11, -4.021279623469e-01, 3.307342529297e-03, 0.0000e+00, 0.0000e+00, 
*/mnt/lustre/mathdugre/fast-interpolate/datasets/ds004513/derivatives/flint/antsRegistration/r7-p21/sub-s020/Stage1_level2_Iter0012.nii.gz
2DIAGNOSTIC,    12, -4.089124488871e-01, 3.965944051743e-03, 0.0000e+00, 0.0000e+00, 
*/mnt/lustre/mathdugre/fast-interpolate/datasets/ds004513/derivatives/flint/antsRegistration/r7-p21/sub-s020/Stage1_level2_Iter0013.nii.gz
2DIAGNOSTIC,    13, -4.114361894930e-01, 4.323869943619e-03, 0.0000e+00, 0.0000e+00, 
*/mnt/lustre/mathdugre/fast-interpolate/datasets/ds004513/derivatives/flint/antsRegistration/r7-p21/sub-s020/Stage1_level2_Iter0014.nii.gz
2DIAGNOSTIC,    14, -4.138865018103e-01, 4.402399063110e-03, 0.0000e+00, 0.0000e+00, 
*/mnt/lustre/mathdugre/fast-interpolate/datasets/ds004513/derivatives/flint/antsRegistration/r7-p21/sub-s020/Stage1_level2_Iter0015.nii.gz
2DIAGNOSTIC,    15, -4.172124214412e-01, 4.268020391464e-03, 0.0000e+00, 0.0000e+00, 
*/mnt/lustre/mathdugre/fast-interpolate/datasets/ds004513/derivatives/flint/antsRegistration/r7-p21/sub-s020/Stage1_level2_Iter0016.nii.gz
2DIAGNOSTIC,    16, -4.179210569007e-01, 3.868043422699e-03, 0.0000e+00, 0.0000e+00, 
*/mnt/lustre/mathdugre/fast-interpolate/datasets/ds004513/derivatives/flint/antsRegistration/r7-p21/sub-s020/Stage1_level2_Iter0017.nii.gz
2DIAGNOSTIC,    17, -4.197113787613e-01, 3.446802496910e-03, 0.0000e+00, 0.0000e+00, 
*/mnt/lustre/mathdugre/fast-interpolate/datasets/ds004513/derivatives/flint/antsRegistration/r7-p21/sub-s020/Stage1_level2_Iter0018.nii.gz
2DIAGNOSTIC,    18, -4.200735002513e-01, 2.815753221512e-03, 0.0000e+00, 0.0000e+00, 
*/mnt/lustre/mathdugre/fast-interpolate/datasets/ds004513/derivatives/flint/antsRegistration/r7-p21/sub-s020/Stage1_level2_Iter0019.nii.gz
2DIAGNOSTIC,    19, -4.201764821401e-01, 2.039059996605e-03, 0.0000e+00, 0.0000e+00, 
*/mnt/lustre/mathdugre/fast-interpolate/datasets/ds004513/derivatives/flint/antsRegistration/r7-p21/sub-s020/Stage1_level2_Iter0020.nii.gz
2DIAGNOSTIC,    20, -4.202425983139e-01, 1.314654946327e-03, 0.0000e+00, 0.0000e+00, 
*/mnt/lustre/mathdugre/fast-interpolate/datasets/ds004513/derivatives/flint/antsRegistration/r7-p21/sub-s020/Stage1_level2_Iter0021.nii.gz
2DIAGNOSTIC,    21, -4.207217395029e-01, 8.662194013596e-04, 0.0000e+00, 0.0000e+00, 
*/mnt/lustre/mathdugre/fast-interpolate/datasets/ds004513/derivatives/flint/antsRegistration/r7-p21/sub-s020/Stage1_level2_Iter0022.nii.gz
2DIAGNOSTIC,    22, -4.207913821021e-01, 5.998015403748e-04, 0.0000e+00, 0.0000e+00, 
*/mnt/lustre/mathdugre/fast-interpolate/datasets/ds004513/derivatives/flint/antsRegistration/r7-p21/sub-s020/Stage1_level2_Iter0023.nii.gz
2DIAGNOSTIC,    23, -4.208089696945e-01, 3.791749477386e-04, 0.0000e+00, 0.0000e+00, 
*/mnt/lustre/mathdugre/fast-interpolate/datasets/ds004513/derivatives/flint/antsRegistration/r7-p21/sub-s020/Stage1_level2_Iter0024.nii.gz
2DIAGNOSTIC,    24, -4.208105154072e-01, 2.129822969437e-04, 0.0000e+00, 0.0000e+00, 
*/mnt/lustre/mathdugre/fast-interpolate/datasets/ds004513/derivatives/flint/antsRegistration/r7-p21/sub-s020/Stage1_level2_Iter0025.nii.gz
2DIAGNOSTIC,    25, -4.208104367861e-01, 1.347512006760e-04, 0.0000e+00, 0.0000e+00, 
*/mnt/lustre/mathdugre/fast-interpolate/datasets/ds004513/derivatives/flint/antsRegistration/r7-p21/sub-s020/Stage1_level2_Iter0026.nii.gz
2DIAGNOSTIC,    26, -4.208417369343e-01, 6.878376007080e-05, 0.0000e+00, 0.0000e+00, 
*/mnt/lustre/mathdugre/fast-interpolate/datasets/ds004513/derivatives/flint/antsRegistration/r7-p21/sub-s020/Stage1_level2_Iter0027.nii.gz
2DIAGNOSTIC,    27, -4.208692930346e-01, 4.859268665314e-05, 0.0000e+00, 0.0000e+00, 
*/mnt/lustre/mathdugre/fast-interpolate/datasets/ds004513/derivatives/flint/antsRegistration/r7-p21/sub-s020/Stage1_level2_Iter0028.nii.gz
2DIAGNOSTIC,    28, -4.209115872471e-01, 3.568828105927e-05, 0.0000e+00, 0.0000e+00, 
*/mnt/lustre/mathdugre/fast-interpolate/datasets/ds004513/derivatives/flint/antsRegistration/r7-p21/sub-s020/Stage1_level2_Iter0029.nii.gz
2DIAGNOSTIC,    29, -4.210182320961e-01, 2.557039260864e-05, 0.0000e+00, 0.0000e+00, 
*/mnt/lustre/mathdugre/fast-interpolate/datasets/ds004513/derivatives/flint/antsRegistration/r7-p21/sub-s020/Stage1_level2_Iter0030.nii.gz
2DIAGNOSTIC,    30, -4.212142150931e-01, 1.962482929230e-05, 0.0000e+00, 0.0000e+00, 
*/mnt/lustre/mathdugre/fast-interpolate/datasets/ds004513/derivatives/flint/antsRegistration/r7-p21/sub-s020/Stage1_level2_Iter0031.nii.gz
2DIAGNOSTIC,    31, -4.212444647632e-01, 2.370774745941e-05, 0.0000e+00, 0.0000e+00, 
*/mnt/lustre/mathdugre/fast-interpolate/datasets/ds004513/derivatives/flint/antsRegistration/r7-p21/sub-s020/Stage1_level2_Iter0032.nii.gz
2DIAGNOSTIC,    32, -4.213919918374e-01, 3.015995025635e-05, 0.0000e+00, 0.0000e+00, 
*/mnt/lustre/mathdugre/fast-interpolate/datasets/ds004513/derivatives/flint/antsRegistration/r7-p21/sub-s020/Stage1_level2_Iter0033.nii.gz
2DIAGNOSTIC,    33, -4.213619936662e-01, 3.314018249512e-05, 0.0000e+00, 0.0000e+00, 
*/mnt/lustre/mathdugre/fast-interpolate/datasets/ds004513/derivatives/flint/antsRegistration/r7-p21/sub-s020/Stage1_level2_Iter0034.nii.gz
2DIAGNOSTIC,    34, -4.215142718378e-01, 3.607571125031e-05, 0.0000e+00, 0.0000e+00, 
*/mnt/lustre/mathdugre/fast-interpolate/datasets/ds004513/derivatives/flint/antsRegistration/r7-p21/sub-s020/Stage1_level2_Iter0035.nii.gz
2DIAGNOSTIC,    35, -4.218951185582e-01, 4.293769598007e-05, 0.0000e+00, 0.0000e+00, 
*/mnt/lustre/mathdugre/fast-interpolate/datasets/ds004513/derivatives/flint/antsRegistration/r7-p21/sub-s020/Stage1_level2_Iter0036.nii.gz
2DIAGNOSTIC,    36, -4.222685093385e-01, 5.306303501129e-05, 0.0000e+00, 0.0000e+00, 
*/mnt/lustre/mathdugre/fast-interpolate/datasets/ds004513/derivatives/flint/antsRegistration/r7-p21/sub-s020/Stage1_level2_Iter0037.nii.gz
2DIAGNOSTIC,    37, -4.223405846654e-01, 5.947798490524e-05, 0.0000e+00, 0.0000e+00, 
*/mnt/lustre/mathdugre/fast-interpolate/datasets/ds004513/derivatives/flint/antsRegistration/r7-p21/sub-s020/Stage1_level2_Iter0038.nii.gz
2DIAGNOSTIC,    38, -4.224591736708e-01, 6.303936243057e-05, 0.0000e+00, 0.0000e+00, 
*/mnt/lustre/mathdugre/fast-interpolate/datasets/ds004513/derivatives/flint/antsRegistration/r7-p21/sub-s020/Stage1_level2_Iter0039.nii.gz
2DIAGNOSTIC,    39, -4.224843375589e-01, 6.279349327087e-05, 0.0000e+00, 0.0000e+00, 
*/mnt/lustre/mathdugre/fast-interpolate/datasets/ds004513/derivatives/flint/antsRegistration/r7-p21/sub-s020/Stage1_level2_Iter0040.nii.gz
2DIAGNOSTIC,    40, -4.224879525315e-01, 5.999952554703e-05, 0.0000e+00, 0.0000e+00, 
*/mnt/lustre/mathdugre/fast-interpolate/datasets/ds004513/derivatives/flint/antsRegistration/r7-p21/sub-s020/Stage1_level2_Iter0041.nii.gz
2DIAGNOSTIC,    41, -4.224739707470e-01, 5.183368921280e-05, 0.0000e+00, 0.0000e+00, 
*/mnt/lustre/mathdugre/fast-interpolate/datasets/ds004513/derivatives/flint/antsRegistration/r7-p21/sub-s020/Stage1_level2_Iter0042.nii.gz
2DIAGNOSTIC,    42, -4.224832376927e-01, 4.190951585770e-05, 0.0000e+00, 0.0000e+00, 
*/mnt/lustre/mathdugre/fast-interpolate/datasets/ds004513/derivatives/flint/antsRegistration/r7-p21/sub-s020/Stage1_level2_Iter0043.nii.gz
2DIAGNOSTIC,    43, -4.224840145052e-01, 2.812594175339e-05, 0.0000e+00, 0.0000e+00, 
*/mnt/lustre/mathdugre/fast-interpolate/datasets/ds004513/derivatives/flint/antsRegistration/r7-p21/sub-s020/Stage1_level2_Iter0044.nii.gz
2DIAGNOSTIC,    44, -4.224773287661e-01, 1.452863216400e-05, 0.0000e+00, 0.0000e+00, 
*/mnt/lustre/mathdugre/fast-interpolate/datasets/ds004513/derivatives/flint/antsRegistration/r7-p21/sub-s020/Stage1_level2_Iter0045.nii.gz
2DIAGNOSTIC,    45, -4.224706673845e-01, 5.871057510376e-06, 0.0000e+00, 0.0000e+00, 
*/mnt/lustre/mathdugre/fast-interpolate/datasets/ds004513/derivatives/flint/antsRegistration/r7-p21/sub-s020/Stage1_level2_Iter0046.nii.gz
2DIAGNOSTIC,    46, -4.224708315116e-01, 2.749264240265e-06, 0.0000e+00, 0.0000e+00, 
DIAGNOSTIC,Iteration,metricValue,convergenceValue,ITERATION_TIME_INDEX,SINCE_LAST
*/mnt/lustre/mathdugre/fast-interpolate/datasets/ds004513/derivatives/flint/antsRegistration/r7-p21/sub-s020/Stage1_level3_Iter0001.nii.gz
2DIAGNOSTIC,     1, -3.615779158823e-01, 1.797693134862e+308, 0.0000e+00, 0.0000e+00, 
*/mnt/lustre/mathdugre/fast-interpolate/datasets/ds004513/derivatives/flint/antsRegistration/r7-p21/sub-s020/Stage1_level3_Iter0002.nii.gz
2DIAGNOSTIC,     2, -3.618429264953e-01, 1.797693134862e+308, 0.0000e+00, 0.0000e+00, 
*/mnt/lustre/mathdugre/fast-interpolate/datasets/ds004513/derivatives/flint/antsRegistration/r7-p21/sub-s020/Stage1_level3_Iter0003.nii.gz
2DIAGNOSTIC,     3, -3.621887774679e-01, 1.797693134862e+308, 0.0000e+00, 0.0000e+00, 
*/mnt/lustre/mathdugre/fast-interpolate/datasets/ds004513/derivatives/flint/antsRegistration/r7-p21/sub-s020/Stage1_level3_Iter0004.nii.gz
2DIAGNOSTIC,     4, -3.627423654575e-01, 1.797693134862e+308, 0.0000e+00, 0.0000e+00, 
*/mnt/lustre/mathdugre/fast-interpolate/datasets/ds004513/derivatives/flint/antsRegistration/r7-p21/sub-s020/Stage1_level3_Iter0005.nii.gz
2DIAGNOSTIC,     5, -3.633044041669e-01, 1.797693134862e+308, 0.0000e+00, 0.0000e+00, 
*/mnt/lustre/mathdugre/fast-interpolate/datasets/ds004513/derivatives/flint/antsRegistration/r7-p21/sub-s020/Stage1_level3_Iter0006.nii.gz
2DIAGNOSTIC,     6, -3.635361680772e-01, 1.797693134862e+308, 0.0000e+00, 0.0000e+00, 
*/mnt/lustre/mathdugre/fast-interpolate/datasets/ds004513/derivatives/flint/antsRegistration/r7-p21/sub-s020/Stage1_level3_Iter0007.nii.gz
2DIAGNOSTIC,     7, -3.636961432499e-01, 1.797693134862e+308, 0.0000e+00, 0.0000e+00, 
*/mnt/lustre/mathdugre/fast-interpolate/datasets/ds004513/derivatives/flint/antsRegistration/r7-p21/sub-s020/Stage1_level3_Iter0008.nii.gz
2DIAGNOSTIC,     8, -3.639884568384e-01, 1.797693134862e+308, 0.0000e+00, 0.0000e+00, 
*/mnt/lustre/mathdugre/fast-interpolate/datasets/ds004513/derivatives/flint/antsRegistration/r7-p21/sub-s020/Stage1_level3_Iter0009.nii.gz
2DIAGNOSTIC,     9, -3.640328011224e-01, 1.797693134862e+308, 0.0000e+00, 0.0000e+00, 
*/mnt/lustre/mathdugre/fast-interpolate/datasets/ds004513/derivatives/flint/antsRegistration/r7-p21/sub-s020/Stage1_level3_Iter0010.nii.gz
2DIAGNOSTIC,    10, -3.640131483726e-01, 4.802942276001e-04, 0.0000e+00, 0.0000e+00, 
*/mnt/lustre/mathdugre/fast-interpolate/datasets/ds004513/derivatives/flint/antsRegistration/r7-p21/sub-s020/Stage1_level3_Iter0011.nii.gz
2DIAGNOSTIC,    11, -3.640254273809e-01, 3.606081008911e-04, 0.0000e+00, 0.0000e+00, 
*/mnt/lustre/mathdugre/fast-interpolate/datasets/ds004513/derivatives/flint/antsRegistration/r7-p21/sub-s020/Stage1_level3_Iter0012.nii.gz
2DIAGNOSTIC,    12, -3.640446657751e-01, 2.474486827850e-04, 0.0000e+00, 0.0000e+00, 
*/mnt/lustre/mathdugre/fast-interpolate/datasets/ds004513/derivatives/flint/antsRegistration/r7-p21/sub-s020/Stage1_level3_Iter0013.nii.gz
2DIAGNOSTIC,    13, -3.640360043161e-01, 1.492500305176e-04, 0.0000e+00, 0.0000e+00, 
*/mnt/lustre/mathdugre/fast-interpolate/datasets/ds004513/derivatives/flint/antsRegistration/r7-p21/sub-s020/Stage1_level3_Iter0014.nii.gz
2DIAGNOSTIC,    14, -3.640364113927e-01, 8.204579353333e-05, 0.0000e+00, 0.0000e+00, 
*/mnt/lustre/mathdugre/fast-interpolate/datasets/ds004513/derivatives/flint/antsRegistration/r7-p21/sub-s020/Stage1_level3_Iter0015.nii.gz
2DIAGNOSTIC,    15, -3.640367399965e-01, 4.586577415466e-05, 0.0000e+00, 0.0000e+00, 
*/mnt/lustre/mathdugre/fast-interpolate/datasets/ds004513/derivatives/flint/antsRegistration/r7-p21/sub-s020/Stage1_level3_Iter0016.nii.gz
2DIAGNOSTIC,    16, -3.640355912285e-01, 2.145767211914e-05, 0.0000e+00, 0.0000e+00, 
*/mnt/lustre/mathdugre/fast-interpolate/datasets/ds004513/derivatives/flint/antsRegistration/r7-p21/sub-s020/Stage1_level3_Iter0017.nii.gz
2DIAGNOSTIC,    17, -3.640331280972e-01, 4.962086677551e-06, 0.0000e+00, 0.0000e+00, 
*/mnt/lustre/mathdugre/fast-interpolate/datasets/ds004513/derivatives/flint/antsRegistration/r7-p21/sub-s020/Stage1_level3_Iter0018.nii.gz
2DIAGNOSTIC,    18, -3.640321536236e-01, 2.622604370117e-06, 0.0000e+00, 0.0000e+00, 
*/mnt/lustre/mathdugre/fast-interpolate/datasets/ds004513/derivatives/flint/antsRegistration/r7-p21/sub-s020/Stage1_level3_Iter0019.nii.gz
2DIAGNOSTIC,    19, -3.640302110178e-01, 2.264976501465e-06, 0.0000e+00, 0.0000e+00, 
