
##########################
# Experiment information #
##########################

EXPERIMENT_NAME: r7-p20
VFC_BACKENDS: libinterflop_vprec.so --range-binary32=7 --precision-binary32=20 --range-binary64=7 --precision-binary64=20

SIF_IMG: /mnt/lustre/mathdugre/containers/ants-vprec-no_metric.simg

SUBJECT_ID: s025
INPUT_IMG: /mnt/lustre/mathdugre/fast-interpolate/datasets/ds004513/derivatives/flint/antsBrainExtraction/sub-s025/BrainExtractionBrain.nii.gz
OUTPUT_DIR: /mnt/lustre/mathdugre/fast-interpolate/datasets/ds004513/derivatives/flint/antsRegistration/r7-p20/sub-s025

FIXED_IMG: /templateflow/tpl-MNI152NLin2009cAsym/tpl-MNI152NLin2009cAsym_res-01_desc-brain_T1w.nii.gz
DATA_DIR: /mnt/lustre/mathdugre/fast-interpolate/datasets/ds004513
TEMPLATEFLOW_DIR: /home/mathdugre/.cache/templateflow
ITK_GLOBAL_DEFAULT_NUMBER_OF_THREADS: 4
##########################

Info [verificarlo]: loaded backend libinterflop_vprec.so
Info [interflop-vprec]: load backend with: 
Info [interflop-vprec]: precision-binary32 = 20
Info [interflop-vprec]: range-binary32 = 7
Info [interflop-vprec]: precision-binary64 = 20
Info [interflop-vprec]: range-binary64 = 7
Info [interflop-vprec]: mode = ob
Info [interflop-vprec]: error-mode = rel
Info [interflop-vprec]: max-abs-error-exponent = -1022
Info [interflop-vprec]: daz = false
Info [interflop-vprec]: ftz = false
Info [interflop-vprec]: 	instrument = none
Info [interflop-vprec]: 	prec-input-file = (null)
Info [interflop-vprec]: 	prec-output-file = (null)
Info [interflop-vprec]: 	prec-log-file = (null)
All_Command_lines_OK
Using double precision for computations.
=============================================================================
The composite transform comprises the following transforms (in order): 
  1. Center of mass alignment using fixed image: /templateflow/tpl-MNI152NLin2009cAsym/tpl-MNI152NLin2009cAsym_res-01_desc-brain_T1w.nii.gz and moving image: /mnt/lustre/mathdugre/fast-interpolate/datasets/ds004513/derivatives/flint/antsBrainExtraction/sub-s025/BrainExtractionBrain.nii.gz (type = Euler3DTransform)
=============================================================================
  number of levels = 4
  number of levels = 4
  number of levels = 4
  fixed image: /templateflow/tpl-MNI152NLin2009cAsym/tpl-MNI152NLin2009cAsym_res-01_desc-brain_T1w.nii.gz
  moving image: /mnt/lustre/mathdugre/fast-interpolate/datasets/ds004513/derivatives/flint/antsBrainExtraction/sub-s025/BrainExtractionBrain.nii.gz
  fixed image: /templateflow/tpl-MNI152NLin2009cAsym/tpl-MNI152NLin2009cAsym_res-01_desc-brain_T1w.nii.gz
  moving image: /mnt/lustre/mathdugre/fast-interpolate/datasets/ds004513/derivatives/flint/antsBrainExtraction/sub-s025/BrainExtractionBrain.nii.gz
  fixed image: /templateflow/tpl-MNI152NLin2009cAsym/tpl-MNI152NLin2009cAsym_res-01_desc-brain_T1w.nii.gz
  moving image: /mnt/lustre/mathdugre/fast-interpolate/datasets/ds004513/derivatives/flint/antsBrainExtraction/sub-s025/BrainExtractionBrain.nii.gz
Dimension = 3
Number of stages = 3
Use histogram matching = false
Winsorize image intensities = true
  Lower quantile = 0.005
  Upper quantile = 0.995


Stage 1 State
   Image metric = MattesMI
     Fixed image = Image (0x3228b30)
  RTTI typeinfo:   itk::Image<double, 3u>
  Reference Count: 2
  Modified Time: 2389
  Debug: Off
  Object Name: 
  Observers: 
    none
  Source: (none)
  Source output name: (none)
  Release Data: Off
  Data Released: False
  Global Release Data: Off
  PipelineMTime: 0
  UpdateMTime: 1998
  RealTimeStamp: 0 seconds 
  LargestPossibleRegion: 
    Dimension: 3
    Index: [0, 0, 0]
    Size: [193, 229, 193]
  BufferedRegion: 
    Dimension: 3
    Index: [0, 0, 0]
    Size: [193, 229, 193]
  RequestedRegion: 
    Dimension: 3
    Index: [0, 0, 0]
    Size: [193, 229, 193]
  Spacing: [1, 1, 1]
  Origin: [96, 132, -78]
  Direction: 
-1 0 0
0 -1 0
0 0 1

  IndexToPointMatrix: 
-1 0 0
0 -1 0
0 0 1

  PointToIndexMatrix: 
-1 0 0
0 -1 0
0 0 1

  Inverse Direction: 
-1 0 0
0 -1 0
0 0 1

  PixelContainer: 
    ImportImageContainer (0x32506b0)
      RTTI typeinfo:   itk::ImportImageContainer<unsigned long, double>
      Reference Count: 1
      Modified Time: 1995
      Debug: Off
      Object Name: 
      Observers: 
        none
      Pointer: 0x7f00ef661010
      Container manages memory: true
      Size: 8530021
      Capacity: 8530021

     Moving image = Image (0x3224400)
  RTTI typeinfo:   itk::Image<double, 3u>
  Reference Count: 2
  Modified Time: 2390
  Debug: Off
  Object Name: 
  Observers: 
    none
  Source: (none)
  Source output name: (none)
  Release Data: Off
  Data Released: False
  Global Release Data: Off
  PipelineMTime: 0
  UpdateMTime: 2387
  RealTimeStamp: 0 seconds 
  LargestPossibleRegion: 
    Dimension: 3
    Index: [0, 0, 0]
    Size: [176, 240, 256]
  BufferedRegion: 
    Dimension: 3
    Index: [0, 0, 0]
    Size: [176, 240, 256]
  RequestedRegion: 
    Dimension: 3
    Index: [0, 0, 0]
    Size: [176, 240, 256]
  Spacing: [0.999999, 1, 1]
  Origin: [90.3777, 84.5091, -154.071]
  Direction: 
-0.999391 7.48185e-06 -0.0348969
-7.47664e-06 -1 -2.7953e-07
-0.0348969 -1.84481e-08 0.999391

  IndexToPointMatrix: 
-0.999389 7.48185e-06 -0.0348969
-7.47663e-06 -1 -2.7953e-07
-0.0348968 -1.84481e-08 0.999391

  PointToIndexMatrix: 
-0.999393 -7.47666e-06 -0.0348969
7.47664e-06 -1 1.30443e-07
-0.0348969 -1.30502e-07 0.999391

  Inverse Direction: 
-0.999391 -7.47664e-06 -0.0348969
7.47664e-06 -1 1.30495e-07
-0.0348969 -1.30495e-07 0.999391

  PixelContainer: 
    ImportImageContainer (0x33f86d0)
      RTTI typeinfo:   itk::ImportImageContainer<unsigned long, double>
      Reference Count: 1
      Modified Time: 2384
      Debug: Off
      Object Name: 
      Observers: 
        none
      Pointer: 0x7f00ea3e0010
      Container manages memory: true
      Size: 10813440
      Capacity: 10813440

     Weighting = 1
     Sampling strategy = regular
     Number of bins = 32
     Radius = 4
     Sampling percentage  = 0.25
   Transform = Rigid
     Gradient step = 0.1
     Update field sigma (voxel space) = 0
     Total field sigma (voxel space) = 0
     Update field time sigma = 0
     Total field time sigma  = 0
     Number of time indices = 0
     Number of time point samples = 0
Stage 2 State
   Image metric = MattesMI
     Fixed image = Image (0x3244d50)
  RTTI typeinfo:   itk::Image<double, 3u>
  Reference Count: 2
  Modified Time: 3167
  Debug: Off
  Object Name: 
  Observers: 
    none
  Source: (none)
  Source output name: (none)
  Release Data: Off
  Data Released: False
  Global Release Data: Off
  PipelineMTime: 0
  UpdateMTime: 2776
  RealTimeStamp: 0 seconds 
  LargestPossibleRegion: 
    Dimension: 3
    Index: [0, 0, 0]
    Size: [193, 229, 193]
  BufferedRegion: 
    Dimension: 3
    Index: [0, 0, 0]
    Size: [193, 229, 193]
  RequestedRegion: 
    Dimension: 3
    Index: [0, 0, 0]
    Size: [193, 229, 193]
  Spacing: [1, 1, 1]
  Origin: [96, 132, -78]
  Direction: 
-1 0 0
0 -1 0
0 0 1

  IndexToPointMatrix: 
-1 0 0
0 -1 0
0 0 1

  PointToIndexMatrix: 
-1 0 0
0 -1 0
0 0 1

  Inverse Direction: 
-1 0 0
0 -1 0
0 0 1

  PixelContainer: 
    ImportImageContainer (0x3300570)
      RTTI typeinfo:   itk::ImportImageContainer<unsigned long, double>
      Reference Count: 1
      Modified Time: 2773
      Debug: Off
      Object Name: 
      Observers: 
        none
      Pointer: 0x7f00e62cb010
      Container manages memory: true
      Size: 8530021
      Capacity: 8530021

     Moving image = Image (0x322ef50)
  RTTI typeinfo:   itk::Image<double, 3u>
  Reference Count: 2
  Modified Time: 3168
  Debug: Off
  Object Name: 
  Observers: 
    none
  Source: (none)
  Source output name: (none)
  Release Data: Off
  Data Released: False
  Global Release Data: Off
  PipelineMTime: 0
  UpdateMTime: 3165
  RealTimeStamp: 0 seconds 
  LargestPossibleRegion: 
    Dimension: 3
    Index: [0, 0, 0]
    Size: [176, 240, 256]
  BufferedRegion: 
    Dimension: 3
    Index: [0, 0, 0]
    Size: [176, 240, 256]
  RequestedRegion: 
    Dimension: 3
    Index: [0, 0, 0]
    Size: [176, 240, 256]
  Spacing: [0.999999, 1, 1]
  Origin: [90.3777, 84.5091, -154.071]
  Direction: 
-0.999391 7.48185e-06 -0.0348969
-7.47664e-06 -1 -2.7953e-07
-0.0348969 -1.84481e-08 0.999391

  IndexToPointMatrix: 
-0.999389 7.48185e-06 -0.0348969
-7.47663e-06 -1 -2.7953e-07
-0.0348968 -1.84481e-08 0.999391

  PointToIndexMatrix: 
-0.999393 -7.47666e-06 -0.0348969
7.47664e-06 -1 1.30443e-07
-0.0348969 -1.30502e-07 0.999391

  Inverse Direction: 
-0.999391 -7.47664e-06 -0.0348969
7.47664e-06 -1 1.30495e-07
-0.0348969 -1.30495e-07 0.999391

  PixelContainer: 
    ImportImageContainer (0x33d8650)
      RTTI typeinfo:   itk::ImportImageContainer<unsigned long, double>
      Reference Count: 1
      Modified Time: 3162
      Debug: Off
      Object Name: 
      Observers: 
        none
      Pointer: 0x7f00e104a010
      Container manages memory: true
      Size: 10813440
      Capacity: 10813440

     Weighting = 1
     Sampling strategy = regular
     Number of bins = 32
     Radius = 4
     Sampling percentage  = 0.25
   Transform = Affine
     Gradient step = 0.1
     Update field sigma (voxel space) = 0
     Total field sigma (voxel space) = 0
     Update field time sigma = 0
     Total field time sigma  = 0
     Number of time indices = 0
     Number of time point samples = 0
Stage 3 State
   Image metric = CC
     Fixed image = Image (0x322fcf0)
  RTTI typeinfo:   itk::Image<double, 3u>
  Reference Count: 2
  Modified Time: 3945
  Debug: Off
  Object Name: 
  Observers: 
    none
  Source: (none)
  Source output name: (none)
  Release Data: Off
  Data Released: False
  Global Release Data: Off
  PipelineMTime: 0
  UpdateMTime: 3554
  RealTimeStamp: 0 seconds 
  LargestPossibleRegion: 
    Dimension: 3
    Index: [0, 0, 0]
    Size: [193, 229, 193]
  BufferedRegion: 
    Dimension: 3
    Index: [0, 0, 0]
    Size: [193, 229, 193]
  RequestedRegion: 
    Dimension: 3
    Index: [0, 0, 0]
    Size: [193, 229, 193]
  Spacing: [1, 1, 1]
  Origin: [96, 132, -78]
  Direction: 
-1 0 0
0 -1 0
0 0 1

  IndexToPointMatrix: 
-1 0 0
0 -1 0
0 0 1

  PointToIndexMatrix: 
-1 0 0
0 -1 0
0 0 1

  Inverse Direction: 
-1 0 0
0 -1 0
0 0 1

  PixelContainer: 
    ImportImageContainer (0x33106b0)
      RTTI typeinfo:   itk::ImportImageContainer<unsigned long, double>
      Reference Count: 1
      Modified Time: 3551
      Debug: Off
      Object Name: 
      Observers: 
        none
      Pointer: 0x7f00dcf35010
      Container manages memory: true
      Size: 8530021
      Capacity: 8530021

     Moving image = Image (0x3241480)
  RTTI typeinfo:   itk::Image<double, 3u>
  Reference Count: 2
  Modified Time: 3946
  Debug: Off
  Object Name: 
  Observers: 
    none
  Source: (none)
  Source output name: (none)
  Release Data: Off
  Data Released: False
  Global Release Data: Off
  PipelineMTime: 0
  UpdateMTime: 3943
  RealTimeStamp: 0 seconds 
  LargestPossibleRegion: 
    Dimension: 3
    Index: [0, 0, 0]
    Size: [176, 240, 256]
  BufferedRegion: 
    Dimension: 3
    Index: [0, 0, 0]
    Size: [176, 240, 256]
  RequestedRegion: 
    Dimension: 3
    Index: [0, 0, 0]
    Size: [176, 240, 256]
  Spacing: [0.999999, 1, 1]
  Origin: [90.3777, 84.5091, -154.071]
  Direction: 
-0.999391 7.48185e-06 -0.0348969
-7.47664e-06 -1 -2.7953e-07
-0.0348969 -1.84481e-08 0.999391

  IndexToPointMatrix: 
-0.999389 7.48185e-06 -0.0348969
-7.47663e-06 -1 -2.7953e-07
-0.0348968 -1.84481e-08 0.999391

  PointToIndexMatrix: 
-0.999393 -7.47666e-06 -0.0348969
7.47664e-06 -1 1.30443e-07
-0.0348969 -1.30502e-07 0.999391

  Inverse Direction: 
-0.999391 -7.47664e-06 -0.0348969
7.47664e-06 -1 1.30495e-07
-0.0348969 -1.30495e-07 0.999391

  PixelContainer: 
    ImportImageContainer (0x33a0750)
      RTTI typeinfo:   itk::ImportImageContainer<unsigned long, double>
      Reference Count: 1
      Modified Time: 3940
      Debug: Off
      Object Name: 
      Observers: 
        none
      Pointer: 0x7f00d7cb4010
      Container manages memory: true
      Size: 10813440
      Capacity: 10813440

     Weighting = 1
     Sampling strategy = none
     Number of bins = 32
     Radius = 4
     Sampling percentage  = 1
   Transform = SyN
     Gradient step = 0.1
     Update field sigma (voxel space) = 3
     Total field sigma (voxel space) = 0
     Update field time sigma = 0
     Total field time sigma  = 0
     Number of time indices = 0
     Number of time point samples = 0
Registration using 3 total stages.

Stage 0
  iterations = 1000x500x250x100
  convergence threshold = 1e-06
  convergence window size = 10
  number of levels = 4
  using the Mattes MI metric (number of bins = 32, weight = 1, use gradient filter = 0)
  preprocessing:  winsorizing the image intensities
  Shrink factors (level 1 out of 4): [8, 8, 8]
  Shrink factors (level 2 out of 4): [4, 4, 4]
  Shrink factors (level 3 out of 4): [2, 2, 2]
  Shrink factors (level 4 out of 4): [1, 1, 1]
  smoothing sigmas per level: [3, 2, 1, 0]
  regular sampling (percentage = 0.25)

*** Running Euler3DTransform registration ***

DIAGNOSTIC,Iteration,metricValue,convergenceValue,ITERATION_TIME_INDEX,SINCE_LAST
*/mnt/lustre/mathdugre/fast-interpolate/datasets/ds004513/derivatives/flint/antsRegistration/r7-p20/sub-s025/Stage1_level1_Iter0001.nii.gz
2DIAGNOSTIC,     1, -5.259998698614e-01, 1.797693134862e+308, 0.0000e+00, 0.0000e+00, 
*/mnt/lustre/mathdugre/fast-interpolate/datasets/ds004513/derivatives/flint/antsRegistration/r7-p20/sub-s025/Stage1_level1_Iter0002.nii.gz
2DIAGNOSTIC,     2, -5.275820615527e-01, 1.797693134862e+308, 0.0000e+00, 0.0000e+00, 
*/mnt/lustre/mathdugre/fast-interpolate/datasets/ds004513/derivatives/flint/antsRegistration/r7-p20/sub-s025/Stage1_level1_Iter0003.nii.gz
2DIAGNOSTIC,     3, -5.306850264828e-01, 1.797693134862e+308, 0.0000e+00, 0.0000e+00, 
*/mnt/lustre/mathdugre/fast-interpolate/datasets/ds004513/derivatives/flint/antsRegistration/r7-p20/sub-s025/Stage1_level1_Iter0004.nii.gz
2DIAGNOSTIC,     4, -5.375225239121e-01, 1.797693134862e+308, 0.0000e+00, 0.0000e+00, 
*/mnt/lustre/mathdugre/fast-interpolate/datasets/ds004513/derivatives/flint/antsRegistration/r7-p20/sub-s025/Stage1_level1_Iter0005.nii.gz
2DIAGNOSTIC,     5, -5.475049971122e-01, 1.797693134862e+308, 0.0000e+00, 0.0000e+00, 
*/mnt/lustre/mathdugre/fast-interpolate/datasets/ds004513/derivatives/flint/antsRegistration/r7-p20/sub-s025/Stage1_level1_Iter0006.nii.gz
2DIAGNOSTIC,     6, -5.566520442761e-01, 1.797693134862e+308, 0.0000e+00, 0.0000e+00, 
*/mnt/lustre/mathdugre/fast-interpolate/datasets/ds004513/derivatives/flint/antsRegistration/r7-p20/sub-s025/Stage1_level1_Iter0007.nii.gz
2DIAGNOSTIC,     7, -5.679240348808e-01, 1.797693134862e+308, 0.0000e+00, 0.0000e+00, 
*/mnt/lustre/mathdugre/fast-interpolate/datasets/ds004513/derivatives/flint/antsRegistration/r7-p20/sub-s025/Stage1_level1_Iter0008.nii.gz
2DIAGNOSTIC,     8, -5.819001534974e-01, 1.797693134862e+308, 0.0000e+00, 0.0000e+00, 
*/mnt/lustre/mathdugre/fast-interpolate/datasets/ds004513/derivatives/flint/antsRegistration/r7-p20/sub-s025/Stage1_level1_Iter0009.nii.gz
2DIAGNOSTIC,     9, -5.941089040236e-01, 1.797693134862e+308, 0.0000e+00, 0.0000e+00, 
*/mnt/lustre/mathdugre/fast-interpolate/datasets/ds004513/derivatives/flint/antsRegistration/r7-p20/sub-s025/Stage1_level1_Iter0010.nii.gz
2DIAGNOSTIC,    10, -5.981952096986e-01, 9.291768074036e-03, 0.0000e+00, 0.0000e+00, 
*/mnt/lustre/mathdugre/fast-interpolate/datasets/ds004513/derivatives/flint/antsRegistration/r7-p20/sub-s025/Stage1_level1_Iter0011.nii.gz
2DIAGNOSTIC,    11, -5.992163219639e-01, 8.678734302521e-03, 0.0000e+00, 0.0000e+00, 
*/mnt/lustre/mathdugre/fast-interpolate/datasets/ds004513/derivatives/flint/antsRegistration/r7-p20/sub-s025/Stage1_level1_Iter0012.nii.gz
2DIAGNOSTIC,    12, -6.025504938731e-01, 7.607519626617e-03, 0.0000e+00, 0.0000e+00, 
*/mnt/lustre/mathdugre/fast-interpolate/datasets/ds004513/derivatives/flint/antsRegistration/r7-p20/sub-s025/Stage1_level1_Iter0013.nii.gz
2DIAGNOSTIC,    13, -6.064520637598e-01, 6.284832954407e-03, 0.0000e+00, 0.0000e+00, 
*/mnt/lustre/mathdugre/fast-interpolate/datasets/ds004513/derivatives/flint/antsRegistration/r7-p20/sub-s025/Stage1_level1_Iter0014.nii.gz
2DIAGNOSTIC,    14, -6.132407873580e-01, 5.064785480499e-03, 0.0000e+00, 0.0000e+00, 
*/mnt/lustre/mathdugre/fast-interpolate/datasets/ds004513/derivatives/flint/antsRegistration/r7-p20/sub-s025/Stage1_level1_Iter0015.nii.gz
2DIAGNOSTIC,    15, -6.232248884327e-01, 4.209756851196e-03, 0.0000e+00, 0.0000e+00, 
*/mnt/lustre/mathdugre/fast-interpolate/datasets/ds004513/derivatives/flint/antsRegistration/r7-p20/sub-s025/Stage1_level1_Iter0016.nii.gz
2DIAGNOSTIC,    16, -6.236349755838e-01, 3.376066684723e-03, 0.0000e+00, 0.0000e+00, 
*/mnt/lustre/mathdugre/fast-interpolate/datasets/ds004513/derivatives/flint/antsRegistration/r7-p20/sub-s025/Stage1_level1_Iter0017.nii.gz
2DIAGNOSTIC,    17, -6.248671645242e-01, 2.697467803955e-03, 0.0000e+00, 0.0000e+00, 
*/mnt/lustre/mathdugre/fast-interpolate/datasets/ds004513/derivatives/flint/antsRegistration/r7-p20/sub-s025/Stage1_level1_Iter0018.nii.gz
2DIAGNOSTIC,    18, -6.258974662416e-01, 2.251476049423e-03, 0.0000e+00, 0.0000e+00, 
*/mnt/lustre/mathdugre/fast-interpolate/datasets/ds004513/derivatives/flint/antsRegistration/r7-p20/sub-s025/Stage1_level1_Iter0019.nii.gz
2DIAGNOSTIC,    19, -6.263347098391e-01, 1.965463161469e-03, 0.0000e+00, 0.0000e+00, 
*/mnt/lustre/mathdugre/fast-interpolate/datasets/ds004513/derivatives/flint/antsRegistration/r7-p20/sub-s025/Stage1_level1_Iter0020.nii.gz
2DIAGNOSTIC,    20, -6.284696700640e-01, 1.676142215729e-03, 0.0000e+00, 0.0000e+00, 
*/mnt/lustre/mathdugre/fast-interpolate/datasets/ds004513/derivatives/flint/antsRegistration/r7-p20/sub-s025/Stage1_level1_Iter0021.nii.gz
2DIAGNOSTIC,    21, -6.394796256201e-01, 1.535117626190e-03, 0.0000e+00, 0.0000e+00, 
*/mnt/lustre/mathdugre/fast-interpolate/datasets/ds004513/derivatives/flint/antsRegistration/r7-p20/sub-s025/Stage1_level1_Iter0022.nii.gz
2DIAGNOSTIC,    22, -6.507923309976e-01, 1.579821109772e-03, 0.0000e+00, 0.0000e+00, 
*/mnt/lustre/mathdugre/fast-interpolate/datasets/ds004513/derivatives/flint/antsRegistration/r7-p20/sub-s025/Stage1_level1_Iter0023.nii.gz
2DIAGNOSTIC,    23, -6.539440898641e-01, 1.614212989807e-03, 0.0000e+00, 0.0000e+00, 
*/mnt/lustre/mathdugre/fast-interpolate/datasets/ds004513/derivatives/flint/antsRegistration/r7-p20/sub-s025/Stage1_level1_Iter0024.nii.gz
2DIAGNOSTIC,    24, -6.552938555765e-01, 1.655042171478e-03, 0.0000e+00, 0.0000e+00, 
*/mnt/lustre/mathdugre/fast-interpolate/datasets/ds004513/derivatives/flint/antsRegistration/r7-p20/sub-s025/Stage1_level1_Iter0025.nii.gz
2DIAGNOSTIC,    25, -6.621933984008e-01, 1.859039068222e-03, 0.0000e+00, 0.0000e+00, 
*/mnt/lustre/mathdugre/fast-interpolate/datasets/ds004513/derivatives/flint/antsRegistration/r7-p20/sub-s025/Stage1_level1_Iter0026.nii.gz
2DIAGNOSTIC,    26, -6.661129970309e-01, 1.942873001099e-03, 0.0000e+00, 0.0000e+00, 
*/mnt/lustre/mathdugre/fast-interpolate/datasets/ds004513/derivatives/flint/antsRegistration/r7-p20/sub-s025/Stage1_level1_Iter0027.nii.gz
2DIAGNOSTIC,    27, -6.722677334820e-01, 1.961320638657e-03, 0.0000e+00, 0.0000e+00, 
*/mnt/lustre/mathdugre/fast-interpolate/datasets/ds004513/derivatives/flint/antsRegistration/r7-p20/sub-s025/Stage1_level1_Iter0028.nii.gz
2DIAGNOSTIC,    28, -6.825534366696e-01, 1.983255147934e-03, 0.0000e+00, 0.0000e+00, 
*/mnt/lustre/mathdugre/fast-interpolate/datasets/ds004513/derivatives/flint/antsRegistration/r7-p20/sub-s025/Stage1_level1_Iter0029.nii.gz
2DIAGNOSTIC,    29, -6.839924762653e-01, 1.847624778748e-03, 0.0000e+00, 0.0000e+00, 
*/mnt/lustre/mathdugre/fast-interpolate/datasets/ds004513/derivatives/flint/antsRegistration/r7-p20/sub-s025/Stage1_level1_Iter0030.nii.gz
2DIAGNOSTIC,    30, -6.844145782444e-01, 1.586526632309e-03, 0.0000e+00, 0.0000e+00, 
*/mnt/lustre/mathdugre/fast-interpolate/datasets/ds004513/derivatives/flint/antsRegistration/r7-p20/sub-s025/Stage1_level1_Iter0031.nii.gz
2DIAGNOSTIC,    31, -6.852891110025e-01, 1.368433237076e-03, 0.0000e+00, 0.0000e+00, 
*/mnt/lustre/mathdugre/fast-interpolate/datasets/ds004513/derivatives/flint/antsRegistration/r7-p20/sub-s025/Stage1_level1_Iter0032.nii.gz
2DIAGNOSTIC,    32, -6.867282514482e-01, 1.218110322952e-03, 0.0000e+00, 0.0000e+00, 
*/mnt/lustre/mathdugre/fast-interpolate/datasets/ds004513/derivatives/flint/antsRegistration/r7-p20/sub-s025/Stage1_level1_Iter0033.nii.gz
2DIAGNOSTIC,    33, -6.961108167686e-01, 1.134783029556e-03, 0.0000e+00, 0.0000e+00, 
*/mnt/lustre/mathdugre/fast-interpolate/datasets/ds004513/derivatives/flint/antsRegistration/r7-p20/sub-s025/Stage1_level1_Iter0034.nii.gz
2DIAGNOSTIC,    34, -7.054251839845e-01, 1.087754964828e-03, 0.0000e+00, 0.0000e+00, 
*/mnt/lustre/mathdugre/fast-interpolate/datasets/ds004513/derivatives/flint/antsRegistration/r7-p20/sub-s025/Stage1_level1_Iter0035.nii.gz
2DIAGNOSTIC,    35, -7.063594288572e-01, 1.042455434799e-03, 0.0000e+00, 0.0000e+00, 
*/mnt/lustre/mathdugre/fast-interpolate/datasets/ds004513/derivatives/flint/antsRegistration/r7-p20/sub-s025/Stage1_level1_Iter0036.nii.gz
2DIAGNOSTIC,    36, -7.078902422689e-01, 9.722113609314e-04, 0.0000e+00, 0.0000e+00, 
*/mnt/lustre/mathdugre/fast-interpolate/datasets/ds004513/derivatives/flint/antsRegistration/r7-p20/sub-s025/Stage1_level1_Iter0037.nii.gz
2DIAGNOSTIC,    37, -7.110786017188e-01, 9.253621101379e-04, 0.0000e+00, 0.0000e+00, 
*/mnt/lustre/mathdugre/fast-interpolate/datasets/ds004513/derivatives/flint/antsRegistration/r7-p20/sub-s025/Stage1_level1_Iter0038.nii.gz
2DIAGNOSTIC,    38, -7.115613346394e-01, 9.177625179291e-04, 0.0000e+00, 0.0000e+00, 
*/mnt/lustre/mathdugre/fast-interpolate/datasets/ds004513/derivatives/flint/antsRegistration/r7-p20/sub-s025/Stage1_level1_Iter0039.nii.gz
2DIAGNOSTIC,    39, -7.117937267328e-01, 8.412748575211e-04, 0.0000e+00, 0.0000e+00, 
*/mnt/lustre/mathdugre/fast-interpolate/datasets/ds004513/derivatives/flint/antsRegistration/r7-p20/sub-s025/Stage1_level1_Iter0040.nii.gz
2DIAGNOSTIC,    40, -7.121738534748e-01, 6.996989250183e-04, 0.0000e+00, 0.0000e+00, 
*/mnt/lustre/mathdugre/fast-interpolate/datasets/ds004513/derivatives/flint/antsRegistration/r7-p20/sub-s025/Stage1_level1_Iter0041.nii.gz
2DIAGNOSTIC,    41, -7.140624607935e-01, 5.313307046890e-04, 0.0000e+00, 0.0000e+00, 
*/mnt/lustre/mathdugre/fast-interpolate/datasets/ds004513/derivatives/flint/antsRegistration/r7-p20/sub-s025/Stage1_level1_Iter0042.nii.gz
2DIAGNOSTIC,    42, -7.206789126516e-01, 4.039406776428e-04, 0.0000e+00, 0.0000e+00, 
*/mnt/lustre/mathdugre/fast-interpolate/datasets/ds004513/derivatives/flint/antsRegistration/r7-p20/sub-s025/Stage1_level1_Iter0043.nii.gz
2DIAGNOSTIC,    43, -7.252122872449e-01, 3.838539123535e-04, 0.0000e+00, 0.0000e+00, 
*/mnt/lustre/mathdugre/fast-interpolate/datasets/ds004513/derivatives/flint/antsRegistration/r7-p20/sub-s025/Stage1_level1_Iter0044.nii.gz
2DIAGNOSTIC,    44, -7.262814199328e-01, 4.326850175858e-04, 0.0000e+00, 0.0000e+00, 
*/mnt/lustre/mathdugre/fast-interpolate/datasets/ds004513/derivatives/flint/antsRegistration/r7-p20/sub-s025/Stage1_level1_Iter0045.nii.gz
2DIAGNOSTIC,    45, -7.332596987518e-01, 5.163699388504e-04, 0.0000e+00, 0.0000e+00, 
*/mnt/lustre/mathdugre/fast-interpolate/datasets/ds004513/derivatives/flint/antsRegistration/r7-p20/sub-s025/Stage1_level1_Iter0046.nii.gz
2DIAGNOSTIC,    46, -7.337034056568e-01, 5.631595849991e-04, 0.0000e+00, 0.0000e+00, 
*/mnt/lustre/mathdugre/fast-interpolate/datasets/ds004513/derivatives/flint/antsRegistration/r7-p20/sub-s025/Stage1_level1_Iter0047.nii.gz
2DIAGNOSTIC,    47, -7.363109863621e-01, 6.074756383896e-04, 0.0000e+00, 0.0000e+00, 
*/mnt/lustre/mathdugre/fast-interpolate/datasets/ds004513/derivatives/flint/antsRegistration/r7-p20/sub-s025/Stage1_level1_Iter0048.nii.gz
2DIAGNOSTIC,    48, -7.384062543470e-01, 6.148517131805e-04, 0.0000e+00, 0.0000e+00, 
*/mnt/lustre/mathdugre/fast-interpolate/datasets/ds004513/derivatives/flint/antsRegistration/r7-p20/sub-s025/Stage1_level1_Iter0049.nii.gz
2DIAGNOSTIC,    49, -7.390980177824e-01, 5.717873573303e-04, 0.0000e+00, 0.0000e+00, 
*/mnt/lustre/mathdugre/fast-interpolate/datasets/ds004513/derivatives/flint/antsRegistration/r7-p20/sub-s025/Stage1_level1_Iter0050.nii.gz
2DIAGNOSTIC,    50, -7.399769217391e-01, 4.871338605881e-04, 0.0000e+00, 0.0000e+00, 
*/mnt/lustre/mathdugre/fast-interpolate/datasets/ds004513/derivatives/flint/antsRegistration/r7-p20/sub-s025/Stage1_level1_Iter0051.nii.gz
2DIAGNOSTIC,    51, -7.402763647641e-01, 3.770440816879e-04, 0.0000e+00, 0.0000e+00, 
*/mnt/lustre/mathdugre/fast-interpolate/datasets/ds004513/derivatives/flint/antsRegistration/r7-p20/sub-s025/Stage1_level1_Iter0052.nii.gz
2DIAGNOSTIC,    52, -7.409471893906e-01, 2.958923578262e-04, 0.0000e+00, 0.0000e+00, 
*/mnt/lustre/mathdugre/fast-interpolate/datasets/ds004513/derivatives/flint/antsRegistration/r7-p20/sub-s025/Stage1_level1_Iter0053.nii.gz
2DIAGNOSTIC,    53, -7.421757705052e-01, 2.368390560150e-04, 0.0000e+00, 0.0000e+00, 
*/mnt/lustre/mathdugre/fast-interpolate/datasets/ds004513/derivatives/flint/antsRegistration/r7-p20/sub-s025/Stage1_level1_Iter0054.nii.gz
2DIAGNOSTIC,    54, -7.438567858525e-01, 1.779496669769e-04, 0.0000e+00, 0.0000e+00, 
*/mnt/lustre/mathdugre/fast-interpolate/datasets/ds004513/derivatives/flint/antsRegistration/r7-p20/sub-s025/Stage1_level1_Iter0055.nii.gz
2DIAGNOSTIC,    55, -7.485568768871e-01, 1.956224441528e-04, 0.0000e+00, 0.0000e+00, 
*/mnt/lustre/mathdugre/fast-interpolate/datasets/ds004513/derivatives/flint/antsRegistration/r7-p20/sub-s025/Stage1_level1_Iter0056.nii.gz
2DIAGNOSTIC,    56, -7.497143444372e-01, 2.049952745438e-04, 0.0000e+00, 0.0000e+00, 
*/mnt/lustre/mathdugre/fast-interpolate/datasets/ds004513/derivatives/flint/antsRegistration/r7-p20/sub-s025/Stage1_level1_Iter0057.nii.gz
2DIAGNOSTIC,    57, -7.499326091350e-01, 2.155303955078e-04, 0.0000e+00, 0.0000e+00, 
*/mnt/lustre/mathdugre/fast-interpolate/datasets/ds004513/derivatives/flint/antsRegistration/r7-p20/sub-s025/Stage1_level1_Iter0058.nii.gz
2DIAGNOSTIC,    58, -7.498175987974e-01, 2.200007438660e-04, 0.0000e+00, 0.0000e+00, 
*/mnt/lustre/mathdugre/fast-interpolate/datasets/ds004513/derivatives/flint/antsRegistration/r7-p20/sub-s025/Stage1_level1_Iter0059.nii.gz
2DIAGNOSTIC,    59, -7.497855403403e-01, 2.077221870422e-04, 0.0000e+00, 0.0000e+00, 
*/mnt/lustre/mathdugre/fast-interpolate/datasets/ds004513/derivatives/flint/antsRegistration/r7-p20/sub-s025/Stage1_level1_Iter0060.nii.gz
2DIAGNOSTIC,    60, -7.498373283460e-01, 1.821219921112e-04, 0.0000e+00, 0.0000e+00, 
*/mnt/lustre/mathdugre/fast-interpolate/datasets/ds004513/derivatives/flint/antsRegistration/r7-p20/sub-s025/Stage1_level1_Iter0061.nii.gz
2DIAGNOSTIC,    61, -7.498256322724e-01, 1.418888568878e-04, 0.0000e+00, 0.0000e+00, 
*/mnt/lustre/mathdugre/fast-interpolate/datasets/ds004513/derivatives/flint/antsRegistration/r7-p20/sub-s025/Stage1_level1_Iter0062.nii.gz
2DIAGNOSTIC,    62, -7.498835481193e-01, 9.484589099884e-05, 0.0000e+00, 0.0000e+00, 
*/mnt/lustre/mathdugre/fast-interpolate/datasets/ds004513/derivatives/flint/antsRegistration/r7-p20/sub-s025/Stage1_level1_Iter0063.nii.gz
2DIAGNOSTIC,    63, -7.501502755246e-01, 5.067884922028e-05, 0.0000e+00, 0.0000e+00, 
*/mnt/lustre/mathdugre/fast-interpolate/datasets/ds004513/derivatives/flint/antsRegistration/r7-p20/sub-s025/Stage1_level1_Iter0064.nii.gz
2DIAGNOSTIC,    64, -7.500735935955e-01, 1.288950443268e-05, 0.0000e+00, 0.0000e+00, 
*/mnt/lustre/mathdugre/fast-interpolate/datasets/ds004513/derivatives/flint/antsRegistration/r7-p20/sub-s025/Stage1_level1_Iter0065.nii.gz
2DIAGNOSTIC,    65, -7.502045534482e-01, 6.288290023804e-06, 0.0000e+00, 0.0000e+00, 
*/mnt/lustre/mathdugre/fast-interpolate/datasets/ds004513/derivatives/flint/antsRegistration/r7-p20/sub-s025/Stage1_level1_Iter0066.nii.gz
2DIAGNOSTIC,    66, -7.502630364161e-01, 7.048249244690e-06, 0.0000e+00, 0.0000e+00, 
*/mnt/lustre/mathdugre/fast-interpolate/datasets/ds004513/derivatives/flint/antsRegistration/r7-p20/sub-s025/Stage1_level1_Iter0067.nii.gz
2DIAGNOSTIC,    67, -7.500364481730e-01, 7.137656211853e-06, 0.0000e+00, 0.0000e+00, 
*/mnt/lustre/mathdugre/fast-interpolate/datasets/ds004513/derivatives/flint/antsRegistration/r7-p20/sub-s025/Stage1_level1_Iter0068.nii.gz
2DIAGNOSTIC,    68, -7.501048103477e-01, 6.273388862610e-06, 0.0000e+00, 0.0000e+00, 
*/mnt/lustre/mathdugre/fast-interpolate/datasets/ds004513/derivatives/flint/antsRegistration/r7-p20/sub-s025/Stage1_level1_Iter0069.nii.gz
2DIAGNOSTIC,    69, -7.500846151340e-01, 4.574656486511e-06, 0.0000e+00, 0.0000e+00, 
*/mnt/lustre/mathdugre/fast-interpolate/datasets/ds004513/derivatives/flint/antsRegistration/r7-p20/sub-s025/Stage1_level1_Iter0070.nii.gz
2DIAGNOSTIC,    70, -7.501424298201e-01, 3.203749656677e-06, 0.0000e+00, 0.0000e+00, 
*/mnt/lustre/mathdugre/fast-interpolate/datasets/ds004513/derivatives/flint/antsRegistration/r7-p20/sub-s025/Stage1_level1_Iter0071.nii.gz
2DIAGNOSTIC,    71, -7.501110728053e-01, 1.326203346252e-06, 0.0000e+00, 0.0000e+00, 
DIAGNOSTIC,Iteration,metricValue,convergenceValue,ITERATION_TIME_INDEX,SINCE_LAST
*/mnt/lustre/mathdugre/fast-interpolate/datasets/ds004513/derivatives/flint/antsRegistration/r7-p20/sub-s025/Stage1_level2_Iter0001.nii.gz
2DIAGNOSTIC,     1, -5.948854003542e-01, 1.797693134862e+308, 0.0000e+00, 0.0000e+00, 
*/mnt/lustre/mathdugre/fast-interpolate/datasets/ds004513/derivatives/flint/antsRegistration/r7-p20/sub-s025/Stage1_level2_Iter0002.nii.gz
2DIAGNOSTIC,     2, -5.957671528025e-01, 1.797693134862e+308, 0.0000e+00, 0.0000e+00, 
*/mnt/lustre/mathdugre/fast-interpolate/datasets/ds004513/derivatives/flint/antsRegistration/r7-p20/sub-s025/Stage1_level2_Iter0003.nii.gz
2DIAGNOSTIC,     3, -5.970144942603e-01, 1.797693134862e+308, 0.0000e+00, 0.0000e+00, 
*/mnt/lustre/mathdugre/fast-interpolate/datasets/ds004513/derivatives/flint/antsRegistration/r7-p20/sub-s025/Stage1_level2_Iter0004.nii.gz
2DIAGNOSTIC,     4, -5.985197805914e-01, 1.797693134862e+308, 0.0000e+00, 0.0000e+00, 
*/mnt/lustre/mathdugre/fast-interpolate/datasets/ds004513/derivatives/flint/antsRegistration/r7-p20/sub-s025/Stage1_level2_Iter0005.nii.gz
2DIAGNOSTIC,     5, -5.997486711189e-01, 1.797693134862e+308, 0.0000e+00, 0.0000e+00, 
*/mnt/lustre/mathdugre/fast-interpolate/datasets/ds004513/derivatives/flint/antsRegistration/r7-p20/sub-s025/Stage1_level2_Iter0006.nii.gz
2DIAGNOSTIC,     6, -6.007664819677e-01, 1.797693134862e+308, 0.0000e+00, 0.0000e+00, 
*/mnt/lustre/mathdugre/fast-interpolate/datasets/ds004513/derivatives/flint/antsRegistration/r7-p20/sub-s025/Stage1_level2_Iter0007.nii.gz
2DIAGNOSTIC,     7, -6.025692599282e-01, 1.797693134862e+308, 0.0000e+00, 0.0000e+00, 
*/mnt/lustre/mathdugre/fast-interpolate/datasets/ds004513/derivatives/flint/antsRegistration/r7-p20/sub-s025/Stage1_level2_Iter0008.nii.gz
2DIAGNOSTIC,     8, -6.116933706891e-01, 1.797693134862e+308, 0.0000e+00, 0.0000e+00, 
*/mnt/lustre/mathdugre/fast-interpolate/datasets/ds004513/derivatives/flint/antsRegistration/r7-p20/sub-s025/Stage1_level2_Iter0009.nii.gz
2DIAGNOSTIC,     9, -6.147847153161e-01, 1.797693134862e+308, 0.0000e+00, 0.0000e+00, 
*/mnt/lustre/mathdugre/fast-interpolate/datasets/ds004513/derivatives/flint/antsRegistration/r7-p20/sub-s025/Stage1_level2_Iter0010.nii.gz
2DIAGNOSTIC,    10, -6.164970520932e-01, 2.386689186096e-03, 0.0000e+00, 0.0000e+00, 
*/mnt/lustre/mathdugre/fast-interpolate/datasets/ds004513/derivatives/flint/antsRegistration/r7-p20/sub-s025/Stage1_level2_Iter0011.nii.gz
2DIAGNOSTIC,    11, -6.176537494681e-01, 2.404868602753e-03, 0.0000e+00, 0.0000e+00, 
*/mnt/lustre/mathdugre/fast-interpolate/datasets/ds004513/derivatives/flint/antsRegistration/r7-p20/sub-s025/Stage1_level2_Iter0012.nii.gz
2DIAGNOSTIC,    12, -6.184418599308e-01, 2.268731594086e-03, 0.0000e+00, 0.0000e+00, 
*/mnt/lustre/mathdugre/fast-interpolate/datasets/ds004513/derivatives/flint/antsRegistration/r7-p20/sub-s025/Stage1_level2_Iter0013.nii.gz
2DIAGNOSTIC,    13, -6.186642988456e-01, 1.996815204620e-03, 0.0000e+00, 0.0000e+00, 
*/mnt/lustre/mathdugre/fast-interpolate/datasets/ds004513/derivatives/flint/antsRegistration/r7-p20/sub-s025/Stage1_level2_Iter0014.nii.gz
2DIAGNOSTIC,    14, -6.188591339623e-01, 1.638054847717e-03, 0.0000e+00, 0.0000e+00, 
*/mnt/lustre/mathdugre/fast-interpolate/datasets/ds004513/derivatives/flint/antsRegistration/r7-p20/sub-s025/Stage1_level2_Iter0015.nii.gz
2DIAGNOSTIC,    15, -6.192504347801e-01, 1.232624053955e-03, 0.0000e+00, 0.0000e+00, 
*/mnt/lustre/mathdugre/fast-interpolate/datasets/ds004513/derivatives/flint/antsRegistration/r7-p20/sub-s025/Stage1_level2_Iter0016.nii.gz
2DIAGNOSTIC,    16, -6.194503021404e-01, 8.036494255066e-04, 0.0000e+00, 0.0000e+00, 
*/mnt/lustre/mathdugre/fast-interpolate/datasets/ds004513/derivatives/flint/antsRegistration/r7-p20/sub-s025/Stage1_level2_Iter0017.nii.gz
2DIAGNOSTIC,    17, -6.196384236499e-01, 4.009604454041e-04, 0.0000e+00, 0.0000e+00, 
*/mnt/lustre/mathdugre/fast-interpolate/datasets/ds004513/derivatives/flint/antsRegistration/r7-p20/sub-s025/Stage1_level2_Iter0018.nii.gz
2DIAGNOSTIC,    18, -6.201283291412e-01, 2.543032169342e-04, 0.0000e+00, 0.0000e+00, 
*/mnt/lustre/mathdugre/fast-interpolate/datasets/ds004513/derivatives/flint/antsRegistration/r7-p20/sub-s025/Stage1_level2_Iter0019.nii.gz
2DIAGNOSTIC,    19, -6.216259293964e-01, 2.113282680511e-04, 0.0000e+00, 0.0000e+00, 
*/mnt/lustre/mathdugre/fast-interpolate/datasets/ds004513/derivatives/flint/antsRegistration/r7-p20/sub-s025/Stage1_level2_Iter0020.nii.gz
2DIAGNOSTIC,    20, -6.216587728708e-01, 1.924633979797e-04, 0.0000e+00, 0.0000e+00, 
*/mnt/lustre/mathdugre/fast-interpolate/datasets/ds004513/derivatives/flint/antsRegistration/r7-p20/sub-s025/Stage1_level2_Iter0021.nii.gz
2DIAGNOSTIC,    21, -6.217572581318e-01, 1.854002475739e-04, 0.0000e+00, 0.0000e+00, 
*/mnt/lustre/mathdugre/fast-interpolate/datasets/ds004513/derivatives/flint/antsRegistration/r7-p20/sub-s025/Stage1_level2_Iter0022.nii.gz
2DIAGNOSTIC,    22, -6.218401053417e-01, 1.806914806366e-04, 0.0000e+00, 0.0000e+00, 
*/mnt/lustre/mathdugre/fast-interpolate/datasets/ds004513/derivatives/flint/antsRegistration/r7-p20/sub-s025/Stage1_level2_Iter0023.nii.gz
2DIAGNOSTIC,    23, -6.218785917244e-01, 1.645982265472e-04, 0.0000e+00, 0.0000e+00, 
*/mnt/lustre/mathdugre/fast-interpolate/datasets/ds004513/derivatives/flint/antsRegistration/r7-p20/sub-s025/Stage1_level2_Iter0024.nii.gz
2DIAGNOSTIC,    24, -6.218771675931e-01, 1.376867294312e-04, 0.0000e+00, 0.0000e+00, 
*/mnt/lustre/mathdugre/fast-interpolate/datasets/ds004513/derivatives/flint/antsRegistration/r7-p20/sub-s025/Stage1_level2_Iter0025.nii.gz
2DIAGNOSTIC,    25, -6.218730262715e-01, 1.073777675629e-04, 0.0000e+00, 0.0000e+00, 
*/mnt/lustre/mathdugre/fast-interpolate/datasets/ds004513/derivatives/flint/antsRegistration/r7-p20/sub-s025/Stage1_level2_Iter0026.nii.gz
2DIAGNOSTIC,    26, -6.218383035191e-01, 7.274746894836e-05, 0.0000e+00, 0.0000e+00, 
*/mnt/lustre/mathdugre/fast-interpolate/datasets/ds004513/derivatives/flint/antsRegistration/r7-p20/sub-s025/Stage1_level2_Iter0027.nii.gz
2DIAGNOSTIC,    27, -6.218311570025e-01, 3.719329833984e-05, 0.0000e+00, 0.0000e+00, 
*/mnt/lustre/mathdugre/fast-interpolate/datasets/ds004513/derivatives/flint/antsRegistration/r7-p20/sub-s025/Stage1_level2_Iter0028.nii.gz
2DIAGNOSTIC,    28, -6.218099124393e-01, 7.867813110352e-06, 0.0000e+00, 0.0000e+00, 
*/mnt/lustre/mathdugre/fast-interpolate/datasets/ds004513/derivatives/flint/antsRegistration/r7-p20/sub-s025/Stage1_level2_Iter0029.nii.gz
2DIAGNOSTIC,    29, -6.218103985967e-01, 3.874301910400e-06, 0.0000e+00, 0.0000e+00, 
DIAGNOSTIC,Iteration,metricValue,convergenceValue,ITERATION_TIME_INDEX,SINCE_LAST
*/mnt/lustre/mathdugre/fast-interpolate/datasets/ds004513/derivatives/flint/antsRegistration/r7-p20/sub-s025/Stage1_level3_Iter0001.nii.gz
2DIAGNOSTIC,     1, -5.348692413299e-01, 1.797693134862e+308, 0.0000e+00, 0.0000e+00, 
*/mnt/lustre/mathdugre/fast-interpolate/datasets/ds004513/derivatives/flint/antsRegistration/r7-p20/sub-s025/Stage1_level3_Iter0002.nii.gz
2DIAGNOSTIC,     2, -5.352514899453e-01, 1.797693134862e+308, 0.0000e+00, 0.0000e+00, 
*/mnt/lustre/mathdugre/fast-interpolate/datasets/ds004513/derivatives/flint/antsRegistration/r7-p20/sub-s025/Stage1_level3_Iter0003.nii.gz
2DIAGNOSTIC,     3, -5.354017256404e-01, 1.797693134862e+308, 0.0000e+00, 0.0000e+00, 
*/mnt/lustre/mathdugre/fast-interpolate/datasets/ds004513/derivatives/flint/antsRegistration/r7-p20/sub-s025/Stage1_level3_Iter0004.nii.gz
2DIAGNOSTIC,     4, -5.354986449480e-01, 1.797693134862e+308, 0.0000e+00, 0.0000e+00, 
*/mnt/lustre/mathdugre/fast-interpolate/datasets/ds004513/derivatives/flint/antsRegistration/r7-p20/sub-s025/Stage1_level3_Iter0005.nii.gz
2DIAGNOSTIC,     5, -5.355653832437e-01, 1.797693134862e+308, 0.0000e+00, 0.0000e+00, 
*/mnt/lustre/mathdugre/fast-interpolate/datasets/ds004513/derivatives/flint/antsRegistration/r7-p20/sub-s025/Stage1_level3_Iter0006.nii.gz
2DIAGNOSTIC,     6, -5.357832936905e-01, 1.797693134862e+308, 0.0000e+00, 0.0000e+00, 
*/mnt/lustre/mathdugre/fast-interpolate/datasets/ds004513/derivatives/flint/antsRegistration/r7-p20/sub-s025/Stage1_level3_Iter0007.nii.gz
2DIAGNOSTIC,     7, -5.357855766936e-01, 1.797693134862e+308, 0.0000e+00, 0.0000e+00, 
*/mnt/lustre/mathdugre/fast-interpolate/datasets/ds004513/derivatives/flint/antsRegistration/r7-p20/sub-s025/Stage1_level3_Iter0008.nii.gz
2DIAGNOSTIC,     8, -5.357826623562e-01, 1.797693134862e+308, 0.0000e+00, 0.0000e+00, 
*/mnt/lustre/mathdugre/fast-interpolate/datasets/ds004513/derivatives/flint/antsRegistration/r7-p20/sub-s025/Stage1_level3_Iter0009.nii.gz
2DIAGNOSTIC,     9, -5.357840860441e-01, 1.797693134862e+308, 0.0000e+00, 0.0000e+00, 
*/mnt/lustre/mathdugre/fast-interpolate/datasets/ds004513/derivatives/flint/antsRegistration/r7-p20/sub-s025/Stage1_level3_Iter0010.nii.gz
2DIAGNOSTIC,    10, -5.357800384583e-01, 9.936094284058e-05, 0.0000e+00, 0.0000e+00, 
*/mnt/lustre/mathdugre/fast-interpolate/datasets/ds004513/derivatives/flint/antsRegistration/r7-p20/sub-s025/Stage1_level3_Iter0011.nii.gz
2DIAGNOSTIC,    11, -5.357802286503e-01, 5.877017974854e-05, 0.0000e+00, 0.0000e+00, 
*/mnt/lustre/mathdugre/fast-interpolate/datasets/ds004513/derivatives/flint/antsRegistration/r7-p20/sub-s025/Stage1_level3_Iter0012.nii.gz
2DIAGNOSTIC,    12, -5.357801848666e-01, 3.695487976074e-05, 0.0000e+00, 0.0000e+00, 
*/mnt/lustre/mathdugre/fast-interpolate/datasets/ds004513/derivatives/flint/antsRegistration/r7-p20/sub-s025/Stage1_level3_Iter0013.nii.gz
2DIAGNOSTIC,    13, -5.357802467199e-01, 2.139806747437e-05, 0.0000e+00, 0.0000e+00, 
*/mnt/lustre/mathdugre/fast-interpolate/datasets/ds004513/derivatives/flint/antsRegistration/r7-p20/sub-s025/Stage1_level3_Iter0014.nii.gz
2DIAGNOSTIC,    14, -5.357801831414e-01, 1.013278961182e-05, 0.0000e+00, 0.0000e+00, 
*/mnt/lustre/mathdugre/fast-interpolate/datasets/ds004513/derivatives/flint/antsRegistration/r7-p20/sub-s025/Stage1_level3_Iter0015.nii.gz
2DIAGNOSTIC,    15, -5.357802026589e-01, 1.788139343262e-06, 0.0000e+00, 0.0000e+00, 
*/mnt/lustre/mathdugre/fast-interpolate/datasets/ds004513/derivatives/flint/antsRegistration/r7-p20/sub-s025/Stage1_level3_Iter0016.nii.gz
2DIAGNOSTIC,    16, -5.357802000534e-01, 1.728534698486e-06, 0.0000e+00, 0.0000e+00, 
*/mnt/lustre/mathdugre/fast-interpolate/datasets/ds004513/derivatives/flint/antsRegistration/r7-p20/sub-s025/Stage1_level3_Iter0017.nii.gz
2DIAGNOSTIC,    17, -5.357801919007e-01, 1.609325408936e-06, 0.0000e+00, 0.0000e+00, 
*/mnt/lustre/mathdugre/fast-interpolate/datasets/ds004513/derivatives/flint/antsRegistration/r7-p20/sub-s025/Stage1_level3_Iter0018.nii.gz
2DIAGNOSTIC,    18, -5.357801787836e-01, 1.549720764160e-06, 0.0000e+00, 0.0000e+00, 
