
##########################
# Experiment information #
##########################

EXPERIMENT_NAME: r7-p23
VFC_BACKENDS: libinterflop_vprec.so --range-binary32=7 --precision-binary32=23 --range-binary64=7 --precision-binary64=23

SIF_IMG: /mnt/lustre/mathdugre/containers/ants-vprec-no_metric.simg

SUBJECT_ID: s037
INPUT_IMG: /mnt/lustre/mathdugre/fast-interpolate/datasets/ds004513/derivatives/flint/antsBrainExtraction/sub-s037/BrainExtractionBrain.nii.gz
OUTPUT_DIR: /mnt/lustre/mathdugre/fast-interpolate/datasets/ds004513/derivatives/flint/antsRegistration/r7-p23/sub-s037

FIXED_IMG: /templateflow/tpl-MNI152NLin2009cAsym/tpl-MNI152NLin2009cAsym_res-01_desc-brain_T1w.nii.gz
DATA_DIR: /mnt/lustre/mathdugre/fast-interpolate/datasets/ds004513
TEMPLATEFLOW_DIR: /home/mathdugre/.cache/templateflow
ITK_GLOBAL_DEFAULT_NUMBER_OF_THREADS: 4
##########################

Info [verificarlo]: loaded backend libinterflop_vprec.so
Info [interflop-vprec]: load backend with: 
Info [interflop-vprec]: precision-binary32 = 23
Info [interflop-vprec]: range-binary32 = 7
Info [interflop-vprec]: precision-binary64 = 23
Info [interflop-vprec]: range-binary64 = 7
Info [interflop-vprec]: mode = ob
Info [interflop-vprec]: error-mode = rel
Info [interflop-vprec]: max-abs-error-exponent = -1022
Info [interflop-vprec]: daz = false
Info [interflop-vprec]: ftz = false
Info [interflop-vprec]: 	instrument = none
Info [interflop-vprec]: 	prec-input-file = (null)
Info [interflop-vprec]: 	prec-output-file = (null)
Info [interflop-vprec]: 	prec-log-file = (null)
All_Command_lines_OK
Using double precision for computations.
=============================================================================
The composite transform comprises the following transforms (in order): 
  1. Center of mass alignment using fixed image: /templateflow/tpl-MNI152NLin2009cAsym/tpl-MNI152NLin2009cAsym_res-01_desc-brain_T1w.nii.gz and moving image: /mnt/lustre/mathdugre/fast-interpolate/datasets/ds004513/derivatives/flint/antsBrainExtraction/sub-s037/BrainExtractionBrain.nii.gz (type = Euler3DTransform)
=============================================================================
  number of levels = 4
  number of levels = 4
  number of levels = 4
  fixed image: /templateflow/tpl-MNI152NLin2009cAsym/tpl-MNI152NLin2009cAsym_res-01_desc-brain_T1w.nii.gz
  moving image: /mnt/lustre/mathdugre/fast-interpolate/datasets/ds004513/derivatives/flint/antsBrainExtraction/sub-s037/BrainExtractionBrain.nii.gz
  fixed image: /templateflow/tpl-MNI152NLin2009cAsym/tpl-MNI152NLin2009cAsym_res-01_desc-brain_T1w.nii.gz
  moving image: /mnt/lustre/mathdugre/fast-interpolate/datasets/ds004513/derivatives/flint/antsBrainExtraction/sub-s037/BrainExtractionBrain.nii.gz
  fixed image: /templateflow/tpl-MNI152NLin2009cAsym/tpl-MNI152NLin2009cAsym_res-01_desc-brain_T1w.nii.gz
  moving image: /mnt/lustre/mathdugre/fast-interpolate/datasets/ds004513/derivatives/flint/antsBrainExtraction/sub-s037/BrainExtractionBrain.nii.gz
Dimension = 3
Number of stages = 3
Use histogram matching = false
Winsorize image intensities = true
  Lower quantile = 0.005
  Upper quantile = 0.995


Stage 1 State
   Image metric = MattesMI
     Fixed image = Image (0x506cb30)
  RTTI typeinfo:   itk::Image<double, 3u>
  Reference Count: 2
  Modified Time: 2385
  Debug: Off
  Object Name: 
  Observers: 
    none
  Source: (none)
  Source output name: (none)
  Release Data: Off
  Data Released: False
  Global Release Data: Off
  PipelineMTime: 0
  UpdateMTime: 1996
  RealTimeStamp: 0 seconds 
  LargestPossibleRegion: 
    Dimension: 3
    Index: [0, 0, 0]
    Size: [193, 229, 193]
  BufferedRegion: 
    Dimension: 3
    Index: [0, 0, 0]
    Size: [193, 229, 193]
  RequestedRegion: 
    Dimension: 3
    Index: [0, 0, 0]
    Size: [193, 229, 193]
  Spacing: [1, 1, 1]
  Origin: [96, 132, -78]
  Direction: 
-1 0 0
0 -1 0
0 0 1

  IndexToPointMatrix: 
-1 0 0
0 -1 0
0 0 1

  PointToIndexMatrix: 
-1 0 0
0 -1 0
0 0 1

  Inverse Direction: 
-1 0 0
0 -1 0
0 0 1

  PixelContainer: 
    ImportImageContainer (0x5071a10)
      RTTI typeinfo:   itk::ImportImageContainer<unsigned long, double>
      Reference Count: 1
      Modified Time: 1993
      Debug: Off
      Object Name: 
      Observers: 
        none
      Pointer: 0x7f8efd4cf010
      Container manages memory: true
      Size: 8530021
      Capacity: 8530021

     Moving image = Image (0x5068400)
  RTTI typeinfo:   itk::Image<double, 3u>
  Reference Count: 2
  Modified Time: 2386
  Debug: Off
  Object Name: 
  Observers: 
    none
  Source: (none)
  Source output name: (none)
  Release Data: Off
  Data Released: False
  Global Release Data: Off
  PipelineMTime: 0
  UpdateMTime: 2383
  RealTimeStamp: 0 seconds 
  LargestPossibleRegion: 
    Dimension: 3
    Index: [0, 0, 0]
    Size: [160, 240, 256]
  BufferedRegion: 
    Dimension: 3
    Index: [0, 0, 0]
    Size: [160, 240, 256]
  RequestedRegion: 
    Dimension: 3
    Index: [0, 0, 0]
    Size: [160, 240, 256]
  Spacing: [1, 1, 1]
  Origin: [87.9508, 102.562, -147.639]
  Direction: 
-0.998659 -0.0436121 -0.0279129
0.043595 -0.999049 0.00121847
-0.0279395 -2.65543e-08 0.99961

  IndexToPointMatrix: 
-0.998659 -0.0436121 -0.0279129
0.043595 -0.999049 0.00121847
-0.0279395 -2.65543e-08 0.99961

  PointToIndexMatrix: 
-0.998659 0.043595 -0.0279395
-0.0436121 -0.999049 5.96046e-08
-0.0279129 0.00121838 0.99961

  Inverse Direction: 
-0.998659 0.043595 -0.0279395
-0.0436121 -0.999049 5.96046e-08
-0.0279129 0.00121838 0.99961

  PixelContainer: 
    ImportImageContainer (0x523c6d0)
      RTTI typeinfo:   itk::ImportImageContainer<unsigned long, double>
      Reference Count: 1
      Modified Time: 2380
      Debug: Off
      Object Name: 
      Observers: 
        none
      Pointer: 0x7f8ef89ce010
      Container manages memory: true
      Size: 9830400
      Capacity: 9830400

     Weighting = 1
     Sampling strategy = regular
     Number of bins = 32
     Radius = 4
     Sampling percentage  = 0.25
   Transform = Rigid
     Gradient step = 0.1
     Update field sigma (voxel space) = 0
     Total field sigma (voxel space) = 0
     Update field time sigma = 0
     Total field time sigma  = 0
     Number of time indices = 0
     Number of time point samples = 0
Stage 2 State
   Image metric = MattesMI
     Fixed image = Image (0x5088ec0)
  RTTI typeinfo:   itk::Image<double, 3u>
  Reference Count: 2
  Modified Time: 3161
  Debug: Off
  Object Name: 
  Observers: 
    none
  Source: (none)
  Source output name: (none)
  Release Data: Off
  Data Released: False
  Global Release Data: Off
  PipelineMTime: 0
  UpdateMTime: 2772
  RealTimeStamp: 0 seconds 
  LargestPossibleRegion: 
    Dimension: 3
    Index: [0, 0, 0]
    Size: [193, 229, 193]
  BufferedRegion: 
    Dimension: 3
    Index: [0, 0, 0]
    Size: [193, 229, 193]
  RequestedRegion: 
    Dimension: 3
    Index: [0, 0, 0]
    Size: [193, 229, 193]
  Spacing: [1, 1, 1]
  Origin: [96, 132, -78]
  Direction: 
-1 0 0
0 -1 0
0 0 1

  IndexToPointMatrix: 
-1 0 0
0 -1 0
0 0 1

  PointToIndexMatrix: 
-1 0 0
0 -1 0
0 0 1

  Inverse Direction: 
-1 0 0
0 -1 0
0 0 1

  PixelContainer: 
    ImportImageContainer (0x5089c80)
      RTTI typeinfo:   itk::ImportImageContainer<unsigned long, double>
      Reference Count: 1
      Modified Time: 2769
      Debug: Off
      Object Name: 
      Observers: 
        none
      Pointer: 0x7f8ef48b9010
      Container manages memory: true
      Size: 8530021
      Capacity: 8530021

     Moving image = Image (0x5091690)
  RTTI typeinfo:   itk::Image<double, 3u>
  Reference Count: 2
  Modified Time: 3162
  Debug: Off
  Object Name: 
  Observers: 
    none
  Source: (none)
  Source output name: (none)
  Release Data: Off
  Data Released: False
  Global Release Data: Off
  PipelineMTime: 0
  UpdateMTime: 3159
  RealTimeStamp: 0 seconds 
  LargestPossibleRegion: 
    Dimension: 3
    Index: [0, 0, 0]
    Size: [160, 240, 256]
  BufferedRegion: 
    Dimension: 3
    Index: [0, 0, 0]
    Size: [160, 240, 256]
  RequestedRegion: 
    Dimension: 3
    Index: [0, 0, 0]
    Size: [160, 240, 256]
  Spacing: [1, 1, 1]
  Origin: [87.9508, 102.562, -147.639]
  Direction: 
-0.998659 -0.0436121 -0.0279129
0.043595 -0.999049 0.00121847
-0.0279395 -2.65543e-08 0.99961

  IndexToPointMatrix: 
-0.998659 -0.0436121 -0.0279129
0.043595 -0.999049 0.00121847
-0.0279395 -2.65543e-08 0.99961

  PointToIndexMatrix: 
-0.998659 0.043595 -0.0279395
-0.0436121 -0.999049 5.96046e-08
-0.0279129 0.00121838 0.99961

  Inverse Direction: 
-0.998659 0.043595 -0.0279395
-0.0436121 -0.999049 5.96046e-08
-0.0279129 0.00121838 0.99961

  PixelContainer: 
    ImportImageContainer (0x521c6d0)
      RTTI typeinfo:   itk::ImportImageContainer<unsigned long, double>
      Reference Count: 1
      Modified Time: 3156
      Debug: Off
      Object Name: 
      Observers: 
        none
      Pointer: 0x7f8eefdb8010
      Container manages memory: true
      Size: 9830400
      Capacity: 9830400

     Weighting = 1
     Sampling strategy = regular
     Number of bins = 32
     Radius = 4
     Sampling percentage  = 0.25
   Transform = Affine
     Gradient step = 0.1
     Update field sigma (voxel space) = 0
     Total field sigma (voxel space) = 0
     Update field time sigma = 0
     Total field time sigma  = 0
     Number of time indices = 0
     Number of time point samples = 0
Stage 3 State
   Image metric = CC
     Fixed image = Image (0x5091220)
  RTTI typeinfo:   itk::Image<double, 3u>
  Reference Count: 2
  Modified Time: 3937
  Debug: Off
  Object Name: 
  Observers: 
    none
  Source: (none)
  Source output name: (none)
  Release Data: Off
  Data Released: False
  Global Release Data: Off
  PipelineMTime: 0
  UpdateMTime: 3548
  RealTimeStamp: 0 seconds 
  LargestPossibleRegion: 
    Dimension: 3
    Index: [0, 0, 0]
    Size: [193, 229, 193]
  BufferedRegion: 
    Dimension: 3
    Index: [0, 0, 0]
    Size: [193, 229, 193]
  RequestedRegion: 
    Dimension: 3
    Index: [0, 0, 0]
    Size: [193, 229, 193]
  Spacing: [1, 1, 1]
  Origin: [96, 132, -78]
  Direction: 
-1 0 0
0 -1 0
0 0 1

  IndexToPointMatrix: 
-1 0 0
0 -1 0
0 0 1

  PointToIndexMatrix: 
-1 0 0
0 -1 0
0 0 1

  Inverse Direction: 
-1 0 0
0 -1 0
0 0 1

  PixelContainer: 
    ImportImageContainer (0x5090d40)
      RTTI typeinfo:   itk::ImportImageContainer<unsigned long, double>
      Reference Count: 1
      Modified Time: 3545
      Debug: Off
      Object Name: 
      Observers: 
        none
      Pointer: 0x7f8eebca3010
      Container manages memory: true
      Size: 8530021
      Capacity: 8530021

     Moving image = Image (0x5086a80)
  RTTI typeinfo:   itk::Image<double, 3u>
  Reference Count: 2
  Modified Time: 3938
  Debug: Off
  Object Name: 
  Observers: 
    none
  Source: (none)
  Source output name: (none)
  Release Data: Off
  Data Released: False
  Global Release Data: Off
  PipelineMTime: 0
  UpdateMTime: 3935
  RealTimeStamp: 0 seconds 
  LargestPossibleRegion: 
    Dimension: 3
    Index: [0, 0, 0]
    Size: [160, 240, 256]
  BufferedRegion: 
    Dimension: 3
    Index: [0, 0, 0]
    Size: [160, 240, 256]
  RequestedRegion: 
    Dimension: 3
    Index: [0, 0, 0]
    Size: [160, 240, 256]
  Spacing: [1, 1, 1]
  Origin: [87.9508, 102.562, -147.639]
  Direction: 
-0.998659 -0.0436121 -0.0279129
0.043595 -0.999049 0.00121847
-0.0279395 -2.65543e-08 0.99961

  IndexToPointMatrix: 
-0.998659 -0.0436121 -0.0279129
0.043595 -0.999049 0.00121847
-0.0279395 -2.65543e-08 0.99961

  PointToIndexMatrix: 
-0.998659 0.043595 -0.0279395
-0.0436121 -0.999049 5.96046e-08
-0.0279129 0.00121838 0.99961

  Inverse Direction: 
-0.998659 0.043595 -0.0279395
-0.0436121 -0.999049 5.96046e-08
-0.0279129 0.00121838 0.99961

  PixelContainer: 
    ImportImageContainer (0x525c750)
      RTTI typeinfo:   itk::ImportImageContainer<unsigned long, double>
      Reference Count: 1
      Modified Time: 3932
      Debug: Off
      Object Name: 
      Observers: 
        none
      Pointer: 0x7f8ee71a2010
      Container manages memory: true
      Size: 9830400
      Capacity: 9830400

     Weighting = 1
     Sampling strategy = none
     Number of bins = 32
     Radius = 4
     Sampling percentage  = 1
   Transform = SyN
     Gradient step = 0.1
     Update field sigma (voxel space) = 3
     Total field sigma (voxel space) = 0
     Update field time sigma = 0
     Total field time sigma  = 0
     Number of time indices = 0
     Number of time point samples = 0
Registration using 3 total stages.

Stage 0
  iterations = 1000x500x250x100
  convergence threshold = 1e-06
  convergence window size = 10
  number of levels = 4
  using the Mattes MI metric (number of bins = 32, weight = 1, use gradient filter = 0)
  preprocessing:  winsorizing the image intensities
  Shrink factors (level 1 out of 4): [8, 8, 8]
  Shrink factors (level 2 out of 4): [4, 4, 4]
  Shrink factors (level 3 out of 4): [2, 2, 2]
  Shrink factors (level 4 out of 4): [1, 1, 1]
  smoothing sigmas per level: [3, 2, 1, 0]
  regular sampling (percentage = 0.25)

*** Running Euler3DTransform registration ***

DIAGNOSTIC,Iteration,metricValue,convergenceValue,ITERATION_TIME_INDEX,SINCE_LAST
*/mnt/lustre/mathdugre/fast-interpolate/datasets/ds004513/derivatives/flint/antsRegistration/r7-p23/sub-s037/Stage1_level1_Iter0001.nii.gz
2DIAGNOSTIC,     1, -4.245058195771e-01, 1.797693134862e+308, 0.0000e+00, 0.0000e+00, 
*/mnt/lustre/mathdugre/fast-interpolate/datasets/ds004513/derivatives/flint/antsRegistration/r7-p23/sub-s037/Stage1_level1_Iter0002.nii.gz
2DIAGNOSTIC,     2, -4.258577290524e-01, 1.797693134862e+308, 0.0000e+00, 0.0000e+00, 
*/mnt/lustre/mathdugre/fast-interpolate/datasets/ds004513/derivatives/flint/antsRegistration/r7-p23/sub-s037/Stage1_level1_Iter0003.nii.gz
2DIAGNOSTIC,     3, -4.279521402159e-01, 1.797693134862e+308, 0.0000e+00, 0.0000e+00, 
*/mnt/lustre/mathdugre/fast-interpolate/datasets/ds004513/derivatives/flint/antsRegistration/r7-p23/sub-s037/Stage1_level1_Iter0004.nii.gz
2DIAGNOSTIC,     4, -4.314017732463e-01, 1.797693134862e+308, 0.0000e+00, 0.0000e+00, 
*/mnt/lustre/mathdugre/fast-interpolate/datasets/ds004513/derivatives/flint/antsRegistration/r7-p23/sub-s037/Stage1_level1_Iter0005.nii.gz
2DIAGNOSTIC,     5, -4.352048000485e-01, 1.797693134862e+308, 0.0000e+00, 0.0000e+00, 
*/mnt/lustre/mathdugre/fast-interpolate/datasets/ds004513/derivatives/flint/antsRegistration/r7-p23/sub-s037/Stage1_level1_Iter0006.nii.gz
2DIAGNOSTIC,     6, -4.373727044197e-01, 1.797693134862e+308, 0.0000e+00, 0.0000e+00, 
*/mnt/lustre/mathdugre/fast-interpolate/datasets/ds004513/derivatives/flint/antsRegistration/r7-p23/sub-s037/Stage1_level1_Iter0007.nii.gz
2DIAGNOSTIC,     7, -4.410133629061e-01, 1.797693134862e+308, 0.0000e+00, 0.0000e+00, 
*/mnt/lustre/mathdugre/fast-interpolate/datasets/ds004513/derivatives/flint/antsRegistration/r7-p23/sub-s037/Stage1_level1_Iter0008.nii.gz
2DIAGNOSTIC,     8, -4.598626028709e-01, 1.797693134862e+308, 0.0000e+00, 0.0000e+00, 
*/mnt/lustre/mathdugre/fast-interpolate/datasets/ds004513/derivatives/flint/antsRegistration/r7-p23/sub-s037/Stage1_level1_Iter0009.nii.gz
2DIAGNOSTIC,     9, -4.689979529544e-01, 1.797693134862e+308, 0.0000e+00, 0.0000e+00, 
*/mnt/lustre/mathdugre/fast-interpolate/datasets/ds004513/derivatives/flint/antsRegistration/r7-p23/sub-s037/Stage1_level1_Iter0010.nii.gz
2DIAGNOSTIC,    10, -4.726236708314e-01, 7.264927029610e-03, 0.0000e+00, 0.0000e+00, 
*/mnt/lustre/mathdugre/fast-interpolate/datasets/ds004513/derivatives/flint/antsRegistration/r7-p23/sub-s037/Stage1_level1_Iter0011.nii.gz
2DIAGNOSTIC,    11, -4.760837016167e-01, 7.411971688271e-03, 0.0000e+00, 0.0000e+00, 
*/mnt/lustre/mathdugre/fast-interpolate/datasets/ds004513/derivatives/flint/antsRegistration/r7-p23/sub-s037/Stage1_level1_Iter0012.nii.gz
2DIAGNOSTIC,    12, -4.767547564545e-01, 6.978295743465e-03, 0.0000e+00, 0.0000e+00, 
*/mnt/lustre/mathdugre/fast-interpolate/datasets/ds004513/derivatives/flint/antsRegistration/r7-p23/sub-s037/Stage1_level1_Iter0013.nii.gz
2DIAGNOSTIC,    13, -4.772760540497e-01, 6.100282073021e-03, 0.0000e+00, 0.0000e+00, 
*/mnt/lustre/mathdugre/fast-interpolate/datasets/ds004513/derivatives/flint/antsRegistration/r7-p23/sub-s037/Stage1_level1_Iter0014.nii.gz
2DIAGNOSTIC,    14, -4.776448724957e-01, 4.964701831341e-03, 0.0000e+00, 0.0000e+00, 
*/mnt/lustre/mathdugre/fast-interpolate/datasets/ds004513/derivatives/flint/antsRegistration/r7-p23/sub-s037/Stage1_level1_Iter0015.nii.gz
2DIAGNOSTIC,    15, -4.779881317083e-01, 3.717727959156e-03, 0.0000e+00, 0.0000e+00, 
*/mnt/lustre/mathdugre/fast-interpolate/datasets/ds004513/derivatives/flint/antsRegistration/r7-p23/sub-s037/Stage1_level1_Iter0016.nii.gz
2DIAGNOSTIC,    16, -4.782233566856e-01, 2.396143972874e-03, 0.0000e+00, 0.0000e+00, 
*/mnt/lustre/mathdugre/fast-interpolate/datasets/ds004513/derivatives/flint/antsRegistration/r7-p23/sub-s037/Stage1_level1_Iter0017.nii.gz
2DIAGNOSTIC,    17, -4.784191138452e-01, 1.143492758274e-03, 0.0000e+00, 0.0000e+00, 
*/mnt/lustre/mathdugre/fast-interpolate/datasets/ds004513/derivatives/flint/antsRegistration/r7-p23/sub-s037/Stage1_level1_Iter0018.nii.gz
2DIAGNOSTIC,    18, -4.785258889126e-01, 5.784668028355e-04, 0.0000e+00, 0.0000e+00, 
*/mnt/lustre/mathdugre/fast-interpolate/datasets/ds004513/derivatives/flint/antsRegistration/r7-p23/sub-s037/Stage1_level1_Iter0019.nii.gz
2DIAGNOSTIC,    19, -4.786736918906e-01, 3.226585686207e-04, 0.0000e+00, 0.0000e+00, 
*/mnt/lustre/mathdugre/fast-interpolate/datasets/ds004513/derivatives/flint/antsRegistration/r7-p23/sub-s037/Stage1_level1_Iter0020.nii.gz
2DIAGNOSTIC,    20, -4.788974512976e-01, 1.797750592232e-04, 0.0000e+00, 0.0000e+00, 
*/mnt/lustre/mathdugre/fast-interpolate/datasets/ds004513/derivatives/flint/antsRegistration/r7-p23/sub-s037/Stage1_level1_Iter0021.nii.gz
2DIAGNOSTIC,    21, -4.790322994994e-01, 1.395270228386e-04, 0.0000e+00, 0.0000e+00, 
*/mnt/lustre/mathdugre/fast-interpolate/datasets/ds004513/derivatives/flint/antsRegistration/r7-p23/sub-s037/Stage1_level1_Iter0022.nii.gz
2DIAGNOSTIC,    22, -4.791793953900e-01, 1.128651201725e-04, 0.0000e+00, 0.0000e+00, 
*/mnt/lustre/mathdugre/fast-interpolate/datasets/ds004513/derivatives/flint/antsRegistration/r7-p23/sub-s037/Stage1_level1_Iter0023.nii.gz
2DIAGNOSTIC,    23, -4.793136715561e-01, 9.559094905853e-05, 0.0000e+00, 0.0000e+00, 
*/mnt/lustre/mathdugre/fast-interpolate/datasets/ds004513/derivatives/flint/antsRegistration/r7-p23/sub-s037/Stage1_level1_Iter0024.nii.gz
2DIAGNOSTIC,    24, -4.794810297185e-01, 8.449703454971e-05, 0.0000e+00, 0.0000e+00, 
*/mnt/lustre/mathdugre/fast-interpolate/datasets/ds004513/derivatives/flint/antsRegistration/r7-p23/sub-s037/Stage1_level1_Iter0025.nii.gz
2DIAGNOSTIC,    25, -4.795946821578e-01, 7.752329111099e-05, 0.0000e+00, 0.0000e+00, 
*/mnt/lustre/mathdugre/fast-interpolate/datasets/ds004513/derivatives/flint/antsRegistration/r7-p23/sub-s037/Stage1_level1_Iter0026.nii.gz
2DIAGNOSTIC,    26, -4.799402920916e-01, 7.750466465950e-05, 0.0000e+00, 0.0000e+00, 
*/mnt/lustre/mathdugre/fast-interpolate/datasets/ds004513/derivatives/flint/antsRegistration/r7-p23/sub-s037/Stage1_level1_Iter0027.nii.gz
2DIAGNOSTIC,    27, -4.802813902747e-01, 8.229911327362e-05, 0.0000e+00, 0.0000e+00, 
*/mnt/lustre/mathdugre/fast-interpolate/datasets/ds004513/derivatives/flint/antsRegistration/r7-p23/sub-s037/Stage1_level1_Iter0028.nii.gz
2DIAGNOSTIC,    28, -4.803767403749e-01, 8.335709571838e-05, 0.0000e+00, 0.0000e+00, 
*/mnt/lustre/mathdugre/fast-interpolate/datasets/ds004513/derivatives/flint/antsRegistration/r7-p23/sub-s037/Stage1_level1_Iter0029.nii.gz
2DIAGNOSTIC,    29, -4.804776742974e-01, 8.184090256691e-05, 0.0000e+00, 0.0000e+00, 
*/mnt/lustre/mathdugre/fast-interpolate/datasets/ds004513/derivatives/flint/antsRegistration/r7-p23/sub-s037/Stage1_level1_Iter0030.nii.gz
2DIAGNOSTIC,    30, -4.808033766016e-01, 8.394941687584e-05, 0.0000e+00, 0.0000e+00, 
*/mnt/lustre/mathdugre/fast-interpolate/datasets/ds004513/derivatives/flint/antsRegistration/r7-p23/sub-s037/Stage1_level1_Iter0031.nii.gz
2DIAGNOSTIC,    31, -4.809188542888e-01, 8.273124694824e-05, 0.0000e+00, 0.0000e+00, 
*/mnt/lustre/mathdugre/fast-interpolate/datasets/ds004513/derivatives/flint/antsRegistration/r7-p23/sub-s037/Stage1_level1_Iter0032.nii.gz
2DIAGNOSTIC,    32, -4.810220868798e-01, 7.850676774979e-05, 0.0000e+00, 0.0000e+00, 
*/mnt/lustre/mathdugre/fast-interpolate/datasets/ds004513/derivatives/flint/antsRegistration/r7-p23/sub-s037/Stage1_level1_Iter0033.nii.gz
2DIAGNOSTIC,    33, -4.814750728882e-01, 7.806345820427e-05, 0.0000e+00, 0.0000e+00, 
*/mnt/lustre/mathdugre/fast-interpolate/datasets/ds004513/derivatives/flint/antsRegistration/r7-p23/sub-s037/Stage1_level1_Iter0034.nii.gz
2DIAGNOSTIC,    34, -4.818019520424e-01, 7.902830839157e-05, 0.0000e+00, 0.0000e+00, 
*/mnt/lustre/mathdugre/fast-interpolate/datasets/ds004513/derivatives/flint/antsRegistration/r7-p23/sub-s037/Stage1_level1_Iter0035.nii.gz
2DIAGNOSTIC,    35, -4.818404705781e-01, 7.494352757931e-05, 0.0000e+00, 0.0000e+00, 
*/mnt/lustre/mathdugre/fast-interpolate/datasets/ds004513/derivatives/flint/antsRegistration/r7-p23/sub-s037/Stage1_level1_Iter0036.nii.gz
2DIAGNOSTIC,    36, -4.818638258659e-01, 7.025897502899e-05, 0.0000e+00, 0.0000e+00, 
*/mnt/lustre/mathdugre/fast-interpolate/datasets/ds004513/derivatives/flint/antsRegistration/r7-p23/sub-s037/Stage1_level1_Iter0037.nii.gz
2DIAGNOSTIC,    37, -4.819377122692e-01, 6.610713899136e-05, 0.0000e+00, 0.0000e+00, 
*/mnt/lustre/mathdugre/fast-interpolate/datasets/ds004513/derivatives/flint/antsRegistration/r7-p23/sub-s037/Stage1_level1_Iter0038.nii.gz
2DIAGNOSTIC,    38, -4.819895260345e-01, 5.820021033287e-05, 0.0000e+00, 0.0000e+00, 
*/mnt/lustre/mathdugre/fast-interpolate/datasets/ds004513/derivatives/flint/antsRegistration/r7-p23/sub-s037/Stage1_level1_Iter0039.nii.gz
2DIAGNOSTIC,    39, -4.820129888307e-01, 4.695914685726e-05, 0.0000e+00, 0.0000e+00, 
*/mnt/lustre/mathdugre/fast-interpolate/datasets/ds004513/derivatives/flint/antsRegistration/r7-p23/sub-s037/Stage1_level1_Iter0040.nii.gz
2DIAGNOSTIC,    40, -4.820156629184e-01, 3.692135214806e-05, 0.0000e+00, 0.0000e+00, 
*/mnt/lustre/mathdugre/fast-interpolate/datasets/ds004513/derivatives/flint/antsRegistration/r7-p23/sub-s037/Stage1_level1_Iter0041.nii.gz
2DIAGNOSTIC,    41, -4.820186325099e-01, 2.580694854259e-05, 0.0000e+00, 0.0000e+00, 
*/mnt/lustre/mathdugre/fast-interpolate/datasets/ds004513/derivatives/flint/antsRegistration/r7-p23/sub-s037/Stage1_level1_Iter0042.nii.gz
2DIAGNOSTIC,    42, -4.820278003837e-01, 1.432374119759e-05, 0.0000e+00, 0.0000e+00, 
*/mnt/lustre/mathdugre/fast-interpolate/datasets/ds004513/derivatives/flint/antsRegistration/r7-p23/sub-s037/Stage1_level1_Iter0043.nii.gz
2DIAGNOSTIC,    43, -4.820323746810e-01, 8.374452590942e-06, 0.0000e+00, 0.0000e+00, 
*/mnt/lustre/mathdugre/fast-interpolate/datasets/ds004513/derivatives/flint/antsRegistration/r7-p23/sub-s037/Stage1_level1_Iter0044.nii.gz
2DIAGNOSTIC,    44, -4.820337248206e-01, 6.463378667831e-06, 0.0000e+00, 0.0000e+00, 
*/mnt/lustre/mathdugre/fast-interpolate/datasets/ds004513/derivatives/flint/antsRegistration/r7-p23/sub-s037/Stage1_level1_Iter0045.nii.gz
2DIAGNOSTIC,    45, -4.820373718014e-01, 4.671514034271e-06, 0.0000e+00, 0.0000e+00, 
*/mnt/lustre/mathdugre/fast-interpolate/datasets/ds004513/derivatives/flint/antsRegistration/r7-p23/sub-s037/Stage1_level1_Iter0046.nii.gz
2DIAGNOSTIC,    46, -4.820495453970e-01, 3.030523657799e-06, 0.0000e+00, 0.0000e+00, 
*/mnt/lustre/mathdugre/fast-interpolate/datasets/ds004513/derivatives/flint/antsRegistration/r7-p23/sub-s037/Stage1_level1_Iter0047.nii.gz
2DIAGNOSTIC,    47, -4.820739833834e-01, 2.477318048477e-06, 0.0000e+00, 0.0000e+00, 
*/mnt/lustre/mathdugre/fast-interpolate/datasets/ds004513/derivatives/flint/antsRegistration/r7-p23/sub-s037/Stage1_level1_Iter0048.nii.gz
2DIAGNOSTIC,    48, -4.821056551702e-01, 2.805143594742e-06, 0.0000e+00, 0.0000e+00, 
*/mnt/lustre/mathdugre/fast-interpolate/datasets/ds004513/derivatives/flint/antsRegistration/r7-p23/sub-s037/Stage1_level1_Iter0049.nii.gz
2DIAGNOSTIC,    49, -4.821253044318e-01, 3.440305590630e-06, 0.0000e+00, 0.0000e+00, 
*/mnt/lustre/mathdugre/fast-interpolate/datasets/ds004513/derivatives/flint/antsRegistration/r7-p23/sub-s037/Stage1_level1_Iter0050.nii.gz
2DIAGNOSTIC,    50, -4.821460014720e-01, 4.073604941368e-06, 0.0000e+00, 0.0000e+00, 
*/mnt/lustre/mathdugre/fast-interpolate/datasets/ds004513/derivatives/flint/antsRegistration/r7-p23/sub-s037/Stage1_level1_Iter0051.nii.gz
2DIAGNOSTIC,    51, -4.821941750244e-01, 4.945322871208e-06, 0.0000e+00, 0.0000e+00, 
*/mnt/lustre/mathdugre/fast-interpolate/datasets/ds004513/derivatives/flint/antsRegistration/r7-p23/sub-s037/Stage1_level1_Iter0052.nii.gz
2DIAGNOSTIC,    52, -4.822530025531e-01, 6.139278411865e-06, 0.0000e+00, 0.0000e+00, 
*/mnt/lustre/mathdugre/fast-interpolate/datasets/ds004513/derivatives/flint/antsRegistration/r7-p23/sub-s037/Stage1_level1_Iter0053.nii.gz
2DIAGNOSTIC,    53, -4.823038565305e-01, 7.374212145805e-06, 0.0000e+00, 0.0000e+00, 
*/mnt/lustre/mathdugre/fast-interpolate/datasets/ds004513/derivatives/flint/antsRegistration/r7-p23/sub-s037/Stage1_level1_Iter0054.nii.gz
2DIAGNOSTIC,    54, -4.823669617080e-01, 8.625909686089e-06, 0.0000e+00, 0.0000e+00, 
*/mnt/lustre/mathdugre/fast-interpolate/datasets/ds004513/derivatives/flint/antsRegistration/r7-p23/sub-s037/Stage1_level1_Iter0055.nii.gz
2DIAGNOSTIC,    55, -4.824571747663e-01, 1.008622348309e-05, 0.0000e+00, 0.0000e+00, 
*/mnt/lustre/mathdugre/fast-interpolate/datasets/ds004513/derivatives/flint/antsRegistration/r7-p23/sub-s037/Stage1_level1_Iter0056.nii.gz
2DIAGNOSTIC,    56, -4.827082411052e-01, 1.337006688118e-05, 0.0000e+00, 0.0000e+00, 
*/mnt/lustre/mathdugre/fast-interpolate/datasets/ds004513/derivatives/flint/antsRegistration/r7-p23/sub-s037/Stage1_level1_Iter0057.nii.gz
2DIAGNOSTIC,    57, -4.853287611744e-01, 4.306435585022e-05, 0.0000e+00, 0.0000e+00, 
*/mnt/lustre/mathdugre/fast-interpolate/datasets/ds004513/derivatives/flint/antsRegistration/r7-p23/sub-s037/Stage1_level1_Iter0058.nii.gz
2DIAGNOSTIC,    58, -4.954082215450e-01, 1.713018864393e-04, 0.0000e+00, 0.0000e+00, 
*/mnt/lustre/mathdugre/fast-interpolate/datasets/ds004513/derivatives/flint/antsRegistration/r7-p23/sub-s037/Stage1_level1_Iter0059.nii.gz
2DIAGNOSTIC,    59, -5.160866154993e-01, 4.856791347265e-04, 0.0000e+00, 0.0000e+00, 
*/mnt/lustre/mathdugre/fast-interpolate/datasets/ds004513/derivatives/flint/antsRegistration/r7-p23/sub-s037/Stage1_level1_Iter0060.nii.gz
2DIAGNOSTIC,    60, -5.237246155625e-01, 8.138474076986e-04, 0.0000e+00, 0.0000e+00, 
*/mnt/lustre/mathdugre/fast-interpolate/datasets/ds004513/derivatives/flint/antsRegistration/r7-p23/sub-s037/Stage1_level1_Iter0061.nii.gz
2DIAGNOSTIC,    61, -5.290091579106e-01, 1.105761155486e-03, 0.0000e+00, 0.0000e+00, 
*/mnt/lustre/mathdugre/fast-interpolate/datasets/ds004513/derivatives/flint/antsRegistration/r7-p23/sub-s037/Stage1_level1_Iter0062.nii.gz
2DIAGNOSTIC,    62, -5.313739753887e-01, 1.306101679802e-03, 0.0000e+00, 0.0000e+00, 
*/mnt/lustre/mathdugre/fast-interpolate/datasets/ds004513/derivatives/flint/antsRegistration/r7-p23/sub-s037/Stage1_level1_Iter0063.nii.gz
2DIAGNOSTIC,    63, -5.329572389200e-01, 1.388000324368e-03, 0.0000e+00, 0.0000e+00, 
*/mnt/lustre/mathdugre/fast-interpolate/datasets/ds004513/derivatives/flint/antsRegistration/r7-p23/sub-s037/Stage1_level1_Iter0064.nii.gz
2DIAGNOSTIC,    64, -5.357889681428e-01, 1.357585191727e-03, 0.0000e+00, 0.0000e+00, 
*/mnt/lustre/mathdugre/fast-interpolate/datasets/ds004513/derivatives/flint/antsRegistration/r7-p23/sub-s037/Stage1_level1_Iter0065.nii.gz
2DIAGNOSTIC,    65, -5.370657127645e-01, 1.209590584040e-03, 0.0000e+00, 0.0000e+00, 
*/mnt/lustre/mathdugre/fast-interpolate/datasets/ds004513/derivatives/flint/antsRegistration/r7-p23/sub-s037/Stage1_level1_Iter0066.nii.gz
2DIAGNOSTIC,    66, -5.389470317569e-01, 9.718723595142e-04, 0.0000e+00, 0.0000e+00, 
*/mnt/lustre/mathdugre/fast-interpolate/datasets/ds004513/derivatives/flint/antsRegistration/r7-p23/sub-s037/Stage1_level1_Iter0067.nii.gz
2DIAGNOSTIC,    67, -5.390894550935e-01, 6.732102483511e-04, 0.0000e+00, 0.0000e+00, 
*/mnt/lustre/mathdugre/fast-interpolate/datasets/ds004513/derivatives/flint/antsRegistration/r7-p23/sub-s037/Stage1_level1_Iter0068.nii.gz
2DIAGNOSTIC,    68, -5.390159943166e-01, 4.025865346193e-04, 0.0000e+00, 0.0000e+00, 
*/mnt/lustre/mathdugre/fast-interpolate/datasets/ds004513/derivatives/flint/antsRegistration/r7-p23/sub-s037/Stage1_level1_Iter0069.nii.gz
2DIAGNOSTIC,    69, -5.389619415793e-01, 2.764388918877e-04, 0.0000e+00, 0.0000e+00, 
*/mnt/lustre/mathdugre/fast-interpolate/datasets/ds004513/derivatives/flint/antsRegistration/r7-p23/sub-s037/Stage1_level1_Iter0070.nii.gz
2DIAGNOSTIC,    70, -5.393238533934e-01, 1.936554908752e-04, 0.0000e+00, 0.0000e+00, 
*/mnt/lustre/mathdugre/fast-interpolate/datasets/ds004513/derivatives/flint/antsRegistration/r7-p23/sub-s037/Stage1_level1_Iter0071.nii.gz
2DIAGNOSTIC,    71, -5.397455791727e-01, 1.415088772774e-04, 0.0000e+00, 0.0000e+00, 
*/mnt/lustre/mathdugre/fast-interpolate/datasets/ds004513/derivatives/flint/antsRegistration/r7-p23/sub-s037/Stage1_level1_Iter0072.nii.gz
2DIAGNOSTIC,    72, -5.396102302420e-01, 9.543076157570e-05, 0.0000e+00, 0.0000e+00, 
*/mnt/lustre/mathdugre/fast-interpolate/datasets/ds004513/derivatives/flint/antsRegistration/r7-p23/sub-s037/Stage1_level1_Iter0073.nii.gz
2DIAGNOSTIC,    73, -5.397332960840e-01, 5.509518086910e-05, 0.0000e+00, 0.0000e+00, 
*/mnt/lustre/mathdugre/fast-interpolate/datasets/ds004513/derivatives/flint/antsRegistration/r7-p23/sub-s037/Stage1_level1_Iter0074.nii.gz
2DIAGNOSTIC,    74, -5.401420790048e-01, 3.615953028202e-05, 0.0000e+00, 0.0000e+00, 
*/mnt/lustre/mathdugre/fast-interpolate/datasets/ds004513/derivatives/flint/antsRegistration/r7-p23/sub-s037/Stage1_level1_Iter0075.nii.gz
2DIAGNOSTIC,    75, -5.402377700715e-01, 2.442486584187e-05, 0.0000e+00, 0.0000e+00, 
*/mnt/lustre/mathdugre/fast-interpolate/datasets/ds004513/derivatives/flint/antsRegistration/r7-p23/sub-s037/Stage1_level1_Iter0076.nii.gz
2DIAGNOSTIC,    76, -5.402601950180e-01, 2.520903944969e-05, 0.0000e+00, 0.0000e+00, 
*/mnt/lustre/mathdugre/fast-interpolate/datasets/ds004513/derivatives/flint/antsRegistration/r7-p23/sub-s037/Stage1_level1_Iter0077.nii.gz
2DIAGNOSTIC,    77, -5.403707764314e-01, 2.560857683420e-05, 0.0000e+00, 0.0000e+00, 
*/mnt/lustre/mathdugre/fast-interpolate/datasets/ds004513/derivatives/flint/antsRegistration/r7-p23/sub-s037/Stage1_level1_Iter0078.nii.gz
2DIAGNOSTIC,    78, -5.404453203642e-01, 2.363603562117e-05, 0.0000e+00, 0.0000e+00, 
*/mnt/lustre/mathdugre/fast-interpolate/datasets/ds004513/derivatives/flint/antsRegistration/r7-p23/sub-s037/Stage1_level1_Iter0079.nii.gz
2DIAGNOSTIC,    79, -5.406745813775e-01, 2.065673470497e-05, 0.0000e+00, 0.0000e+00, 
*/mnt/lustre/mathdugre/fast-interpolate/datasets/ds004513/derivatives/flint/antsRegistration/r7-p23/sub-s037/Stage1_level1_Iter0080.nii.gz
2DIAGNOSTIC,    80, -5.407154162323e-01, 1.858081668615e-05, 0.0000e+00, 0.0000e+00, 
*/mnt/lustre/mathdugre/fast-interpolate/datasets/ds004513/derivatives/flint/antsRegistration/r7-p23/sub-s037/Stage1_level1_Iter0081.nii.gz
2DIAGNOSTIC,    81, -5.408101024800e-01, 1.859292387962e-05, 0.0000e+00, 0.0000e+00, 
*/mnt/lustre/mathdugre/fast-interpolate/datasets/ds004513/derivatives/flint/antsRegistration/r7-p23/sub-s037/Stage1_level1_Iter0082.nii.gz
2DIAGNOSTIC,    82, -5.410922179415e-01, 1.789536327124e-05, 0.0000e+00, 0.0000e+00, 
*/mnt/lustre/mathdugre/fast-interpolate/datasets/ds004513/derivatives/flint/antsRegistration/r7-p23/sub-s037/Stage1_level1_Iter0083.nii.gz
2DIAGNOSTIC,    83, -5.428416872504e-01, 2.840254455805e-05, 0.0000e+00, 0.0000e+00, 
*/mnt/lustre/mathdugre/fast-interpolate/datasets/ds004513/derivatives/flint/antsRegistration/r7-p23/sub-s037/Stage1_level1_Iter0084.nii.gz
2DIAGNOSTIC,    84, -5.627060898619e-01, 1.743854954839e-04, 0.0000e+00, 0.0000e+00, 
*/mnt/lustre/mathdugre/fast-interpolate/datasets/ds004513/derivatives/flint/antsRegistration/r7-p23/sub-s037/Stage1_level1_Iter0085.nii.gz
2DIAGNOSTIC,    85, -5.673567029069e-01, 3.280388191342e-04, 0.0000e+00, 0.0000e+00, 
*/mnt/lustre/mathdugre/fast-interpolate/datasets/ds004513/derivatives/flint/antsRegistration/r7-p23/sub-s037/Stage1_level1_Iter0086.nii.gz
2DIAGNOSTIC,    86, -5.679184655371e-01, 4.507638514042e-04, 0.0000e+00, 0.0000e+00, 
*/mnt/lustre/mathdugre/fast-interpolate/datasets/ds004513/derivatives/flint/antsRegistration/r7-p23/sub-s037/Stage1_level1_Iter0087.nii.gz
2DIAGNOSTIC,    87, -5.687546430095e-01, 5.353288725019e-04, 0.0000e+00, 0.0000e+00, 
*/mnt/lustre/mathdugre/fast-interpolate/datasets/ds004513/derivatives/flint/antsRegistration/r7-p23/sub-s037/Stage1_level1_Iter0088.nii.gz
2DIAGNOSTIC,    88, -5.695084232917e-01, 5.710897967219e-04, 0.0000e+00, 0.0000e+00, 
*/mnt/lustre/mathdugre/fast-interpolate/datasets/ds004513/derivatives/flint/antsRegistration/r7-p23/sub-s037/Stage1_level1_Iter0089.nii.gz
2DIAGNOSTIC,    89, -5.706283446859e-01, 5.571730434895e-04, 0.0000e+00, 0.0000e+00, 
*/mnt/lustre/mathdugre/fast-interpolate/datasets/ds004513/derivatives/flint/antsRegistration/r7-p23/sub-s037/Stage1_level1_Iter0090.nii.gz
2DIAGNOSTIC,    90, -5.719554025116e-01, 4.976261407137e-04, 0.0000e+00, 0.0000e+00, 
*/mnt/lustre/mathdugre/fast-interpolate/datasets/ds004513/derivatives/flint/antsRegistration/r7-p23/sub-s037/Stage1_level1_Iter0091.nii.gz
2DIAGNOSTIC,    91, -5.719603817655e-01, 3.940137103200e-04, 0.0000e+00, 0.0000e+00, 
*/mnt/lustre/mathdugre/fast-interpolate/datasets/ds004513/derivatives/flint/antsRegistration/r7-p23/sub-s037/Stage1_level1_Iter0092.nii.gz
2DIAGNOSTIC,    92, -5.720526122636e-01, 2.589905634522e-04, 0.0000e+00, 0.0000e+00, 
*/mnt/lustre/mathdugre/fast-interpolate/datasets/ds004513/derivatives/flint/antsRegistration/r7-p23/sub-s037/Stage1_level1_Iter0093.nii.gz
2DIAGNOSTIC,    93, -5.721463572417e-01, 1.104474067688e-04, 0.0000e+00, 0.0000e+00, 
*/mnt/lustre/mathdugre/fast-interpolate/datasets/ds004513/derivatives/flint/antsRegistration/r7-p23/sub-s037/Stage1_level1_Iter0094.nii.gz
2DIAGNOSTIC,    94, -5.722063806566e-01, 7.396657019854e-05, 0.0000e+00, 0.0000e+00, 
*/mnt/lustre/mathdugre/fast-interpolate/datasets/ds004513/derivatives/flint/antsRegistration/r7-p23/sub-s037/Stage1_level1_Iter0095.nii.gz
2DIAGNOSTIC,    95, -5.722004641837e-01, 5.876179784536e-05, 0.0000e+00, 0.0000e+00, 
*/mnt/lustre/mathdugre/fast-interpolate/datasets/ds004513/derivatives/flint/antsRegistration/r7-p23/sub-s037/Stage1_level1_Iter0096.nii.gz
2DIAGNOSTIC,    96, -5.723202561848e-01, 4.228483885527e-05, 0.0000e+00, 0.0000e+00, 
*/mnt/lustre/mathdugre/fast-interpolate/datasets/ds004513/derivatives/flint/antsRegistration/r7-p23/sub-s037/Stage1_level1_Iter0097.nii.gz
2DIAGNOSTIC,    97, -5.725556169731e-01, 2.841278910637e-05, 0.0000e+00, 0.0000e+00, 
*/mnt/lustre/mathdugre/fast-interpolate/datasets/ds004513/derivatives/flint/antsRegistration/r7-p23/sub-s037/Stage1_level1_Iter0098.nii.gz
2DIAGNOSTIC,    98, -5.730036468621e-01, 1.892074942589e-05, 0.0000e+00, 0.0000e+00, 
*/mnt/lustre/mathdugre/fast-interpolate/datasets/ds004513/derivatives/flint/antsRegistration/r7-p23/sub-s037/Stage1_level1_Iter0099.nii.gz
2DIAGNOSTIC,    99, -5.748407614253e-01, 2.437178045511e-05, 0.0000e+00, 0.0000e+00, 
*/mnt/lustre/mathdugre/fast-interpolate/datasets/ds004513/derivatives/flint/antsRegistration/r7-p23/sub-s037/Stage1_level1_Iter0100.nii.gz
2DIAGNOSTIC,   100, -5.748838794316e-01, 3.483518958092e-05, 0.0000e+00, 0.0000e+00, 
*/mnt/lustre/mathdugre/fast-interpolate/datasets/ds004513/derivatives/flint/antsRegistration/r7-p23/sub-s037/Stage1_level1_Iter0101.nii.gz
2DIAGNOSTIC,   101, -5.749255542327e-01, 4.212465137243e-05, 0.0000e+00, 0.0000e+00, 
*/mnt/lustre/mathdugre/fast-interpolate/datasets/ds004513/derivatives/flint/antsRegistration/r7-p23/sub-s037/Stage1_level1_Iter0102.nii.gz
2DIAGNOSTIC,   102, -5.749923045662e-01, 4.620105028152e-05, 0.0000e+00, 0.0000e+00, 
*/mnt/lustre/mathdugre/fast-interpolate/datasets/ds004513/derivatives/flint/antsRegistration/r7-p23/sub-s037/Stage1_level1_Iter0103.nii.gz
2DIAGNOSTIC,   103, -5.752221304782e-01, 4.741828888655e-05, 0.0000e+00, 0.0000e+00, 
*/mnt/lustre/mathdugre/fast-interpolate/datasets/ds004513/derivatives/flint/antsRegistration/r7-p23/sub-s037/Stage1_level1_Iter0104.nii.gz
2DIAGNOSTIC,   104, -5.753430153836e-01, 4.485528916121e-05, 0.0000e+00, 0.0000e+00, 
*/mnt/lustre/mathdugre/fast-interpolate/datasets/ds004513/derivatives/flint/antsRegistration/r7-p23/sub-s037/Stage1_level1_Iter0105.nii.gz
2DIAGNOSTIC,   105, -5.753853985001e-01, 3.823265433311e-05, 0.0000e+00, 0.0000e+00, 
*/mnt/lustre/mathdugre/fast-interpolate/datasets/ds004513/derivatives/flint/antsRegistration/r7-p23/sub-s037/Stage1_level1_Iter0106.nii.gz
2DIAGNOSTIC,   106, -5.753947961423e-01, 2.892408519983e-05, 0.0000e+00, 0.0000e+00, 
*/mnt/lustre/mathdugre/fast-interpolate/datasets/ds004513/derivatives/flint/antsRegistration/r7-p23/sub-s037/Stage1_level1_Iter0107.nii.gz
2DIAGNOSTIC,   107, -5.754264087110e-01, 1.848675310612e-05, 0.0000e+00, 0.0000e+00, 
*/mnt/lustre/mathdugre/fast-interpolate/datasets/ds004513/derivatives/flint/antsRegistration/r7-p23/sub-s037/Stage1_level1_Iter0108.nii.gz
2DIAGNOSTIC,   108, -5.754746048843e-01, 8.769333362579e-06, 0.0000e+00, 0.0000e+00, 
*/mnt/lustre/mathdugre/fast-interpolate/datasets/ds004513/derivatives/flint/antsRegistration/r7-p23/sub-s037/Stage1_level1_Iter0109.nii.gz
2DIAGNOSTIC,   109, -5.754807271477e-01, 7.806345820427e-06, 0.0000e+00, 0.0000e+00, 
*/mnt/lustre/mathdugre/fast-interpolate/datasets/ds004513/derivatives/flint/antsRegistration/r7-p23/sub-s037/Stage1_level1_Iter0110.nii.gz
2DIAGNOSTIC,   110, -5.755014264522e-01, 6.473623216152e-06, 0.0000e+00, 0.0000e+00, 
*/mnt/lustre/mathdugre/fast-interpolate/datasets/ds004513/derivatives/flint/antsRegistration/r7-p23/sub-s037/Stage1_level1_Iter0111.nii.gz
2DIAGNOSTIC,   111, -5.756644781133e-01, 5.607493221760e-06, 0.0000e+00, 0.0000e+00, 
*/mnt/lustre/mathdugre/fast-interpolate/datasets/ds004513/derivatives/flint/antsRegistration/r7-p23/sub-s037/Stage1_level1_Iter0112.nii.gz
2DIAGNOSTIC,   112, -5.756394468860e-01, 4.405155777931e-06, 0.0000e+00, 0.0000e+00, 
*/mnt/lustre/mathdugre/fast-interpolate/datasets/ds004513/derivatives/flint/antsRegistration/r7-p23/sub-s037/Stage1_level1_Iter0113.nii.gz
2DIAGNOSTIC,   113, -5.756969030771e-01, 4.231929779053e-06, 0.0000e+00, 0.0000e+00, 
*/mnt/lustre/mathdugre/fast-interpolate/datasets/ds004513/derivatives/flint/antsRegistration/r7-p23/sub-s037/Stage1_level1_Iter0114.nii.gz
2DIAGNOSTIC,   114, -5.761981536736e-01, 6.693415343761e-06, 0.0000e+00, 0.0000e+00, 
*/mnt/lustre/mathdugre/fast-interpolate/datasets/ds004513/derivatives/flint/antsRegistration/r7-p23/sub-s037/Stage1_level1_Iter0115.nii.gz
2DIAGNOSTIC,   115, -5.774214465405e-01, 1.448951661587e-05, 0.0000e+00, 0.0000e+00, 
*/mnt/lustre/mathdugre/fast-interpolate/datasets/ds004513/derivatives/flint/antsRegistration/r7-p23/sub-s037/Stage1_level1_Iter0116.nii.gz
2DIAGNOSTIC,   116, -5.780167101952e-01, 2.348423004150e-05, 0.0000e+00, 0.0000e+00, 
*/mnt/lustre/mathdugre/fast-interpolate/datasets/ds004513/derivatives/flint/antsRegistration/r7-p23/sub-s037/Stage1_level1_Iter0117.nii.gz
2DIAGNOSTIC,   117, -5.790739903527e-01, 3.520213067532e-05, 0.0000e+00, 0.0000e+00, 
*/mnt/lustre/mathdugre/fast-interpolate/datasets/ds004513/derivatives/flint/antsRegistration/r7-p23/sub-s037/Stage1_level1_Iter0118.nii.gz
2DIAGNOSTIC,   118, -5.805584647476e-01, 5.043856799603e-05, 0.0000e+00, 0.0000e+00, 
*/mnt/lustre/mathdugre/fast-interpolate/datasets/ds004513/derivatives/flint/antsRegistration/r7-p23/sub-s037/Stage1_level1_Iter0119.nii.gz
2DIAGNOSTIC,   119, -5.811601309377e-01, 6.318651139736e-05, 0.0000e+00, 0.0000e+00, 
