
##########################
# Experiment information #
##########################

EXPERIMENT_NAME: r7-p21
VFC_BACKENDS: libinterflop_vprec.so --range-binary32=7 --precision-binary32=21 --range-binary64=7 --precision-binary64=21

SIF_IMG: /mnt/lustre/mathdugre/containers/ants-vprec-no_metric.simg

SUBJECT_ID: s017
INPUT_IMG: /mnt/lustre/mathdugre/fast-interpolate/datasets/ds004513/derivatives/flint/antsBrainExtraction/sub-s017/BrainExtractionBrain.nii.gz
OUTPUT_DIR: /mnt/lustre/mathdugre/fast-interpolate/datasets/ds004513/derivatives/flint/antsRegistration/r7-p21/sub-s017

FIXED_IMG: /templateflow/tpl-MNI152NLin2009cAsym/tpl-MNI152NLin2009cAsym_res-01_desc-brain_T1w.nii.gz
DATA_DIR: /mnt/lustre/mathdugre/fast-interpolate/datasets/ds004513
TEMPLATEFLOW_DIR: /home/mathdugre/.cache/templateflow
ITK_GLOBAL_DEFAULT_NUMBER_OF_THREADS: 4
##########################

Info [verificarlo]: loaded backend libinterflop_vprec.so
Info [interflop-vprec]: load backend with: 
Info [interflop-vprec]: precision-binary32 = 21
Info [interflop-vprec]: range-binary32 = 7
Info [interflop-vprec]: precision-binary64 = 21
Info [interflop-vprec]: range-binary64 = 7
Info [interflop-vprec]: mode = ob
Info [interflop-vprec]: error-mode = rel
Info [interflop-vprec]: max-abs-error-exponent = -1022
Info [interflop-vprec]: daz = false
Info [interflop-vprec]: ftz = false
Info [interflop-vprec]: 	instrument = none
Info [interflop-vprec]: 	prec-input-file = (null)
Info [interflop-vprec]: 	prec-output-file = (null)
Info [interflop-vprec]: 	prec-log-file = (null)
All_Command_lines_OK
Using double precision for computations.
=============================================================================
The composite transform comprises the following transforms (in order): 
  1. Center of mass alignment using fixed image: /templateflow/tpl-MNI152NLin2009cAsym/tpl-MNI152NLin2009cAsym_res-01_desc-brain_T1w.nii.gz and moving image: /mnt/lustre/mathdugre/fast-interpolate/datasets/ds004513/derivatives/flint/antsBrainExtraction/sub-s017/BrainExtractionBrain.nii.gz (type = Euler3DTransform)
=============================================================================
  number of levels = 4
  number of levels = 4
  number of levels = 4
  fixed image: /templateflow/tpl-MNI152NLin2009cAsym/tpl-MNI152NLin2009cAsym_res-01_desc-brain_T1w.nii.gz
  moving image: /mnt/lustre/mathdugre/fast-interpolate/datasets/ds004513/derivatives/flint/antsBrainExtraction/sub-s017/BrainExtractionBrain.nii.gz
  fixed image: /templateflow/tpl-MNI152NLin2009cAsym/tpl-MNI152NLin2009cAsym_res-01_desc-brain_T1w.nii.gz
  moving image: /mnt/lustre/mathdugre/fast-interpolate/datasets/ds004513/derivatives/flint/antsBrainExtraction/sub-s017/BrainExtractionBrain.nii.gz
  fixed image: /templateflow/tpl-MNI152NLin2009cAsym/tpl-MNI152NLin2009cAsym_res-01_desc-brain_T1w.nii.gz
  moving image: /mnt/lustre/mathdugre/fast-interpolate/datasets/ds004513/derivatives/flint/antsBrainExtraction/sub-s017/BrainExtractionBrain.nii.gz
Dimension = 3
Number of stages = 3
Use histogram matching = false
Winsorize image intensities = true
  Lower quantile = 0.005
  Upper quantile = 0.995


Stage 1 State
   Image metric = MattesMI
     Fixed image = Image (0x4c94b30)
  RTTI typeinfo:   itk::Image<double, 3u>
  Reference Count: 2
  Modified Time: 2389
  Debug: Off
  Object Name: 
  Observers: 
    none
  Source: (none)
  Source output name: (none)
  Release Data: Off
  Data Released: False
  Global Release Data: Off
  PipelineMTime: 0
  UpdateMTime: 1998
  RealTimeStamp: 0 seconds 
  LargestPossibleRegion: 
    Dimension: 3
    Index: [0, 0, 0]
    Size: [193, 229, 193]
  BufferedRegion: 
    Dimension: 3
    Index: [0, 0, 0]
    Size: [193, 229, 193]
  RequestedRegion: 
    Dimension: 3
    Index: [0, 0, 0]
    Size: [193, 229, 193]
  Spacing: [1, 1, 1]
  Origin: [96, 132, -78]
  Direction: 
-1 0 0
0 -1 0
0 0 1

  IndexToPointMatrix: 
-1 0 0
0 -1 0
0 0 1

  PointToIndexMatrix: 
-1 0 0
0 -1 0
0 0 1

  Inverse Direction: 
-1 0 0
0 -1 0
0 0 1

  PixelContainer: 
    ImportImageContainer (0x4cbc6b0)
      RTTI typeinfo:   itk::ImportImageContainer<unsigned long, double>
      Reference Count: 1
      Modified Time: 1995
      Debug: Off
      Object Name: 
      Observers: 
        none
      Pointer: 0x7f6dacf1e010
      Container manages memory: true
      Size: 8530021
      Capacity: 8530021

     Moving image = Image (0x4c90400)
  RTTI typeinfo:   itk::Image<double, 3u>
  Reference Count: 2
  Modified Time: 2390
  Debug: Off
  Object Name: 
  Observers: 
    none
  Source: (none)
  Source output name: (none)
  Release Data: Off
  Data Released: False
  Global Release Data: Off
  PipelineMTime: 0
  UpdateMTime: 2387
  RealTimeStamp: 0 seconds 
  LargestPossibleRegion: 
    Dimension: 3
    Index: [0, 0, 0]
    Size: [160, 240, 256]
  BufferedRegion: 
    Dimension: 3
    Index: [0, 0, 0]
    Size: [160, 240, 256]
  RequestedRegion: 
    Dimension: 3
    Index: [0, 0, 0]
    Size: [160, 240, 256]
  Spacing: [1, 1, 1]
  Origin: [91.3357, 102.231, -120.042]
  Direction: 
-0.997442 -5.36781e-05 -0.0714818
5.35417e-05 -1 3.82465e-06
-0.0714818 -1.23894e-08 0.997442

  IndexToPointMatrix: 
-0.997444 -5.36781e-05 -0.0714818
5.35418e-05 -1 3.82465e-06
-0.0714819 -1.23894e-08 0.997442

  PointToIndexMatrix: 
-0.99744 5.35416e-05 -0.0714816
-5.36781e-05 -1 -1.23891e-08
-0.0714818 3.82465e-06 0.997442

  Inverse Direction: 
-0.997442 5.35417e-05 -0.0714818
-5.36781e-05 -1 -1.23891e-08
-0.0714818 3.82465e-06 0.997442

  PixelContainer: 
    ImportImageContainer (0x4e646d0)
      RTTI typeinfo:   itk::ImportImageContainer<unsigned long, double>
      Reference Count: 1
      Modified Time: 2384
      Debug: Off
      Object Name: 
      Observers: 
        none
      Pointer: 0x7f6da841d010
      Container manages memory: true
      Size: 9830400
      Capacity: 9830400

     Weighting = 1
     Sampling strategy = regular
     Number of bins = 32
     Radius = 4
     Sampling percentage  = 0.25
   Transform = Rigid
     Gradient step = 0.1
     Update field sigma (voxel space) = 0
     Total field sigma (voxel space) = 0
     Update field time sigma = 0
     Total field time sigma  = 0
     Number of time indices = 0
     Number of time point samples = 0
Stage 2 State
   Image metric = MattesMI
     Fixed image = Image (0x4cb0d50)
  RTTI typeinfo:   itk::Image<double, 3u>
  Reference Count: 2
  Modified Time: 3167
  Debug: Off
  Object Name: 
  Observers: 
    none
  Source: (none)
  Source output name: (none)
  Release Data: Off
  Data Released: False
  Global Release Data: Off
  PipelineMTime: 0
  UpdateMTime: 2776
  RealTimeStamp: 0 seconds 
  LargestPossibleRegion: 
    Dimension: 3
    Index: [0, 0, 0]
    Size: [193, 229, 193]
  BufferedRegion: 
    Dimension: 3
    Index: [0, 0, 0]
    Size: [193, 229, 193]
  RequestedRegion: 
    Dimension: 3
    Index: [0, 0, 0]
    Size: [193, 229, 193]
  Spacing: [1, 1, 1]
  Origin: [96, 132, -78]
  Direction: 
-1 0 0
0 -1 0
0 0 1

  IndexToPointMatrix: 
-1 0 0
0 -1 0
0 0 1

  PointToIndexMatrix: 
-1 0 0
0 -1 0
0 0 1

  Inverse Direction: 
-1 0 0
0 -1 0
0 0 1

  PixelContainer: 
    ImportImageContainer (0x4d6c570)
      RTTI typeinfo:   itk::ImportImageContainer<unsigned long, double>
      Reference Count: 1
      Modified Time: 2773
      Debug: Off
      Object Name: 
      Observers: 
        none
      Pointer: 0x7f6da4308010
      Container manages memory: true
      Size: 8530021
      Capacity: 8530021

     Moving image = Image (0x4c9af50)
  RTTI typeinfo:   itk::Image<double, 3u>
  Reference Count: 2
  Modified Time: 3168
  Debug: Off
  Object Name: 
  Observers: 
    none
  Source: (none)
  Source output name: (none)
  Release Data: Off
  Data Released: False
  Global Release Data: Off
  PipelineMTime: 0
  UpdateMTime: 3165
  RealTimeStamp: 0 seconds 
  LargestPossibleRegion: 
    Dimension: 3
    Index: [0, 0, 0]
    Size: [160, 240, 256]
  BufferedRegion: 
    Dimension: 3
    Index: [0, 0, 0]
    Size: [160, 240, 256]
  RequestedRegion: 
    Dimension: 3
    Index: [0, 0, 0]
    Size: [160, 240, 256]
  Spacing: [1, 1, 1]
  Origin: [91.3357, 102.231, -120.042]
  Direction: 
-0.997442 -5.36781e-05 -0.0714818
5.35417e-05 -1 3.82465e-06
-0.0714818 -1.23894e-08 0.997442

  IndexToPointMatrix: 
-0.997444 -5.36781e-05 -0.0714818
5.35418e-05 -1 3.82465e-06
-0.0714819 -1.23894e-08 0.997442

  PointToIndexMatrix: 
-0.99744 5.35416e-05 -0.0714816
-5.36781e-05 -1 -1.23891e-08
-0.0714818 3.82465e-06 0.997442

  Inverse Direction: 
-0.997442 5.35417e-05 -0.0714818
-5.36781e-05 -1 -1.23891e-08
-0.0714818 3.82465e-06 0.997442

  PixelContainer: 
    ImportImageContainer (0x4e44650)
      RTTI typeinfo:   itk::ImportImageContainer<unsigned long, double>
      Reference Count: 1
      Modified Time: 3162
      Debug: Off
      Object Name: 
      Observers: 
        none
      Pointer: 0x7f6d9f807010
      Container manages memory: true
      Size: 9830400
      Capacity: 9830400

     Weighting = 1
     Sampling strategy = regular
     Number of bins = 32
     Radius = 4
     Sampling percentage  = 0.25
   Transform = Affine
     Gradient step = 0.1
     Update field sigma (voxel space) = 0
     Total field sigma (voxel space) = 0
     Update field time sigma = 0
     Total field time sigma  = 0
     Number of time indices = 0
     Number of time point samples = 0
Stage 3 State
   Image metric = CC
     Fixed image = Image (0x4c9bcf0)
  RTTI typeinfo:   itk::Image<double, 3u>
  Reference Count: 2
  Modified Time: 3945
  Debug: Off
  Object Name: 
  Observers: 
    none
  Source: (none)
  Source output name: (none)
  Release Data: Off
  Data Released: False
  Global Release Data: Off
  PipelineMTime: 0
  UpdateMTime: 3554
  RealTimeStamp: 0 seconds 
  LargestPossibleRegion: 
    Dimension: 3
    Index: [0, 0, 0]
    Size: [193, 229, 193]
  BufferedRegion: 
    Dimension: 3
    Index: [0, 0, 0]
    Size: [193, 229, 193]
  RequestedRegion: 
    Dimension: 3
    Index: [0, 0, 0]
    Size: [193, 229, 193]
  Spacing: [1, 1, 1]
  Origin: [96, 132, -78]
  Direction: 
-1 0 0
0 -1 0
0 0 1

  IndexToPointMatrix: 
-1 0 0
0 -1 0
0 0 1

  PointToIndexMatrix: 
-1 0 0
0 -1 0
0 0 1

  Inverse Direction: 
-1 0 0
0 -1 0
0 0 1

  PixelContainer: 
    ImportImageContainer (0x4d7c6b0)
      RTTI typeinfo:   itk::ImportImageContainer<unsigned long, double>
      Reference Count: 1
      Modified Time: 3551
      Debug: Off
      Object Name: 
      Observers: 
        none
      Pointer: 0x7f6d9b6f2010
      Container manages memory: true
      Size: 8530021
      Capacity: 8530021

     Moving image = Image (0x4cad480)
  RTTI typeinfo:   itk::Image<double, 3u>
  Reference Count: 2
  Modified Time: 3946
  Debug: Off
  Object Name: 
  Observers: 
    none
  Source: (none)
  Source output name: (none)
  Release Data: Off
  Data Released: False
  Global Release Data: Off
  PipelineMTime: 0
  UpdateMTime: 3943
  RealTimeStamp: 0 seconds 
  LargestPossibleRegion: 
    Dimension: 3
    Index: [0, 0, 0]
    Size: [160, 240, 256]
  BufferedRegion: 
    Dimension: 3
    Index: [0, 0, 0]
    Size: [160, 240, 256]
  RequestedRegion: 
    Dimension: 3
    Index: [0, 0, 0]
    Size: [160, 240, 256]
  Spacing: [1, 1, 1]
  Origin: [91.3357, 102.231, -120.042]
  Direction: 
-0.997442 -5.36781e-05 -0.0714818
5.35417e-05 -1 3.82465e-06
-0.0714818 -1.23894e-08 0.997442

  IndexToPointMatrix: 
-0.997444 -5.36781e-05 -0.0714818
5.35418e-05 -1 3.82465e-06
-0.0714819 -1.23894e-08 0.997442

  PointToIndexMatrix: 
-0.99744 5.35416e-05 -0.0714816
-5.36781e-05 -1 -1.23891e-08
-0.0714818 3.82465e-06 0.997442

  Inverse Direction: 
-0.997442 5.35417e-05 -0.0714818
-5.36781e-05 -1 -1.23891e-08
-0.0714818 3.82465e-06 0.997442

  PixelContainer: 
    ImportImageContainer (0x4e0c750)
      RTTI typeinfo:   itk::ImportImageContainer<unsigned long, double>
      Reference Count: 1
      Modified Time: 3940
      Debug: Off
      Object Name: 
      Observers: 
        none
      Pointer: 0x7f6d96bf1010
      Container manages memory: true
      Size: 9830400
      Capacity: 9830400

     Weighting = 1
     Sampling strategy = none
     Number of bins = 32
     Radius = 4
     Sampling percentage  = 1
   Transform = SyN
     Gradient step = 0.1
     Update field sigma (voxel space) = 3
     Total field sigma (voxel space) = 0
     Update field time sigma = 0
     Total field time sigma  = 0
     Number of time indices = 0
     Number of time point samples = 0
Registration using 3 total stages.

Stage 0
  iterations = 1000x500x250x100
  convergence threshold = 1e-06
  convergence window size = 10
  number of levels = 4
  using the Mattes MI metric (number of bins = 32, weight = 1, use gradient filter = 0)
  preprocessing:  winsorizing the image intensities
  Shrink factors (level 1 out of 4): [8, 8, 8]
  Shrink factors (level 2 out of 4): [4, 4, 4]
  Shrink factors (level 3 out of 4): [2, 2, 2]
  Shrink factors (level 4 out of 4): [1, 1, 1]
  smoothing sigmas per level: [3, 2, 1, 0]
  regular sampling (percentage = 0.25)

*** Running Euler3DTransform registration ***

DIAGNOSTIC,Iteration,metricValue,convergenceValue,ITERATION_TIME_INDEX,SINCE_LAST
*/mnt/lustre/mathdugre/fast-interpolate/datasets/ds004513/derivatives/flint/antsRegistration/r7-p21/sub-s017/Stage1_level1_Iter0001.nii.gz
2DIAGNOSTIC,     1, -5.564913412257e-01, 1.797693134862e+308, 0.0000e+00, 0.0000e+00, 
*/mnt/lustre/mathdugre/fast-interpolate/datasets/ds004513/derivatives/flint/antsRegistration/r7-p21/sub-s017/Stage1_level1_Iter0002.nii.gz
2DIAGNOSTIC,     2, -5.581110126121e-01, 1.797693134862e+308, 0.0000e+00, 0.0000e+00, 
*/mnt/lustre/mathdugre/fast-interpolate/datasets/ds004513/derivatives/flint/antsRegistration/r7-p21/sub-s017/Stage1_level1_Iter0003.nii.gz
2DIAGNOSTIC,     3, -5.608885932361e-01, 1.797693134862e+308, 0.0000e+00, 0.0000e+00, 
*/mnt/lustre/mathdugre/fast-interpolate/datasets/ds004513/derivatives/flint/antsRegistration/r7-p21/sub-s017/Stage1_level1_Iter0004.nii.gz
2DIAGNOSTIC,     4, -5.642282143934e-01, 1.797693134862e+308, 0.0000e+00, 0.0000e+00, 
*/mnt/lustre/mathdugre/fast-interpolate/datasets/ds004513/derivatives/flint/antsRegistration/r7-p21/sub-s017/Stage1_level1_Iter0005.nii.gz
2DIAGNOSTIC,     5, -5.667911311818e-01, 1.797693134862e+308, 0.0000e+00, 0.0000e+00, 
*/mnt/lustre/mathdugre/fast-interpolate/datasets/ds004513/derivatives/flint/antsRegistration/r7-p21/sub-s017/Stage1_level1_Iter0006.nii.gz
2DIAGNOSTIC,     6, -5.693290712141e-01, 1.797693134862e+308, 0.0000e+00, 0.0000e+00, 
*/mnt/lustre/mathdugre/fast-interpolate/datasets/ds004513/derivatives/flint/antsRegistration/r7-p21/sub-s017/Stage1_level1_Iter0007.nii.gz
2DIAGNOSTIC,     7, -5.704710798834e-01, 1.797693134862e+308, 0.0000e+00, 0.0000e+00, 
*/mnt/lustre/mathdugre/fast-interpolate/datasets/ds004513/derivatives/flint/antsRegistration/r7-p21/sub-s017/Stage1_level1_Iter0008.nii.gz
2DIAGNOSTIC,     8, -5.746307128362e-01, 1.797693134862e+308, 0.0000e+00, 0.0000e+00, 
*/mnt/lustre/mathdugre/fast-interpolate/datasets/ds004513/derivatives/flint/antsRegistration/r7-p21/sub-s017/Stage1_level1_Iter0009.nii.gz
2DIAGNOSTIC,     9, -5.767093569009e-01, 1.797693134862e+308, 0.0000e+00, 0.0000e+00, 
*/mnt/lustre/mathdugre/fast-interpolate/datasets/ds004513/derivatives/flint/antsRegistration/r7-p21/sub-s017/Stage1_level1_Iter0010.nii.gz
2DIAGNOSTIC,    10, -5.783773126293e-01, 2.562761306763e-03, 0.0000e+00, 0.0000e+00, 
*/mnt/lustre/mathdugre/fast-interpolate/datasets/ds004513/derivatives/flint/antsRegistration/r7-p21/sub-s017/Stage1_level1_Iter0011.nii.gz
2DIAGNOSTIC,    11, -5.801300432902e-01, 2.270221710205e-03, 0.0000e+00, 0.0000e+00, 
*/mnt/lustre/mathdugre/fast-interpolate/datasets/ds004513/derivatives/flint/antsRegistration/r7-p21/sub-s017/Stage1_level1_Iter0012.nii.gz
2DIAGNOSTIC,    12, -5.803471101274e-01, 1.899033784866e-03, 0.0000e+00, 0.0000e+00, 
*/mnt/lustre/mathdugre/fast-interpolate/datasets/ds004513/derivatives/flint/antsRegistration/r7-p21/sub-s017/Stage1_level1_Iter0013.nii.gz
2DIAGNOSTIC,    13, -5.807436561497e-01, 1.534253358841e-03, 0.0000e+00, 0.0000e+00, 
*/mnt/lustre/mathdugre/fast-interpolate/datasets/ds004513/derivatives/flint/antsRegistration/r7-p21/sub-s017/Stage1_level1_Iter0014.nii.gz
2DIAGNOSTIC,    14, -5.823843067625e-01, 1.257926225662e-03, 0.0000e+00, 0.0000e+00, 
*/mnt/lustre/mathdugre/fast-interpolate/datasets/ds004513/derivatives/flint/antsRegistration/r7-p21/sub-s017/Stage1_level1_Iter0015.nii.gz
2DIAGNOSTIC,    15, -5.831574968098e-01, 1.012593507767e-03, 0.0000e+00, 0.0000e+00, 
*/mnt/lustre/mathdugre/fast-interpolate/datasets/ds004513/derivatives/flint/antsRegistration/r7-p21/sub-s017/Stage1_level1_Iter0016.nii.gz
2DIAGNOSTIC,    16, -5.839097039294e-01, 8.085370063782e-04, 0.0000e+00, 0.0000e+00, 
*/mnt/lustre/mathdugre/fast-interpolate/datasets/ds004513/derivatives/flint/antsRegistration/r7-p21/sub-s017/Stage1_level1_Iter0017.nii.gz
2DIAGNOSTIC,    17, -5.849544775985e-01, 6.164908409119e-04, 0.0000e+00, 0.0000e+00, 
*/mnt/lustre/mathdugre/fast-interpolate/datasets/ds004513/derivatives/flint/antsRegistration/r7-p21/sub-s017/Stage1_level1_Iter0018.nii.gz
2DIAGNOSTIC,    18, -5.853621110424e-01, 5.141347646713e-04, 0.0000e+00, 0.0000e+00, 
*/mnt/lustre/mathdugre/fast-interpolate/datasets/ds004513/derivatives/flint/antsRegistration/r7-p21/sub-s017/Stage1_level1_Iter0019.nii.gz
2DIAGNOSTIC,    19, -5.856272052446e-01, 4.352778196335e-04, 0.0000e+00, 0.0000e+00, 
*/mnt/lustre/mathdugre/fast-interpolate/datasets/ds004513/derivatives/flint/antsRegistration/r7-p21/sub-s017/Stage1_level1_Iter0020.nii.gz
2DIAGNOSTIC,    20, -5.858363558022e-01, 3.692656755447e-04, 0.0000e+00, 0.0000e+00, 
*/mnt/lustre/mathdugre/fast-interpolate/datasets/ds004513/derivatives/flint/antsRegistration/r7-p21/sub-s017/Stage1_level1_Iter0021.nii.gz
2DIAGNOSTIC,    21, -5.862330598865e-01, 3.261715173721e-04, 0.0000e+00, 0.0000e+00, 
*/mnt/lustre/mathdugre/fast-interpolate/datasets/ds004513/derivatives/flint/antsRegistration/r7-p21/sub-s017/Stage1_level1_Iter0022.nii.gz
2DIAGNOSTIC,    22, -5.882539663181e-01, 3.067404031754e-04, 0.0000e+00, 0.0000e+00, 
*/mnt/lustre/mathdugre/fast-interpolate/datasets/ds004513/derivatives/flint/antsRegistration/r7-p21/sub-s017/Stage1_level1_Iter0023.nii.gz
2DIAGNOSTIC,    23, -5.889345539307e-01, 2.817064523697e-04, 0.0000e+00, 0.0000e+00, 
*/mnt/lustre/mathdugre/fast-interpolate/datasets/ds004513/derivatives/flint/antsRegistration/r7-p21/sub-s017/Stage1_level1_Iter0024.nii.gz
2DIAGNOSTIC,    24, -5.891835603732e-01, 2.714246511459e-04, 0.0000e+00, 0.0000e+00, 
*/mnt/lustre/mathdugre/fast-interpolate/datasets/ds004513/derivatives/flint/antsRegistration/r7-p21/sub-s017/Stage1_level1_Iter0025.nii.gz
2DIAGNOSTIC,    25, -5.892743139298e-01, 2.541989088058e-04, 0.0000e+00, 0.0000e+00, 
*/mnt/lustre/mathdugre/fast-interpolate/datasets/ds004513/derivatives/flint/antsRegistration/r7-p21/sub-s017/Stage1_level1_Iter0026.nii.gz
2DIAGNOSTIC,    26, -5.899185452872e-01, 2.404153347015e-04, 0.0000e+00, 0.0000e+00, 
*/mnt/lustre/mathdugre/fast-interpolate/datasets/ds004513/derivatives/flint/antsRegistration/r7-p21/sub-s017/Stage1_level1_Iter0027.nii.gz
2DIAGNOSTIC,    27, -5.903959520094e-01, 2.318769693375e-04, 0.0000e+00, 0.0000e+00, 
*/mnt/lustre/mathdugre/fast-interpolate/datasets/ds004513/derivatives/flint/antsRegistration/r7-p21/sub-s017/Stage1_level1_Iter0028.nii.gz
2DIAGNOSTIC,    28, -5.906663645171e-01, 2.136379480362e-04, 0.0000e+00, 0.0000e+00, 
*/mnt/lustre/mathdugre/fast-interpolate/datasets/ds004513/derivatives/flint/antsRegistration/r7-p21/sub-s017/Stage1_level1_Iter0029.nii.gz
2DIAGNOSTIC,    29, -5.909298735730e-01, 1.861304044724e-04, 0.0000e+00, 0.0000e+00, 
*/mnt/lustre/mathdugre/fast-interpolate/datasets/ds004513/derivatives/flint/antsRegistration/r7-p21/sub-s017/Stage1_level1_Iter0030.nii.gz
2DIAGNOSTIC,    30, -5.910342834118e-01, 1.484900712967e-04, 0.0000e+00, 0.0000e+00, 
*/mnt/lustre/mathdugre/fast-interpolate/datasets/ds004513/derivatives/flint/antsRegistration/r7-p21/sub-s017/Stage1_level1_Iter0031.nii.gz
2DIAGNOSTIC,    31, -5.910236844615e-01, 1.046210527420e-04, 0.0000e+00, 0.0000e+00, 
*/mnt/lustre/mathdugre/fast-interpolate/datasets/ds004513/derivatives/flint/antsRegistration/r7-p21/sub-s017/Stage1_level1_Iter0032.nii.gz
2DIAGNOSTIC,    32, -5.910907097978e-01, 8.535385131836e-05, 0.0000e+00, 0.0000e+00, 
*/mnt/lustre/mathdugre/fast-interpolate/datasets/ds004513/derivatives/flint/antsRegistration/r7-p21/sub-s017/Stage1_level1_Iter0033.nii.gz
2DIAGNOSTIC,    33, -5.911634052199e-01, 7.039308547974e-05, 0.0000e+00, 0.0000e+00, 
*/mnt/lustre/mathdugre/fast-interpolate/datasets/ds004513/derivatives/flint/antsRegistration/r7-p21/sub-s017/Stage1_level1_Iter0034.nii.gz
2DIAGNOSTIC,    34, -5.912607756929e-01, 5.482137203217e-05, 0.0000e+00, 0.0000e+00, 
*/mnt/lustre/mathdugre/fast-interpolate/datasets/ds004513/derivatives/flint/antsRegistration/r7-p21/sub-s017/Stage1_level1_Iter0035.nii.gz
2DIAGNOSTIC,    35, -5.913755626313e-01, 3.769248723984e-05, 0.0000e+00, 0.0000e+00, 
*/mnt/lustre/mathdugre/fast-interpolate/datasets/ds004513/derivatives/flint/antsRegistration/r7-p21/sub-s017/Stage1_level1_Iter0036.nii.gz
2DIAGNOSTIC,    36, -5.913792597013e-01, 2.676993608475e-05, 0.0000e+00, 0.0000e+00, 
*/mnt/lustre/mathdugre/fast-interpolate/datasets/ds004513/derivatives/flint/antsRegistration/r7-p21/sub-s017/Stage1_level1_Iter0037.nii.gz
2DIAGNOSTIC,    37, -5.914815611102e-01, 2.158433198929e-05, 0.0000e+00, 0.0000e+00, 
*/mnt/lustre/mathdugre/fast-interpolate/datasets/ds004513/derivatives/flint/antsRegistration/r7-p21/sub-s017/Stage1_level1_Iter0038.nii.gz
2DIAGNOSTIC,    38, -5.915843687905e-01, 1.938641071320e-05, 0.0000e+00, 0.0000e+00, 
*/mnt/lustre/mathdugre/fast-interpolate/datasets/ds004513/derivatives/flint/antsRegistration/r7-p21/sub-s017/Stage1_level1_Iter0039.nii.gz
2DIAGNOSTIC,    39, -5.915991044589e-01, 1.894682645798e-05, 0.0000e+00, 0.0000e+00, 
*/mnt/lustre/mathdugre/fast-interpolate/datasets/ds004513/derivatives/flint/antsRegistration/r7-p21/sub-s017/Stage1_level1_Iter0040.nii.gz
2DIAGNOSTIC,    40, -5.916094244665e-01, 1.823157072067e-05, 0.0000e+00, 0.0000e+00, 
*/mnt/lustre/mathdugre/fast-interpolate/datasets/ds004513/derivatives/flint/antsRegistration/r7-p21/sub-s017/Stage1_level1_Iter0041.nii.gz
2DIAGNOSTIC,    41, -5.916158005727e-01, 1.583993434906e-05, 0.0000e+00, 0.0000e+00, 
*/mnt/lustre/mathdugre/fast-interpolate/datasets/ds004513/derivatives/flint/antsRegistration/r7-p21/sub-s017/Stage1_level1_Iter0042.nii.gz
2DIAGNOSTIC,    42, -5.916216270424e-01, 1.298636198044e-05, 0.0000e+00, 0.0000e+00, 
*/mnt/lustre/mathdugre/fast-interpolate/datasets/ds004513/derivatives/flint/antsRegistration/r7-p21/sub-s017/Stage1_level1_Iter0043.nii.gz
2DIAGNOSTIC,    43, -5.916408585322e-01, 1.005828380585e-05, 0.0000e+00, 0.0000e+00, 
*/mnt/lustre/mathdugre/fast-interpolate/datasets/ds004513/derivatives/flint/antsRegistration/r7-p21/sub-s017/Stage1_level1_Iter0044.nii.gz
2DIAGNOSTIC,    44, -5.916596738052e-01, 7.681548595428e-06, 0.0000e+00, 0.0000e+00, 
*/mnt/lustre/mathdugre/fast-interpolate/datasets/ds004513/derivatives/flint/antsRegistration/r7-p21/sub-s017/Stage1_level1_Iter0045.nii.gz
2DIAGNOSTIC,    45, -5.916641595370e-01, 6.042420864105e-06, 0.0000e+00, 0.0000e+00, 
*/mnt/lustre/mathdugre/fast-interpolate/datasets/ds004513/derivatives/flint/antsRegistration/r7-p21/sub-s017/Stage1_level1_Iter0046.nii.gz
2DIAGNOSTIC,    46, -5.916689945477e-01, 4.038214683533e-06, 0.0000e+00, 0.0000e+00, 
*/mnt/lustre/mathdugre/fast-interpolate/datasets/ds004513/derivatives/flint/antsRegistration/r7-p21/sub-s017/Stage1_level1_Iter0047.nii.gz
2DIAGNOSTIC,    47, -5.916699570332e-01, 2.838671207428e-06, 0.0000e+00, 0.0000e+00, 
*/mnt/lustre/mathdugre/fast-interpolate/datasets/ds004513/derivatives/flint/antsRegistration/r7-p21/sub-s017/Stage1_level1_Iter0048.nii.gz
2DIAGNOSTIC,    48, -5.916713434107e-01, 2.548098564148e-06, 0.0000e+00, 0.0000e+00, 
*/mnt/lustre/mathdugre/fast-interpolate/datasets/ds004513/derivatives/flint/antsRegistration/r7-p21/sub-s017/Stage1_level1_Iter0049.nii.gz
2DIAGNOSTIC,    49, -5.916714079949e-01, 2.220273017883e-06, 0.0000e+00, 0.0000e+00, 
*/mnt/lustre/mathdugre/fast-interpolate/datasets/ds004513/derivatives/flint/antsRegistration/r7-p21/sub-s017/Stage1_level1_Iter0050.nii.gz
2DIAGNOSTIC,    50, -5.916719032577e-01, 1.877546310425e-06, 0.0000e+00, 0.0000e+00, 
*/mnt/lustre/mathdugre/fast-interpolate/datasets/ds004513/derivatives/flint/antsRegistration/r7-p21/sub-s017/Stage1_level1_Iter0051.nii.gz
2DIAGNOSTIC,    51, -5.916718995891e-01, 1.482665538788e-06, 0.0000e+00, 0.0000e+00, 
*/mnt/lustre/mathdugre/fast-interpolate/datasets/ds004513/derivatives/flint/antsRegistration/r7-p21/sub-s017/Stage1_level1_Iter0052.nii.gz
2DIAGNOSTIC,    52, -5.916722642841e-01, 1.072883605957e-06, 0.0000e+00, 0.0000e+00, 
DIAGNOSTIC,Iteration,metricValue,convergenceValue,ITERATION_TIME_INDEX,SINCE_LAST
*/mnt/lustre/mathdugre/fast-interpolate/datasets/ds004513/derivatives/flint/antsRegistration/r7-p21/sub-s017/Stage1_level2_Iter0001.nii.gz
2DIAGNOSTIC,     1, -4.784058819409e-01, 1.797693134862e+308, 0.0000e+00, 0.0000e+00, 
*/mnt/lustre/mathdugre/fast-interpolate/datasets/ds004513/derivatives/flint/antsRegistration/r7-p21/sub-s017/Stage1_level2_Iter0002.nii.gz
2DIAGNOSTIC,     2, -4.784206484575e-01, 1.797693134862e+308, 0.0000e+00, 0.0000e+00, 
*/mnt/lustre/mathdugre/fast-interpolate/datasets/ds004513/derivatives/flint/antsRegistration/r7-p21/sub-s017/Stage1_level2_Iter0003.nii.gz
2DIAGNOSTIC,     3, -4.784181285830e-01, 1.797693134862e+308, 0.0000e+00, 0.0000e+00, 
*/mnt/lustre/mathdugre/fast-interpolate/datasets/ds004513/derivatives/flint/antsRegistration/r7-p21/sub-s017/Stage1_level2_Iter0004.nii.gz
2DIAGNOSTIC,     4, -4.784156386908e-01, 1.797693134862e+308, 0.0000e+00, 0.0000e+00, 
*/mnt/lustre/mathdugre/fast-interpolate/datasets/ds004513/derivatives/flint/antsRegistration/r7-p21/sub-s017/Stage1_level2_Iter0005.nii.gz
2DIAGNOSTIC,     5, -4.784005031092e-01, 1.797693134862e+308, 0.0000e+00, 0.0000e+00, 
*/mnt/lustre/mathdugre/fast-interpolate/datasets/ds004513/derivatives/flint/antsRegistration/r7-p21/sub-s017/Stage1_level2_Iter0006.nii.gz
2DIAGNOSTIC,     6, -4.784021651330e-01, 1.797693134862e+308, 0.0000e+00, 0.0000e+00, 
*/mnt/lustre/mathdugre/fast-interpolate/datasets/ds004513/derivatives/flint/antsRegistration/r7-p21/sub-s017/Stage1_level2_Iter0007.nii.gz
2DIAGNOSTIC,     7, -4.783871152903e-01, 1.797693134862e+308, 0.0000e+00, 0.0000e+00, 
*/mnt/lustre/mathdugre/fast-interpolate/datasets/ds004513/derivatives/flint/antsRegistration/r7-p21/sub-s017/Stage1_level2_Iter0008.nii.gz
2DIAGNOSTIC,     8, -4.783897420170e-01, 1.797693134862e+308, 0.0000e+00, 0.0000e+00, 
*/mnt/lustre/mathdugre/fast-interpolate/datasets/ds004513/derivatives/flint/antsRegistration/r7-p21/sub-s017/Stage1_level2_Iter0009.nii.gz
2DIAGNOSTIC,     9, -4.783841003493e-01, 1.797693134862e+308, 0.0000e+00, 0.0000e+00, 
DIAGNOSTIC,Iteration,metricValue,convergenceValue,ITERATION_TIME_INDEX,SINCE_LAST
*/mnt/lustre/mathdugre/fast-interpolate/datasets/ds004513/derivatives/flint/antsRegistration/r7-p21/sub-s017/Stage1_level3_Iter0001.nii.gz
2DIAGNOSTIC,     1, -4.126801158116e-01, 1.797693134862e+308, 0.0000e+00, 0.0000e+00, 
*/mnt/lustre/mathdugre/fast-interpolate/datasets/ds004513/derivatives/flint/antsRegistration/r7-p21/sub-s017/Stage1_level3_Iter0002.nii.gz
2DIAGNOSTIC,     2, -4.129596331469e-01, 1.797693134862e+308, 0.0000e+00, 0.0000e+00, 
*/mnt/lustre/mathdugre/fast-interpolate/datasets/ds004513/derivatives/flint/antsRegistration/r7-p21/sub-s017/Stage1_level3_Iter0003.nii.gz
2DIAGNOSTIC,     3, -4.133712721394e-01, 1.797693134862e+308, 0.0000e+00, 0.0000e+00, 
*/mnt/lustre/mathdugre/fast-interpolate/datasets/ds004513/derivatives/flint/antsRegistration/r7-p21/sub-s017/Stage1_level3_Iter0004.nii.gz
2DIAGNOSTIC,     4, -4.137606611374e-01, 1.797693134862e+308, 0.0000e+00, 0.0000e+00, 
*/mnt/lustre/mathdugre/fast-interpolate/datasets/ds004513/derivatives/flint/antsRegistration/r7-p21/sub-s017/Stage1_level3_Iter0005.nii.gz
2DIAGNOSTIC,     5, -4.139389460463e-01, 1.797693134862e+308, 0.0000e+00, 0.0000e+00, 
*/mnt/lustre/mathdugre/fast-interpolate/datasets/ds004513/derivatives/flint/antsRegistration/r7-p21/sub-s017/Stage1_level3_Iter0006.nii.gz
2DIAGNOSTIC,     6, -4.142308606847e-01, 1.797693134862e+308, 0.0000e+00, 0.0000e+00, 
*/mnt/lustre/mathdugre/fast-interpolate/datasets/ds004513/derivatives/flint/antsRegistration/r7-p21/sub-s017/Stage1_level3_Iter0007.nii.gz
2DIAGNOSTIC,     7, -4.149413819845e-01, 1.797693134862e+308, 0.0000e+00, 0.0000e+00, 
*/mnt/lustre/mathdugre/fast-interpolate/datasets/ds004513/derivatives/flint/antsRegistration/r7-p21/sub-s017/Stage1_level3_Iter0008.nii.gz
2DIAGNOSTIC,     8, -4.154212218591e-01, 1.797693134862e+308, 0.0000e+00, 0.0000e+00, 
*/mnt/lustre/mathdugre/fast-interpolate/datasets/ds004513/derivatives/flint/antsRegistration/r7-p21/sub-s017/Stage1_level3_Iter0009.nii.gz
2DIAGNOSTIC,     9, -4.155470443839e-01, 1.797693134862e+308, 0.0000e+00, 0.0000e+00, 
*/mnt/lustre/mathdugre/fast-interpolate/datasets/ds004513/derivatives/flint/antsRegistration/r7-p21/sub-s017/Stage1_level3_Iter0010.nii.gz
2DIAGNOSTIC,    10, -4.155766220953e-01, 4.969239234924e-04, 0.0000e+00, 0.0000e+00, 
*/mnt/lustre/mathdugre/fast-interpolate/datasets/ds004513/derivatives/flint/antsRegistration/r7-p21/sub-s017/Stage1_level3_Iter0011.nii.gz
2DIAGNOSTIC,    11, -4.156455919379e-01, 4.192292690277e-04, 0.0000e+00, 0.0000e+00, 
*/mnt/lustre/mathdugre/fast-interpolate/datasets/ds004513/derivatives/flint/antsRegistration/r7-p21/sub-s017/Stage1_level3_Iter0012.nii.gz
2DIAGNOSTIC,    12, -4.156999659230e-01, 3.351867198944e-04, 0.0000e+00, 0.0000e+00, 
*/mnt/lustre/mathdugre/fast-interpolate/datasets/ds004513/derivatives/flint/antsRegistration/r7-p21/sub-s017/Stage1_level3_Iter0013.nii.gz
2DIAGNOSTIC,    13, -4.156982285789e-01, 2.549290657043e-04, 0.0000e+00, 0.0000e+00, 
*/mnt/lustre/mathdugre/fast-interpolate/datasets/ds004513/derivatives/flint/antsRegistration/r7-p21/sub-s017/Stage1_level3_Iter0014.nii.gz
2DIAGNOSTIC,    14, -4.156986493615e-01, 1.826286315918e-04, 0.0000e+00, 0.0000e+00, 
*/mnt/lustre/mathdugre/fast-interpolate/datasets/ds004513/derivatives/flint/antsRegistration/r7-p21/sub-s017/Stage1_level3_Iter0015.nii.gz
2DIAGNOSTIC,    15, -4.156982399762e-01, 1.120567321777e-04, 0.0000e+00, 0.0000e+00, 
*/mnt/lustre/mathdugre/fast-interpolate/datasets/ds004513/derivatives/flint/antsRegistration/r7-p21/sub-s017/Stage1_level3_Iter0016.nii.gz
2DIAGNOSTIC,    16, -4.156962186330e-01, 5.203485488892e-05, 0.0000e+00, 0.0000e+00, 
*/mnt/lustre/mathdugre/fast-interpolate/datasets/ds004513/derivatives/flint/antsRegistration/r7-p21/sub-s017/Stage1_level3_Iter0017.nii.gz
2DIAGNOSTIC,    17, -4.156976220995e-01, 2.270936965942e-05, 0.0000e+00, 0.0000e+00, 
*/mnt/lustre/mathdugre/fast-interpolate/datasets/ds004513/derivatives/flint/antsRegistration/r7-p21/sub-s017/Stage1_level3_Iter0018.nii.gz
2DIAGNOSTIC,    18, -4.156963428414e-01, 1.281499862671e-05, 0.0000e+00, 0.0000e+00, 
*/mnt/lustre/mathdugre/fast-interpolate/datasets/ds004513/derivatives/flint/antsRegistration/r7-p21/sub-s017/Stage1_level3_Iter0019.nii.gz
2DIAGNOSTIC,    19, -4.156944242642e-01, 7.435679435730e-06, 0.0000e+00, 0.0000e+00, 
*/mnt/lustre/mathdugre/fast-interpolate/datasets/ds004513/derivatives/flint/antsRegistration/r7-p21/sub-s017/Stage1_level3_Iter0020.nii.gz
2DIAGNOSTIC,    20, -4.156923127061e-01, 2.965331077576e-06, 0.0000e+00, 0.0000e+00, 
DIAGNOSTIC,Iteration,metricValue,convergenceValue,ITERATION_TIME_INDEX,SINCE_LAST
*/mnt/lustre/mathdugre/fast-interpolate/datasets/ds004513/derivatives/flint/antsRegistration/r7-p21/sub-s017/Stage1_level4_Iter0001.nii.gz
2DIAGNOSTIC,     1, -3.824506895742e-01, 1.797693134862e+308, 0.0000e+00, 0.0000e+00, 
*/mnt/lustre/mathdugre/fast-interpolate/datasets/ds004513/derivatives/flint/antsRegistration/r7-p21/sub-s017/Stage1_level4_Iter0002.nii.gz
2DIAGNOSTIC,     2, -3.826773943687e-01, 1.797693134862e+308, 5.1200e+02, 5.1200e+02, 
*/mnt/lustre/mathdugre/fast-interpolate/datasets/ds004513/derivatives/flint/antsRegistration/r7-p21/sub-s017/Stage1_level4_Iter0003.nii.gz
2DIAGNOSTIC,     3, -3.831089565486e-01, 1.797693134862e+308, 5.1200e+02, 0.0000e+00, 
*/mnt/lustre/mathdugre/fast-interpolate/datasets/ds004513/derivatives/flint/antsRegistration/r7-p21/sub-s017/Stage1_level4_Iter0004.nii.gz
2DIAGNOSTIC,     4, -3.832097141794e-01, 1.797693134862e+308, 5.1200e+02, 0.0000e+00, 
*/mnt/lustre/mathdugre/fast-interpolate/datasets/ds004513/derivatives/flint/antsRegistration/r7-p21/sub-s017/Stage1_level4_Iter0005.nii.gz
2DIAGNOSTIC,     5, -3.832142127082e-01, 1.797693134862e+308, 5.1200e+02, 0.0000e+00, 
*/mnt/lustre/mathdugre/fast-interpolate/datasets/ds004513/derivatives/flint/antsRegistration/r7-p21/sub-s017/Stage1_level4_Iter0006.nii.gz
2DIAGNOSTIC,     6, -3.833426277833e-01, 1.797693134862e+308, 5.1200e+02, 0.0000e+00, 
*/mnt/lustre/mathdugre/fast-interpolate/datasets/ds004513/derivatives/flint/antsRegistration/r7-p21/sub-s017/Stage1_level4_Iter0007.nii.gz
2DIAGNOSTIC,     7, -3.836902603023e-01, 1.797693134862e+308, 5.1200e+02, 0.0000e+00, 
*/mnt/lustre/mathdugre/fast-interpolate/datasets/ds004513/derivatives/flint/antsRegistration/r7-p21/sub-s017/Stage1_level4_Iter0008.nii.gz
2DIAGNOSTIC,     8, -3.838170050628e-01, 1.797693134862e+308, 5.1200e+02, 0.0000e+00, 
*/mnt/lustre/mathdugre/fast-interpolate/datasets/ds004513/derivatives/flint/antsRegistration/r7-p21/sub-s017/Stage1_level4_Iter0009.nii.gz
2DIAGNOSTIC,     9, -3.838770169124e-01, 1.797693134862e+308, 5.1200e+02, 0.0000e+00, 
*/mnt/lustre/mathdugre/fast-interpolate/datasets/ds004513/derivatives/flint/antsRegistration/r7-p21/sub-s017/Stage1_level4_Iter0010.nii.gz
2DIAGNOSTIC,    10, -3.838844508334e-01, 2.422332763672e-04, 5.1200e+02, 0.0000e+00, 
*/mnt/lustre/mathdugre/fast-interpolate/datasets/ds004513/derivatives/flint/antsRegistration/r7-p21/sub-s017/Stage1_level4_Iter0011.nii.gz
2DIAGNOSTIC,    11, -3.838837458839e-01, 1.842677593231e-04, 1.0240e+03, 5.1200e+02, 
*/mnt/lustre/mathdugre/fast-interpolate/datasets/ds004513/derivatives/flint/antsRegistration/r7-p21/sub-s017/Stage1_level4_Iter0012.nii.gz
2DIAGNOSTIC,    12, -3.838834613687e-01, 1.326501369476e-04, 1.0240e+03, 0.0000e+00, 
*/mnt/lustre/mathdugre/fast-interpolate/datasets/ds004513/derivatives/flint/antsRegistration/r7-p21/sub-s017/Stage1_level4_Iter0013.nii.gz
2DIAGNOSTIC,    13, -3.838833450483e-01, 1.016259193420e-04, 1.0240e+03, 0.0000e+00, 
*/mnt/lustre/mathdugre/fast-interpolate/datasets/ds004513/derivatives/flint/antsRegistration/r7-p21/sub-s017/Stage1_level4_Iter0014.nii.gz
2DIAGNOSTIC,    14, -3.838822467081e-01, 7.152557373047e-05, 1.0240e+03, 0.0000e+00, 
*/mnt/lustre/mathdugre/fast-interpolate/datasets/ds004513/derivatives/flint/antsRegistration/r7-p21/sub-s017/Stage1_level4_Iter0015.nii.gz
2DIAGNOSTIC,    15, -3.838818634165e-01, 3.948807716370e-05, 1.0240e+03, 0.0000e+00, 
*/mnt/lustre/mathdugre/fast-interpolate/datasets/ds004513/derivatives/flint/antsRegistration/r7-p21/sub-s017/Stage1_level4_Iter0016.nii.gz
2DIAGNOSTIC,    16, -3.838817000045e-01, 1.364946365356e-05, 1.0240e+03, 0.0000e+00, 
*/mnt/lustre/mathdugre/fast-interpolate/datasets/ds004513/derivatives/flint/antsRegistration/r7-p21/sub-s017/Stage1_level4_Iter0017.nii.gz
2DIAGNOSTIC,    17, -3.838823392786e-01, 4.768371582031e-06, 1.0240e+03, 0.0000e+00, 
*/mnt/lustre/mathdugre/fast-interpolate/datasets/ds004513/derivatives/flint/antsRegistration/r7-p21/sub-s017/Stage1_level4_Iter0018.nii.gz
2DIAGNOSTIC,    18, -3.838826513082e-01, 1.803040504456e-06, 1.0240e+03, 0.0000e+00, 
*/mnt/lustre/mathdugre/fast-interpolate/datasets/ds004513/derivatives/flint/antsRegistration/r7-p21/sub-s017/Stage1_level4_Iter0019.nii.gz
2DIAGNOSTIC,    19, -3.838820712200e-01, 1.460313796997e-06, 1.0240e+03, 0.0000e+00, 
*/mnt/lustre/mathdugre/fast-interpolate/datasets/ds004513/derivatives/flint/antsRegistration/r7-p21/sub-s017/Stage1_level4_Iter0020.nii.gz
2DIAGNOSTIC,    20, -3.838822424933e-01, 1.460313796997e-06, 1.0240e+03, 0.0000e+00, 
*/mnt/lustre/mathdugre/fast-interpolate/datasets/ds004513/derivatives/flint/antsRegistration/r7-p21/sub-s017/Stage1_level4_Iter0021.nii.gz
2DIAGNOSTIC,    21, -3.838821472074e-01, 1.430511474609e-06, 1.0240e+03, 0.0000e+00, 
*/mnt/lustre/mathdugre/fast-interpolate/datasets/ds004513/derivatives/flint/antsRegistration/r7-p21/sub-s017/Stage1_level4_Iter0022.nii.gz
2DIAGNOSTIC,    22, -3.838822416097e-01, 1.460313796997e-06, 1.5360e+03, 5.1200e+02, 
*/mnt/lustre/mathdugre/fast-interpolate/datasets/ds004513/derivatives/flint/antsRegistration/r7-p21/sub-s017/Stage1_level4_Iter0023.nii.gz
2DIAGNOSTIC,    23, -3.838827826884e-01, 1.430511474609e-06, 1.5360e+03, 0.0000e+00, 
*/mnt/lustre/mathdugre/fast-interpolate/datasets/ds004513/derivatives/flint/antsRegistration/r7-p21/sub-s017/Stage1_level4_Iter0024.nii.gz
2DIAGNOSTIC,    24, -3.838825136837e-01, 1.370906829834e-06, 1.5360e+03, 0.0000e+00, 
*/mnt/lustre/mathdugre/fast-interpolate/datasets/ds004513/derivatives/flint/antsRegistration/r7-p21/sub-s017/Stage1_level4_Iter0025.nii.gz
2DIAGNOSTIC,    25, -3.838825933590e-01, 1.311302185059e-06, 1.5360e+03, 0.0000e+00, 
*/mnt/lustre/mathdugre/fast-interpolate/datasets/ds004513/derivatives/flint/antsRegistration/r7-p21/sub-s017/Stage1_level4_Iter0026.nii.gz
2DIAGNOSTIC,    26, -3.838825617314e-01, 1.281499862671e-06, 1.5360e+03, 0.0000e+00, 
*/mnt/lustre/mathdugre/fast-interpolate/datasets/ds004513/derivatives/flint/antsRegistration/r7-p21/sub-s017/Stage1_level4_Iter0027.nii.gz
2DIAGNOSTIC,    27, -3.838824783163e-01, 1.206994056702e-06, 1.5360e+03, 0.0000e+00, 
*/mnt/lustre/mathdugre/fast-interpolate/datasets/ds004513/derivatives/flint/antsRegistration/r7-p21/sub-s017/Stage1_level4_Iter0028.nii.gz
2DIAGNOSTIC,    28, -3.838825859185e-01, 1.162290573120e-06, 1.5360e+03, 0.0000e+00, 
*/mnt/lustre/mathdugre/fast-interpolate/datasets/ds004513/derivatives/flint/antsRegistration/r7-p21/sub-s017/Stage1_level4_Iter0029.nii.gz
2DIAGNOSTIC,    29, -3.838825809617e-01, 1.102685928345e-06, 1.5360e+03, 0.0000e+00, 
*/mnt/lustre/mathdugre/fast-interpolate/datasets/ds004513/derivatives/flint/antsRegistration/r7-p21/sub-s017/Stage1_level4_Iter0030.nii.gz
2DIAGNOSTIC,    30, -3.838825808043e-01, 1.057982444763e-06, 1.5360e+03, 0.0000e+00, 
*/mnt/lustre/mathdugre/fast-interpolate/datasets/ds004513/derivatives/flint/antsRegistration/r7-p21/sub-s017/Stage1_level4_Iter0031.nii.gz
2DIAGNOSTIC,    31, -3.838825559044e-01, 1.028180122375e-06, 1.5360e+03, 0.0000e+00, 
*/mnt/lustre/mathdugre/fast-interpolate/datasets/ds004513/derivatives/flint/antsRegistration/r7-p21/sub-s017/Stage1_level4_Iter0032.nii.gz
2DIAGNOSTIC,    32, -3.838824849793e-01, 1.013278961182e-06, 2.0480e+03, 5.1200e+02, 
  Elapsed time (stage 0): 2.5600e+03


Stage 1
  iterations = 1000x500x250x100
  convergence threshold = 1.0000e-06
  convergence window size = 10
  number of levels = 4
  using the Mattes MI metric (number of bins = 32, weight = 1.0000e+00, use gradient filter = 0)
  preprocessing:  winsorizing the image intensities
  Shrink factors (level 1 out of 4): [8, 8, 8]
  Shrink factors (level 2 out of 4): [4, 4, 4]
  Shrink factors (level 3 out of 4): [2, 2, 2]
  Shrink factors (level 4 out of 4): [1, 1, 1]
  smoothing sigmas per level: [3, 2, 1, 0]
  regular sampling (percentage = 2.5000e-01)

*** Running AffineTransform registration ***

DIAGNOSTIC,Iteration,metricValue,convergenceValue,ITERATION_TIME_INDEX,SINCE_LAST
*/mnt/lustre/mathdugre/fast-interpolate/datasets/ds004513/derivatives/flint/antsRegistration/r7-p21/sub-s017/Stage2_level1_Iter0001.nii.gz
2DIAGNOSTIC,     1, -5.798053967777e-01, 1.797693134862e+308, 0.0000e+00, 0.0000e+00, 
*/mnt/lustre/mathdugre/fast-interpolate/datasets/ds004513/derivatives/flint/antsRegistration/r7-p21/sub-s017/Stage2_level1_Iter0002.nii.gz
