
##########################
# Experiment information #
##########################

EXPERIMENT_NAME: r7-p20
VFC_BACKENDS: libinterflop_vprec.so --range-binary32=7 --precision-binary32=20 --range-binary64=7 --precision-binary64=20

SIF_IMG: /mnt/lustre/mathdugre/containers/ants-vprec-no_metric.simg

SUBJECT_ID: s033
INPUT_IMG: /mnt/lustre/mathdugre/fast-interpolate/datasets/ds004513/derivatives/flint/antsBrainExtraction/sub-s033/BrainExtractionBrain.nii.gz
OUTPUT_DIR: /mnt/lustre/mathdugre/fast-interpolate/datasets/ds004513/derivatives/flint/antsRegistration/r7-p20/sub-s033

FIXED_IMG: /templateflow/tpl-MNI152NLin2009cAsym/tpl-MNI152NLin2009cAsym_res-01_desc-brain_T1w.nii.gz
DATA_DIR: /mnt/lustre/mathdugre/fast-interpolate/datasets/ds004513
TEMPLATEFLOW_DIR: /home/mathdugre/.cache/templateflow
ITK_GLOBAL_DEFAULT_NUMBER_OF_THREADS: 4
##########################

Info [verificarlo]: loaded backend libinterflop_vprec.so
Info [interflop-vprec]: load backend with: 
Info [interflop-vprec]: precision-binary32 = 20
Info [interflop-vprec]: range-binary32 = 7
Info [interflop-vprec]: precision-binary64 = 20
Info [interflop-vprec]: range-binary64 = 7
Info [interflop-vprec]: mode = ob
Info [interflop-vprec]: error-mode = rel
Info [interflop-vprec]: max-abs-error-exponent = -1022
Info [interflop-vprec]: daz = false
Info [interflop-vprec]: ftz = false
Info [interflop-vprec]: 	instrument = none
Info [interflop-vprec]: 	prec-input-file = (null)
Info [interflop-vprec]: 	prec-output-file = (null)
Info [interflop-vprec]: 	prec-log-file = (null)
All_Command_lines_OK
Using double precision for computations.
=============================================================================
The composite transform comprises the following transforms (in order): 
  1. Center of mass alignment using fixed image: /templateflow/tpl-MNI152NLin2009cAsym/tpl-MNI152NLin2009cAsym_res-01_desc-brain_T1w.nii.gz and moving image: /mnt/lustre/mathdugre/fast-interpolate/datasets/ds004513/derivatives/flint/antsBrainExtraction/sub-s033/BrainExtractionBrain.nii.gz (type = Euler3DTransform)
=============================================================================
  number of levels = 4
  number of levels = 4
  number of levels = 4
  fixed image: /templateflow/tpl-MNI152NLin2009cAsym/tpl-MNI152NLin2009cAsym_res-01_desc-brain_T1w.nii.gz
  moving image: /mnt/lustre/mathdugre/fast-interpolate/datasets/ds004513/derivatives/flint/antsBrainExtraction/sub-s033/BrainExtractionBrain.nii.gz
  fixed image: /templateflow/tpl-MNI152NLin2009cAsym/tpl-MNI152NLin2009cAsym_res-01_desc-brain_T1w.nii.gz
  moving image: /mnt/lustre/mathdugre/fast-interpolate/datasets/ds004513/derivatives/flint/antsBrainExtraction/sub-s033/BrainExtractionBrain.nii.gz
  fixed image: /templateflow/tpl-MNI152NLin2009cAsym/tpl-MNI152NLin2009cAsym_res-01_desc-brain_T1w.nii.gz
  moving image: /mnt/lustre/mathdugre/fast-interpolate/datasets/ds004513/derivatives/flint/antsBrainExtraction/sub-s033/BrainExtractionBrain.nii.gz
Dimension = 3
Number of stages = 3
Use histogram matching = false
Winsorize image intensities = true
  Lower quantile = 0.005
  Upper quantile = 0.995


Stage 1 State
   Image metric = MattesMI
     Fixed image = Image (0x4065b30)
  RTTI typeinfo:   itk::Image<double, 3u>
  Reference Count: 2
  Modified Time: 2385
  Debug: Off
  Object Name: 
  Observers: 
    none
  Source: (none)
  Source output name: (none)
  Release Data: Off
  Data Released: False
  Global Release Data: Off
  PipelineMTime: 0
  UpdateMTime: 1996
  RealTimeStamp: 0 seconds 
  LargestPossibleRegion: 
    Dimension: 3
    Index: [0, 0, 0]
    Size: [193, 229, 193]
  BufferedRegion: 
    Dimension: 3
    Index: [0, 0, 0]
    Size: [193, 229, 193]
  RequestedRegion: 
    Dimension: 3
    Index: [0, 0, 0]
    Size: [193, 229, 193]
  Spacing: [1, 1, 1]
  Origin: [96, 132, -78]
  Direction: 
-1 0 0
0 -1 0
0 0 1

  IndexToPointMatrix: 
-1 0 0
0 -1 0
0 0 1

  PointToIndexMatrix: 
-1 0 0
0 -1 0
0 0 1

  Inverse Direction: 
-1 0 0
0 -1 0
0 0 1

  PixelContainer: 
    ImportImageContainer (0x406aa10)
      RTTI typeinfo:   itk::ImportImageContainer<unsigned long, double>
      Reference Count: 1
      Modified Time: 1993
      Debug: Off
      Object Name: 
      Observers: 
        none
      Pointer: 0x7fec53891010
      Container manages memory: true
      Size: 8530021
      Capacity: 8530021

     Moving image = Image (0x4061400)
  RTTI typeinfo:   itk::Image<double, 3u>
  Reference Count: 2
  Modified Time: 2386
  Debug: Off
  Object Name: 
  Observers: 
    none
  Source: (none)
  Source output name: (none)
  Release Data: Off
  Data Released: False
  Global Release Data: Off
  PipelineMTime: 0
  UpdateMTime: 2383
  RealTimeStamp: 0 seconds 
  LargestPossibleRegion: 
    Dimension: 3
    Index: [0, 0, 0]
    Size: [160, 240, 256]
  BufferedRegion: 
    Dimension: 3
    Index: [0, 0, 0]
    Size: [160, 240, 256]
  RequestedRegion: 
    Dimension: 3
    Index: [0, 0, 0]
    Size: [160, 240, 256]
  Spacing: [1, 1, 1]
  Origin: [91.5134, 94.282, -109.927]
  Direction: 
-0.99591 -0.0698718 -0.0572835
0.0697565 -0.997556 0.00401236
-0.0574239 5.01125e-08 0.99835

  IndexToPointMatrix: 
-0.99591 -0.0698718 -0.0572835
0.0697565 -0.997556 0.00401236
-0.0574239 5.01125e-08 0.99835

  PointToIndexMatrix: 
-0.995912 0.0697566 -0.057424
-0.069872 -0.997557 5.02915e-08
-0.0572836 0.00401236 0.99835

  Inverse Direction: 
-0.995912 0.0697566 -0.057424
-0.069872 -0.997557 5.02915e-08
-0.0572836 0.00401236 0.99835

  PixelContainer: 
    ImportImageContainer (0x42356d0)
      RTTI typeinfo:   itk::ImportImageContainer<unsigned long, double>
      Reference Count: 1
      Modified Time: 2380
      Debug: Off
      Object Name: 
      Observers: 
        none
      Pointer: 0x7fec4ed90010
      Container manages memory: true
      Size: 9830400
      Capacity: 9830400

     Weighting = 1
     Sampling strategy = regular
     Number of bins = 32
     Radius = 4
     Sampling percentage  = 0.25
   Transform = Rigid
     Gradient step = 0.1
     Update field sigma (voxel space) = 0
     Total field sigma (voxel space) = 0
     Update field time sigma = 0
     Total field time sigma  = 0
     Number of time indices = 0
     Number of time point samples = 0
Stage 2 State
   Image metric = MattesMI
     Fixed image = Image (0x406c660)
  RTTI typeinfo:   itk::Image<double, 3u>
  Reference Count: 2
  Modified Time: 3161
  Debug: Off
  Object Name: 
  Observers: 
    none
  Source: (none)
  Source output name: (none)
  Release Data: Off
  Data Released: False
  Global Release Data: Off
  PipelineMTime: 0
  UpdateMTime: 2772
  RealTimeStamp: 0 seconds 
  LargestPossibleRegion: 
    Dimension: 3
    Index: [0, 0, 0]
    Size: [193, 229, 193]
  BufferedRegion: 
    Dimension: 3
    Index: [0, 0, 0]
    Size: [193, 229, 193]
  RequestedRegion: 
    Dimension: 3
    Index: [0, 0, 0]
    Size: [193, 229, 193]
  Spacing: [1, 1, 1]
  Origin: [96, 132, -78]
  Direction: 
-1 0 0
0 -1 0
0 0 1

  IndexToPointMatrix: 
-1 0 0
0 -1 0
0 0 1

  PointToIndexMatrix: 
-1 0 0
0 -1 0
0 0 1

  Inverse Direction: 
-1 0 0
0 -1 0
0 0 1

  PixelContainer: 
    ImportImageContainer (0x408f8a0)
      RTTI typeinfo:   itk::ImportImageContainer<unsigned long, double>
      Reference Count: 1
      Modified Time: 2769
      Debug: Off
      Object Name: 
      Observers: 
        none
      Pointer: 0x7fec4ac7b010
      Container manages memory: true
      Size: 8530021
      Capacity: 8530021

     Moving image = Image (0x406ed80)
  RTTI typeinfo:   itk::Image<double, 3u>
  Reference Count: 2
  Modified Time: 3162
  Debug: Off
  Object Name: 
  Observers: 
    none
  Source: (none)
  Source output name: (none)
  Release Data: Off
  Data Released: False
  Global Release Data: Off
  PipelineMTime: 0
  UpdateMTime: 3159
  RealTimeStamp: 0 seconds 
  LargestPossibleRegion: 
    Dimension: 3
    Index: [0, 0, 0]
    Size: [160, 240, 256]
  BufferedRegion: 
    Dimension: 3
    Index: [0, 0, 0]
    Size: [160, 240, 256]
  RequestedRegion: 
    Dimension: 3
    Index: [0, 0, 0]
    Size: [160, 240, 256]
  Spacing: [1, 1, 1]
  Origin: [91.5134, 94.282, -109.927]
  Direction: 
-0.99591 -0.0698718 -0.0572835
0.0697565 -0.997556 0.00401236
-0.0574239 5.01125e-08 0.99835

  IndexToPointMatrix: 
-0.99591 -0.0698718 -0.0572835
0.0697565 -0.997556 0.00401236
-0.0574239 5.01125e-08 0.99835

  PointToIndexMatrix: 
-0.995912 0.0697566 -0.057424
-0.069872 -0.997557 5.02915e-08
-0.0572836 0.00401236 0.99835

  Inverse Direction: 
-0.995912 0.0697566 -0.057424
-0.069872 -0.997557 5.02915e-08
-0.0572836 0.00401236 0.99835

  PixelContainer: 
    ImportImageContainer (0x41354d0)
      RTTI typeinfo:   itk::ImportImageContainer<unsigned long, double>
      Reference Count: 1
      Modified Time: 3156
      Debug: Off
      Object Name: 
      Observers: 
        none
      Pointer: 0x7fec4617a010
      Container manages memory: true
      Size: 9830400
      Capacity: 9830400

     Weighting = 1
     Sampling strategy = regular
     Number of bins = 32
     Radius = 4
     Sampling percentage  = 0.25
   Transform = Affine
     Gradient step = 0.1
     Update field sigma (voxel space) = 0
     Total field sigma (voxel space) = 0
     Update field time sigma = 0
     Total field time sigma  = 0
     Number of time indices = 0
     Number of time point samples = 0
Stage 3 State
   Image metric = CC
     Fixed image = Image (0x406df30)
  RTTI typeinfo:   itk::Image<double, 3u>
  Reference Count: 2
  Modified Time: 3937
  Debug: Off
  Object Name: 
  Observers: 
    none
  Source: (none)
  Source output name: (none)
  Release Data: Off
  Data Released: False
  Global Release Data: Off
  PipelineMTime: 0
  UpdateMTime: 3548
  RealTimeStamp: 0 seconds 
  LargestPossibleRegion: 
    Dimension: 3
    Index: [0, 0, 0]
    Size: [193, 229, 193]
  BufferedRegion: 
    Dimension: 3
    Index: [0, 0, 0]
    Size: [193, 229, 193]
  RequestedRegion: 
    Dimension: 3
    Index: [0, 0, 0]
    Size: [193, 229, 193]
  Spacing: [1, 1, 1]
  Origin: [96, 132, -78]
  Direction: 
-1 0 0
0 -1 0
0 0 1

  IndexToPointMatrix: 
-1 0 0
0 -1 0
0 0 1

  PointToIndexMatrix: 
-1 0 0
0 -1 0
0 0 1

  Inverse Direction: 
-1 0 0
0 -1 0
0 0 1

  PixelContainer: 
    ImportImageContainer (0x422d8b0)
      RTTI typeinfo:   itk::ImportImageContainer<unsigned long, double>
      Reference Count: 1
      Modified Time: 3545
      Debug: Off
      Object Name: 
      Observers: 
        none
      Pointer: 0x7fec42065010
      Container manages memory: true
      Size: 8530021
      Capacity: 8530021

     Moving image = Image (0x406b3f0)
  RTTI typeinfo:   itk::Image<double, 3u>
  Reference Count: 2
  Modified Time: 3938
  Debug: Off
  Object Name: 
  Observers: 
    none
  Source: (none)
  Source output name: (none)
  Release Data: Off
  Data Released: False
  Global Release Data: Off
  PipelineMTime: 0
  UpdateMTime: 3935
  RealTimeStamp: 0 seconds 
  LargestPossibleRegion: 
    Dimension: 3
    Index: [0, 0, 0]
    Size: [160, 240, 256]
  BufferedRegion: 
    Dimension: 3
    Index: [0, 0, 0]
    Size: [160, 240, 256]
  RequestedRegion: 
    Dimension: 3
    Index: [0, 0, 0]
    Size: [160, 240, 256]
  Spacing: [1, 1, 1]
  Origin: [91.5134, 94.282, -109.927]
  Direction: 
-0.99591 -0.0698718 -0.0572835
0.0697565 -0.997556 0.00401236
-0.0574239 5.01125e-08 0.99835

  IndexToPointMatrix: 
-0.99591 -0.0698718 -0.0572835
0.0697565 -0.997556 0.00401236
-0.0574239 5.01125e-08 0.99835

  PointToIndexMatrix: 
-0.995912 0.0697566 -0.057424
-0.069872 -0.997557 5.02915e-08
-0.0572836 0.00401236 0.99835

  Inverse Direction: 
-0.995912 0.0697566 -0.057424
-0.069872 -0.997557 5.02915e-08
-0.0572836 0.00401236 0.99835

  PixelContainer: 
    ImportImageContainer (0x41f56d0)
      RTTI typeinfo:   itk::ImportImageContainer<unsigned long, double>
      Reference Count: 1
      Modified Time: 3932
      Debug: Off
      Object Name: 
      Observers: 
        none
      Pointer: 0x7fec3d564010
      Container manages memory: true
      Size: 9830400
      Capacity: 9830400

     Weighting = 1
     Sampling strategy = none
     Number of bins = 32
     Radius = 4
     Sampling percentage  = 1
   Transform = SyN
     Gradient step = 0.1
     Update field sigma (voxel space) = 3
     Total field sigma (voxel space) = 0
     Update field time sigma = 0
     Total field time sigma  = 0
     Number of time indices = 0
     Number of time point samples = 0
Registration using 3 total stages.

Stage 0
  iterations = 1000x500x250x100
  convergence threshold = 1e-06
  convergence window size = 10
  number of levels = 4
  using the Mattes MI metric (number of bins = 32, weight = 1, use gradient filter = 0)
  preprocessing:  winsorizing the image intensities
  Shrink factors (level 1 out of 4): [8, 8, 8]
  Shrink factors (level 2 out of 4): [4, 4, 4]
  Shrink factors (level 3 out of 4): [2, 2, 2]
  Shrink factors (level 4 out of 4): [1, 1, 1]
  smoothing sigmas per level: [3, 2, 1, 0]
  regular sampling (percentage = 0.25)

*** Running Euler3DTransform registration ***

DIAGNOSTIC,Iteration,metricValue,convergenceValue,ITERATION_TIME_INDEX,SINCE_LAST
*/mnt/lustre/mathdugre/fast-interpolate/datasets/ds004513/derivatives/flint/antsRegistration/r7-p20/sub-s033/Stage1_level1_Iter0001.nii.gz
2DIAGNOSTIC,     1, -4.893891371211e-01, 1.797693134862e+308, 0.0000e+00, 0.0000e+00, 
*/mnt/lustre/mathdugre/fast-interpolate/datasets/ds004513/derivatives/flint/antsRegistration/r7-p20/sub-s033/Stage1_level1_Iter0002.nii.gz
2DIAGNOSTIC,     2, -4.906620898671e-01, 1.797693134862e+308, 0.0000e+00, 0.0000e+00, 
*/mnt/lustre/mathdugre/fast-interpolate/datasets/ds004513/derivatives/flint/antsRegistration/r7-p20/sub-s033/Stage1_level1_Iter0003.nii.gz
2DIAGNOSTIC,     3, -4.928660883599e-01, 1.797693134862e+308, 0.0000e+00, 0.0000e+00, 
*/mnt/lustre/mathdugre/fast-interpolate/datasets/ds004513/derivatives/flint/antsRegistration/r7-p20/sub-s033/Stage1_level1_Iter0004.nii.gz
2DIAGNOSTIC,     4, -4.966975761769e-01, 1.797693134862e+308, 0.0000e+00, 0.0000e+00, 
*/mnt/lustre/mathdugre/fast-interpolate/datasets/ds004513/derivatives/flint/antsRegistration/r7-p20/sub-s033/Stage1_level1_Iter0005.nii.gz
2DIAGNOSTIC,     5, -5.015095585977e-01, 1.797693134862e+308, 0.0000e+00, 0.0000e+00, 
*/mnt/lustre/mathdugre/fast-interpolate/datasets/ds004513/derivatives/flint/antsRegistration/r7-p20/sub-s033/Stage1_level1_Iter0006.nii.gz
2DIAGNOSTIC,     6, -5.063131688924e-01, 1.797693134862e+308, 0.0000e+00, 0.0000e+00, 
*/mnt/lustre/mathdugre/fast-interpolate/datasets/ds004513/derivatives/flint/antsRegistration/r7-p20/sub-s033/Stage1_level1_Iter0007.nii.gz
2DIAGNOSTIC,     7, -5.168863701466e-01, 1.797693134862e+308, 0.0000e+00, 0.0000e+00, 
*/mnt/lustre/mathdugre/fast-interpolate/datasets/ds004513/derivatives/flint/antsRegistration/r7-p20/sub-s033/Stage1_level1_Iter0008.nii.gz
2DIAGNOSTIC,     8, -5.258305367601e-01, 1.797693134862e+308, 0.0000e+00, 0.0000e+00, 
*/mnt/lustre/mathdugre/fast-interpolate/datasets/ds004513/derivatives/flint/antsRegistration/r7-p20/sub-s033/Stage1_level1_Iter0009.nii.gz
2DIAGNOSTIC,     9, -5.261793045098e-01, 1.797693134862e+308, 0.0000e+00, 0.0000e+00, 
*/mnt/lustre/mathdugre/fast-interpolate/datasets/ds004513/derivatives/flint/antsRegistration/r7-p20/sub-s033/Stage1_level1_Iter0010.nii.gz
2DIAGNOSTIC,    10, -5.272109301166e-01, 5.728960037231e-03, 0.0000e+00, 0.0000e+00, 
*/mnt/lustre/mathdugre/fast-interpolate/datasets/ds004513/derivatives/flint/antsRegistration/r7-p20/sub-s033/Stage1_level1_Iter0011.nii.gz
2DIAGNOSTIC,    11, -5.285493801024e-01, 5.162000656128e-03, 0.0000e+00, 0.0000e+00, 
*/mnt/lustre/mathdugre/fast-interpolate/datasets/ds004513/derivatives/flint/antsRegistration/r7-p20/sub-s033/Stage1_level1_Iter0012.nii.gz
2DIAGNOSTIC,    12, -5.313532897736e-01, 4.409849643707e-03, 0.0000e+00, 0.0000e+00, 
*/mnt/lustre/mathdugre/fast-interpolate/datasets/ds004513/derivatives/flint/antsRegistration/r7-p20/sub-s033/Stage1_level1_Iter0013.nii.gz
2DIAGNOSTIC,    13, -5.392456267237e-01, 3.797829151154e-03, 0.0000e+00, 0.0000e+00, 
*/mnt/lustre/mathdugre/fast-interpolate/datasets/ds004513/derivatives/flint/antsRegistration/r7-p20/sub-s033/Stage1_level1_Iter0014.nii.gz
2DIAGNOSTIC,    14, -5.456335734708e-01, 3.328859806061e-03, 0.0000e+00, 0.0000e+00, 
*/mnt/lustre/mathdugre/fast-interpolate/datasets/ds004513/derivatives/flint/antsRegistration/r7-p20/sub-s033/Stage1_level1_Iter0015.nii.gz
2DIAGNOSTIC,    15, -5.558663767888e-01, 3.172576427460e-03, 0.0000e+00, 0.0000e+00, 
*/mnt/lustre/mathdugre/fast-interpolate/datasets/ds004513/derivatives/flint/antsRegistration/r7-p20/sub-s033/Stage1_level1_Iter0016.nii.gz
2DIAGNOSTIC,    16, -5.649439318641e-01, 3.206908702850e-03, 0.0000e+00, 0.0000e+00, 
*/mnt/lustre/mathdugre/fast-interpolate/datasets/ds004513/derivatives/flint/antsRegistration/r7-p20/sub-s033/Stage1_level1_Iter0017.nii.gz
2DIAGNOSTIC,    17, -5.660455964918e-01, 3.304481506348e-03, 0.0000e+00, 0.0000e+00, 
*/mnt/lustre/mathdugre/fast-interpolate/datasets/ds004513/derivatives/flint/antsRegistration/r7-p20/sub-s033/Stage1_level1_Iter0018.nii.gz
2DIAGNOSTIC,    18, -5.670161587264e-01, 3.386795520782e-03, 0.0000e+00, 0.0000e+00, 
*/mnt/lustre/mathdugre/fast-interpolate/datasets/ds004513/derivatives/flint/antsRegistration/r7-p20/sub-s033/Stage1_level1_Iter0019.nii.gz
2DIAGNOSTIC,    19, -5.709593061391e-01, 3.267407417297e-03, 0.0000e+00, 0.0000e+00, 
*/mnt/lustre/mathdugre/fast-interpolate/datasets/ds004513/derivatives/flint/antsRegistration/r7-p20/sub-s033/Stage1_level1_Iter0020.nii.gz
2DIAGNOSTIC,    20, -5.784635887224e-01, 3.079921007156e-03, 0.0000e+00, 0.0000e+00, 
*/mnt/lustre/mathdugre/fast-interpolate/datasets/ds004513/derivatives/flint/antsRegistration/r7-p20/sub-s033/Stage1_level1_Iter0021.nii.gz
2DIAGNOSTIC,    21, -5.825939370633e-01, 2.758145332336e-03, 0.0000e+00, 0.0000e+00, 
*/mnt/lustre/mathdugre/fast-interpolate/datasets/ds004513/derivatives/flint/antsRegistration/r7-p20/sub-s033/Stage1_level1_Iter0022.nii.gz
2DIAGNOSTIC,    22, -5.874508948926e-01, 2.395600080490e-03, 0.0000e+00, 0.0000e+00, 
*/mnt/lustre/mathdugre/fast-interpolate/datasets/ds004513/derivatives/flint/antsRegistration/r7-p20/sub-s033/Stage1_level1_Iter0023.nii.gz
2DIAGNOSTIC,    23, -5.939088721405e-01, 2.174645662308e-03, 0.0000e+00, 0.0000e+00, 
*/mnt/lustre/mathdugre/fast-interpolate/datasets/ds004513/derivatives/flint/antsRegistration/r7-p20/sub-s033/Stage1_level1_Iter0024.nii.gz
2DIAGNOSTIC,    24, -5.990690613193e-01, 2.016156911850e-03, 0.0000e+00, 0.0000e+00, 
*/mnt/lustre/mathdugre/fast-interpolate/datasets/ds004513/derivatives/flint/antsRegistration/r7-p20/sub-s033/Stage1_level1_Iter0025.nii.gz
2DIAGNOSTIC,    25, -6.019657445607e-01, 1.949578523636e-03, 0.0000e+00, 0.0000e+00, 
*/mnt/lustre/mathdugre/fast-interpolate/datasets/ds004513/derivatives/flint/antsRegistration/r7-p20/sub-s033/Stage1_level1_Iter0026.nii.gz
2DIAGNOSTIC,    26, -6.024671649276e-01, 1.898258924484e-03, 0.0000e+00, 0.0000e+00, 
*/mnt/lustre/mathdugre/fast-interpolate/datasets/ds004513/derivatives/flint/antsRegistration/r7-p20/sub-s033/Stage1_level1_Iter0027.nii.gz
2DIAGNOSTIC,    27, -6.078713934615e-01, 1.799851655960e-03, 0.0000e+00, 0.0000e+00, 
*/mnt/lustre/mathdugre/fast-interpolate/datasets/ds004513/derivatives/flint/antsRegistration/r7-p20/sub-s033/Stage1_level1_Iter0028.nii.gz
2DIAGNOSTIC,    28, -6.346371636307e-01, 2.044618129730e-03, 0.0000e+00, 0.0000e+00, 
*/mnt/lustre/mathdugre/fast-interpolate/datasets/ds004513/derivatives/flint/antsRegistration/r7-p20/sub-s033/Stage1_level1_Iter0029.nii.gz
2DIAGNOSTIC,    29, -6.382819221950e-01, 2.195894718170e-03, 0.0000e+00, 0.0000e+00, 
*/mnt/lustre/mathdugre/fast-interpolate/datasets/ds004513/derivatives/flint/antsRegistration/r7-p20/sub-s033/Stage1_level1_Iter0030.nii.gz
2DIAGNOSTIC,    30, -6.392754082702e-01, 2.278327941895e-03, 0.0000e+00, 0.0000e+00, 
*/mnt/lustre/mathdugre/fast-interpolate/datasets/ds004513/derivatives/flint/antsRegistration/r7-p20/sub-s033/Stage1_level1_Iter0031.nii.gz
2DIAGNOSTIC,    31, -6.404227365179e-01, 2.233594655991e-03, 0.0000e+00, 0.0000e+00, 
*/mnt/lustre/mathdugre/fast-interpolate/datasets/ds004513/derivatives/flint/antsRegistration/r7-p20/sub-s033/Stage1_level1_Iter0032.nii.gz
2DIAGNOSTIC,    32, -6.422391548505e-01, 2.082973718643e-03, 0.0000e+00, 0.0000e+00, 
*/mnt/lustre/mathdugre/fast-interpolate/datasets/ds004513/derivatives/flint/antsRegistration/r7-p20/sub-s033/Stage1_level1_Iter0033.nii.gz
2DIAGNOSTIC,    33, -6.435556836379e-01, 1.855313777924e-03, 0.0000e+00, 0.0000e+00, 
*/mnt/lustre/mathdugre/fast-interpolate/datasets/ds004513/derivatives/flint/antsRegistration/r7-p20/sub-s033/Stage1_level1_Iter0034.nii.gz
2DIAGNOSTIC,    34, -6.438937817300e-01, 1.546293497086e-03, 0.0000e+00, 0.0000e+00, 
*/mnt/lustre/mathdugre/fast-interpolate/datasets/ds004513/derivatives/flint/antsRegistration/r7-p20/sub-s033/Stage1_level1_Iter0035.nii.gz
2DIAGNOSTIC,    35, -6.442740541037e-01, 1.164644956589e-03, 0.0000e+00, 0.0000e+00, 
*/mnt/lustre/mathdugre/fast-interpolate/datasets/ds004513/derivatives/flint/antsRegistration/r7-p20/sub-s033/Stage1_level1_Iter0036.nii.gz
2DIAGNOSTIC,    36, -6.448572237732e-01, 7.145404815674e-04, 0.0000e+00, 0.0000e+00, 
*/mnt/lustre/mathdugre/fast-interpolate/datasets/ds004513/derivatives/flint/antsRegistration/r7-p20/sub-s033/Stage1_level1_Iter0037.nii.gz
2DIAGNOSTIC,    37, -6.451641448899e-01, 2.905726432800e-04, 0.0000e+00, 0.0000e+00, 
*/mnt/lustre/mathdugre/fast-interpolate/datasets/ds004513/derivatives/flint/antsRegistration/r7-p20/sub-s033/Stage1_level1_Iter0038.nii.gz
2DIAGNOSTIC,    38, -6.458045095180e-01, 2.191662788391e-04, 0.0000e+00, 0.0000e+00, 
*/mnt/lustre/mathdugre/fast-interpolate/datasets/ds004513/derivatives/flint/antsRegistration/r7-p20/sub-s033/Stage1_level1_Iter0039.nii.gz
2DIAGNOSTIC,    39, -6.460203232786e-01, 1.798570156097e-04, 0.0000e+00, 0.0000e+00, 
*/mnt/lustre/mathdugre/fast-interpolate/datasets/ds004513/derivatives/flint/antsRegistration/r7-p20/sub-s033/Stage1_level1_Iter0040.nii.gz
2DIAGNOSTIC,    40, -6.462050197129e-01, 1.402348279953e-04, 0.0000e+00, 0.0000e+00, 
*/mnt/lustre/mathdugre/fast-interpolate/datasets/ds004513/derivatives/flint/antsRegistration/r7-p20/sub-s033/Stage1_level1_Iter0041.nii.gz
2DIAGNOSTIC,    41, -6.466195696974e-01, 1.077651977539e-04, 0.0000e+00, 0.0000e+00, 
*/mnt/lustre/mathdugre/fast-interpolate/datasets/ds004513/derivatives/flint/antsRegistration/r7-p20/sub-s033/Stage1_level1_Iter0042.nii.gz
2DIAGNOSTIC,    42, -6.466892005440e-01, 8.827447891235e-05, 0.0000e+00, 0.0000e+00, 
*/mnt/lustre/mathdugre/fast-interpolate/datasets/ds004513/derivatives/flint/antsRegistration/r7-p20/sub-s033/Stage1_level1_Iter0043.nii.gz
2DIAGNOSTIC,    43, -6.466192110309e-01, 7.550418376923e-05, 0.0000e+00, 0.0000e+00, 
*/mnt/lustre/mathdugre/fast-interpolate/datasets/ds004513/derivatives/flint/antsRegistration/r7-p20/sub-s033/Stage1_level1_Iter0044.nii.gz
2DIAGNOSTIC,    44, -6.466516687749e-01, 6.034970283508e-05, 0.0000e+00, 0.0000e+00, 
*/mnt/lustre/mathdugre/fast-interpolate/datasets/ds004513/derivatives/flint/antsRegistration/r7-p20/sub-s033/Stage1_level1_Iter0045.nii.gz
2DIAGNOSTIC,    45, -6.466084165265e-01, 4.389882087708e-05, 0.0000e+00, 0.0000e+00, 
*/mnt/lustre/mathdugre/fast-interpolate/datasets/ds004513/derivatives/flint/antsRegistration/r7-p20/sub-s033/Stage1_level1_Iter0046.nii.gz
2DIAGNOSTIC,    46, -6.466078529254e-01, 3.013014793396e-05, 0.0000e+00, 0.0000e+00, 
*/mnt/lustre/mathdugre/fast-interpolate/datasets/ds004513/derivatives/flint/antsRegistration/r7-p20/sub-s033/Stage1_level1_Iter0047.nii.gz
2DIAGNOSTIC,    47, -6.466091027299e-01, 1.721084117889e-05, 0.0000e+00, 0.0000e+00, 
*/mnt/lustre/mathdugre/fast-interpolate/datasets/ds004513/derivatives/flint/antsRegistration/r7-p20/sub-s033/Stage1_level1_Iter0048.nii.gz
2DIAGNOSTIC,    48, -6.466107424880e-01, 9.790062904358e-06, 0.0000e+00, 0.0000e+00, 
*/mnt/lustre/mathdugre/fast-interpolate/datasets/ds004513/derivatives/flint/antsRegistration/r7-p20/sub-s033/Stage1_level1_Iter0049.nii.gz
2DIAGNOSTIC,    49, -6.466115131586e-01, 3.933906555176e-06, 0.0000e+00, 0.0000e+00, 
DIAGNOSTIC,Iteration,metricValue,convergenceValue,ITERATION_TIME_INDEX,SINCE_LAST
*/mnt/lustre/mathdugre/fast-interpolate/datasets/ds004513/derivatives/flint/antsRegistration/r7-p20/sub-s033/Stage1_level2_Iter0001.nii.gz
2DIAGNOSTIC,     1, -5.353645574627e-01, 1.797693134862e+308, 0.0000e+00, 0.0000e+00, 
*/mnt/lustre/mathdugre/fast-interpolate/datasets/ds004513/derivatives/flint/antsRegistration/r7-p20/sub-s033/Stage1_level2_Iter0002.nii.gz
2DIAGNOSTIC,     2, -5.363892565329e-01, 1.797693134862e+308, 0.0000e+00, 0.0000e+00, 
*/mnt/lustre/mathdugre/fast-interpolate/datasets/ds004513/derivatives/flint/antsRegistration/r7-p20/sub-s033/Stage1_level2_Iter0003.nii.gz
2DIAGNOSTIC,     3, -5.375791959442e-01, 1.797693134862e+308, 0.0000e+00, 0.0000e+00, 
*/mnt/lustre/mathdugre/fast-interpolate/datasets/ds004513/derivatives/flint/antsRegistration/r7-p20/sub-s033/Stage1_level2_Iter0004.nii.gz
2DIAGNOSTIC,     4, -5.388780392112e-01, 1.797693134862e+308, 0.0000e+00, 0.0000e+00, 
*/mnt/lustre/mathdugre/fast-interpolate/datasets/ds004513/derivatives/flint/antsRegistration/r7-p20/sub-s033/Stage1_level2_Iter0005.nii.gz
2DIAGNOSTIC,     5, -5.407769138466e-01, 1.797693134862e+308, 0.0000e+00, 0.0000e+00, 
*/mnt/lustre/mathdugre/fast-interpolate/datasets/ds004513/derivatives/flint/antsRegistration/r7-p20/sub-s033/Stage1_level2_Iter0006.nii.gz
2DIAGNOSTIC,     6, -5.422953473183e-01, 1.797693134862e+308, 0.0000e+00, 0.0000e+00, 
*/mnt/lustre/mathdugre/fast-interpolate/datasets/ds004513/derivatives/flint/antsRegistration/r7-p20/sub-s033/Stage1_level2_Iter0007.nii.gz
2DIAGNOSTIC,     7, -5.431594201246e-01, 1.797693134862e+308, 0.0000e+00, 0.0000e+00, 
*/mnt/lustre/mathdugre/fast-interpolate/datasets/ds004513/derivatives/flint/antsRegistration/r7-p20/sub-s033/Stage1_level2_Iter0008.nii.gz
2DIAGNOSTIC,     8, -5.432694495220e-01, 1.797693134862e+308, 0.0000e+00, 0.0000e+00, 
*/mnt/lustre/mathdugre/fast-interpolate/datasets/ds004513/derivatives/flint/antsRegistration/r7-p20/sub-s033/Stage1_level2_Iter0009.nii.gz
2DIAGNOSTIC,     9, -5.438459338267e-01, 1.797693134862e+308, 0.0000e+00, 0.0000e+00, 
*/mnt/lustre/mathdugre/fast-interpolate/datasets/ds004513/derivatives/flint/antsRegistration/r7-p20/sub-s033/Stage1_level2_Iter0010.nii.gz
2DIAGNOSTIC,    10, -5.440748138305e-01, 1.131951808929e-03, 0.0000e+00, 0.0000e+00, 
*/mnt/lustre/mathdugre/fast-interpolate/datasets/ds004513/derivatives/flint/antsRegistration/r7-p20/sub-s033/Stage1_level2_Iter0011.nii.gz
2DIAGNOSTIC,    11, -5.440452243381e-01, 8.686780929565e-04, 0.0000e+00, 0.0000e+00, 
*/mnt/lustre/mathdugre/fast-interpolate/datasets/ds004513/derivatives/flint/antsRegistration/r7-p20/sub-s033/Stage1_level2_Iter0012.nii.gz
2DIAGNOSTIC,    12, -5.440642716084e-01, 6.179213523865e-04, 0.0000e+00, 0.0000e+00, 
*/mnt/lustre/mathdugre/fast-interpolate/datasets/ds004513/derivatives/flint/antsRegistration/r7-p20/sub-s033/Stage1_level2_Iter0013.nii.gz
2DIAGNOSTIC,    13, -5.441030565969e-01, 4.000663757324e-04, 0.0000e+00, 0.0000e+00, 
*/mnt/lustre/mathdugre/fast-interpolate/datasets/ds004513/derivatives/flint/antsRegistration/r7-p20/sub-s033/Stage1_level2_Iter0014.nii.gz
2DIAGNOSTIC,    14, -5.441633897698e-01, 2.271533012390e-04, 0.0000e+00, 0.0000e+00, 
*/mnt/lustre/mathdugre/fast-interpolate/datasets/ds004513/derivatives/flint/antsRegistration/r7-p20/sub-s033/Stage1_level2_Iter0015.nii.gz
2DIAGNOSTIC,    15, -5.442706675962e-01, 1.257658004761e-04, 0.0000e+00, 0.0000e+00, 
*/mnt/lustre/mathdugre/fast-interpolate/datasets/ds004513/derivatives/flint/antsRegistration/r7-p20/sub-s033/Stage1_level2_Iter0016.nii.gz
2DIAGNOSTIC,    16, -5.446267688103e-01, 8.654594421387e-05, 0.0000e+00, 0.0000e+00, 
*/mnt/lustre/mathdugre/fast-interpolate/datasets/ds004513/derivatives/flint/antsRegistration/r7-p20/sub-s033/Stage1_level2_Iter0017.nii.gz
2DIAGNOSTIC,    17, -5.463108672744e-01, 1.227855682373e-04, 0.0000e+00, 0.0000e+00, 
*/mnt/lustre/mathdugre/fast-interpolate/datasets/ds004513/derivatives/flint/antsRegistration/r7-p20/sub-s033/Stage1_level2_Iter0018.nii.gz
2DIAGNOSTIC,    18, -5.467633730521e-01, 1.585483551025e-04, 0.0000e+00, 0.0000e+00, 
*/mnt/lustre/mathdugre/fast-interpolate/datasets/ds004513/derivatives/flint/antsRegistration/r7-p20/sub-s033/Stage1_level2_Iter0019.nii.gz
2DIAGNOSTIC,    19, -5.468388708689e-01, 1.940131187439e-04, 0.0000e+00, 0.0000e+00, 
*/mnt/lustre/mathdugre/fast-interpolate/datasets/ds004513/derivatives/flint/antsRegistration/r7-p20/sub-s033/Stage1_level2_Iter0020.nii.gz
2DIAGNOSTIC,    20, -5.468049094506e-01, 2.139210700989e-04, 0.0000e+00, 0.0000e+00, 
*/mnt/lustre/mathdugre/fast-interpolate/datasets/ds004513/derivatives/flint/antsRegistration/r7-p20/sub-s033/Stage1_level2_Iter0021.nii.gz
2DIAGNOSTIC,    21, -5.467665537909e-01, 2.104341983795e-04, 0.0000e+00, 0.0000e+00, 
*/mnt/lustre/mathdugre/fast-interpolate/datasets/ds004513/derivatives/flint/antsRegistration/r7-p20/sub-s033/Stage1_level2_Iter0022.nii.gz
2DIAGNOSTIC,    22, -5.467726753254e-01, 1.876652240753e-04, 0.0000e+00, 0.0000e+00, 
*/mnt/lustre/mathdugre/fast-interpolate/datasets/ds004513/derivatives/flint/antsRegistration/r7-p20/sub-s033/Stage1_level2_Iter0023.nii.gz
2DIAGNOSTIC,    23, -5.467563654882e-01, 1.496970653534e-04, 0.0000e+00, 0.0000e+00, 
*/mnt/lustre/mathdugre/fast-interpolate/datasets/ds004513/derivatives/flint/antsRegistration/r7-p20/sub-s033/Stage1_level2_Iter0024.nii.gz
2DIAGNOSTIC,    24, -5.467720203013e-01, 1.032948493958e-04, 0.0000e+00, 0.0000e+00, 
*/mnt/lustre/mathdugre/fast-interpolate/datasets/ds004513/derivatives/flint/antsRegistration/r7-p20/sub-s033/Stage1_level2_Iter0025.nii.gz
2DIAGNOSTIC,    25, -5.467724531041e-01, 5.361437797546e-05, 0.0000e+00, 0.0000e+00, 
*/mnt/lustre/mathdugre/fast-interpolate/datasets/ds004513/derivatives/flint/antsRegistration/r7-p20/sub-s033/Stage1_level2_Iter0026.nii.gz
2DIAGNOSTIC,    26, -5.467891588618e-01, 9.626150131226e-06, 0.0000e+00, 0.0000e+00, 
*/mnt/lustre/mathdugre/fast-interpolate/datasets/ds004513/derivatives/flint/antsRegistration/r7-p20/sub-s033/Stage1_level2_Iter0027.nii.gz
2DIAGNOSTIC,    27, -5.468546153115e-01, 1.668930053711e-06, 0.0000e+00, 0.0000e+00, 
*/mnt/lustre/mathdugre/fast-interpolate/datasets/ds004513/derivatives/flint/antsRegistration/r7-p20/sub-s033/Stage1_level2_Iter0028.nii.gz
2DIAGNOSTIC,    28, -5.469135818355e-01, 3.695487976074e-06, 0.0000e+00, 0.0000e+00, 
*/mnt/lustre/mathdugre/fast-interpolate/datasets/ds004513/derivatives/flint/antsRegistration/r7-p20/sub-s033/Stage1_level2_Iter0029.nii.gz
2DIAGNOSTIC,    29, -5.470558775324e-01, 9.238719940186e-06, 0.0000e+00, 0.0000e+00, 
*/mnt/lustre/mathdugre/fast-interpolate/datasets/ds004513/derivatives/flint/antsRegistration/r7-p20/sub-s033/Stage1_level2_Iter0030.nii.gz
2DIAGNOSTIC,    30, -5.477476301607e-01, 2.506375312805e-05, 0.0000e+00, 0.0000e+00, 
*/mnt/lustre/mathdugre/fast-interpolate/datasets/ds004513/derivatives/flint/antsRegistration/r7-p20/sub-s033/Stage1_level2_Iter0031.nii.gz
2DIAGNOSTIC,    31, -5.477424982467e-01, 3.659725189209e-05, 0.0000e+00, 0.0000e+00, 
*/mnt/lustre/mathdugre/fast-interpolate/datasets/ds004513/derivatives/flint/antsRegistration/r7-p20/sub-s033/Stage1_level2_Iter0032.nii.gz
2DIAGNOSTIC,    32, -5.477275030960e-01, 4.395842552185e-05, 0.0000e+00, 0.0000e+00, 
*/mnt/lustre/mathdugre/fast-interpolate/datasets/ds004513/derivatives/flint/antsRegistration/r7-p20/sub-s033/Stage1_level2_Iter0033.nii.gz
2DIAGNOSTIC,    33, -5.477176053922e-01, 4.667043685913e-05, 0.0000e+00, 0.0000e+00, 
*/mnt/lustre/mathdugre/fast-interpolate/datasets/ds004513/derivatives/flint/antsRegistration/r7-p20/sub-s033/Stage1_level2_Iter0034.nii.gz
2DIAGNOSTIC,    34, -5.477188093585e-01, 4.497170448303e-05, 0.0000e+00, 0.0000e+00, 
*/mnt/lustre/mathdugre/fast-interpolate/datasets/ds004513/derivatives/flint/antsRegistration/r7-p20/sub-s033/Stage1_level2_Iter0035.nii.gz
2DIAGNOSTIC,    35, -5.477202200973e-01, 3.911554813385e-05, 0.0000e+00, 0.0000e+00, 
*/mnt/lustre/mathdugre/fast-interpolate/datasets/ds004513/derivatives/flint/antsRegistration/r7-p20/sub-s033/Stage1_level2_Iter0036.nii.gz
2DIAGNOSTIC,    36, -5.477334906208e-01, 3.032386302948e-05, 0.0000e+00, 0.0000e+00, 
*/mnt/lustre/mathdugre/fast-interpolate/datasets/ds004513/derivatives/flint/antsRegistration/r7-p20/sub-s033/Stage1_level2_Iter0037.nii.gz
2DIAGNOSTIC,    37, -5.477464277278e-01, 2.053380012512e-05, 0.0000e+00, 0.0000e+00, 
*/mnt/lustre/mathdugre/fast-interpolate/datasets/ds004513/derivatives/flint/antsRegistration/r7-p20/sub-s033/Stage1_level2_Iter0038.nii.gz
2DIAGNOSTIC,    38, -5.477375846947e-01, 1.002848148346e-05, 0.0000e+00, 0.0000e+00, 
DIAGNOSTIC,Iteration,metricValue,convergenceValue,ITERATION_TIME_INDEX,SINCE_LAST
*/mnt/lustre/mathdugre/fast-interpolate/datasets/ds004513/derivatives/flint/antsRegistration/r7-p20/sub-s033/Stage1_level3_Iter0001.nii.gz
2DIAGNOSTIC,     1, -4.659984296001e-01, 1.797693134862e+308, 0.0000e+00, 0.0000e+00, 
*/mnt/lustre/mathdugre/fast-interpolate/datasets/ds004513/derivatives/flint/antsRegistration/r7-p20/sub-s033/Stage1_level3_Iter0002.nii.gz
2DIAGNOSTIC,     2, -4.661545903062e-01, 1.797693134862e+308, 0.0000e+00, 0.0000e+00, 
*/mnt/lustre/mathdugre/fast-interpolate/datasets/ds004513/derivatives/flint/antsRegistration/r7-p20/sub-s033/Stage1_level3_Iter0003.nii.gz
2DIAGNOSTIC,     3, -4.662972688423e-01, 1.797693134862e+308, 0.0000e+00, 0.0000e+00, 
*/mnt/lustre/mathdugre/fast-interpolate/datasets/ds004513/derivatives/flint/antsRegistration/r7-p20/sub-s033/Stage1_level3_Iter0004.nii.gz
2DIAGNOSTIC,     4, -4.664228923452e-01, 1.797693134862e+308, 0.0000e+00, 0.0000e+00, 
*/mnt/lustre/mathdugre/fast-interpolate/datasets/ds004513/derivatives/flint/antsRegistration/r7-p20/sub-s033/Stage1_level3_Iter0005.nii.gz
2DIAGNOSTIC,     5, -4.665792718119e-01, 1.797693134862e+308, 0.0000e+00, 0.0000e+00, 
*/mnt/lustre/mathdugre/fast-interpolate/datasets/ds004513/derivatives/flint/antsRegistration/r7-p20/sub-s033/Stage1_level3_Iter0006.nii.gz
2DIAGNOSTIC,     6, -4.669253492178e-01, 1.797693134862e+308, 0.0000e+00, 0.0000e+00, 
*/mnt/lustre/mathdugre/fast-interpolate/datasets/ds004513/derivatives/flint/antsRegistration/r7-p20/sub-s033/Stage1_level3_Iter0007.nii.gz
2DIAGNOSTIC,     7, -4.673954548536e-01, 1.797693134862e+308, 0.0000e+00, 0.0000e+00, 
*/mnt/lustre/mathdugre/fast-interpolate/datasets/ds004513/derivatives/flint/antsRegistration/r7-p20/sub-s033/Stage1_level3_Iter0008.nii.gz
2DIAGNOSTIC,     8, -4.673850941479e-01, 1.797693134862e+308, 0.0000e+00, 0.0000e+00, 
*/mnt/lustre/mathdugre/fast-interpolate/datasets/ds004513/derivatives/flint/antsRegistration/r7-p20/sub-s033/Stage1_level3_Iter0009.nii.gz
2DIAGNOSTIC,     9, -4.674100274413e-01, 1.797693134862e+308, 0.0000e+00, 0.0000e+00, 
*/mnt/lustre/mathdugre/fast-interpolate/datasets/ds004513/derivatives/flint/antsRegistration/r7-p20/sub-s033/Stage1_level3_Iter0010.nii.gz
2DIAGNOSTIC,    10, -4.674860193110e-01, 2.382993698120e-04, 0.0000e+00, 0.0000e+00, 
*/mnt/lustre/mathdugre/fast-interpolate/datasets/ds004513/derivatives/flint/antsRegistration/r7-p20/sub-s033/Stage1_level3_Iter0011.nii.gz
2DIAGNOSTIC,    11, -4.675199202610e-01, 1.993179321289e-04, 0.0000e+00, 0.0000e+00, 
*/mnt/lustre/mathdugre/fast-interpolate/datasets/ds004513/derivatives/flint/antsRegistration/r7-p20/sub-s033/Stage1_level3_Iter0012.nii.gz
2DIAGNOSTIC,    12, -4.675273861851e-01, 1.573562622070e-04, 0.0000e+00, 0.0000e+00, 
*/mnt/lustre/mathdugre/fast-interpolate/datasets/ds004513/derivatives/flint/antsRegistration/r7-p20/sub-s033/Stage1_level3_Iter0013.nii.gz
2DIAGNOSTIC,    13, -4.675274251978e-01, 1.146793365479e-04, 0.0000e+00, 0.0000e+00, 
*/mnt/lustre/mathdugre/fast-interpolate/datasets/ds004513/derivatives/flint/antsRegistration/r7-p20/sub-s033/Stage1_level3_Iter0014.nii.gz
2DIAGNOSTIC,    14, -4.675276379975e-01, 7.367134094238e-05, 0.0000e+00, 0.0000e+00, 
*/mnt/lustre/mathdugre/fast-interpolate/datasets/ds004513/derivatives/flint/antsRegistration/r7-p20/sub-s033/Stage1_level3_Iter0015.nii.gz
2DIAGNOSTIC,    15, -4.675244688965e-01, 3.761053085327e-05, 0.0000e+00, 0.0000e+00, 
*/mnt/lustre/mathdugre/fast-interpolate/datasets/ds004513/derivatives/flint/antsRegistration/r7-p20/sub-s033/Stage1_level3_Iter0016.nii.gz
2DIAGNOSTIC,    16, -4.675245901763e-01, 1.543760299683e-05, 0.0000e+00, 0.0000e+00, 
*/mnt/lustre/mathdugre/fast-interpolate/datasets/ds004513/derivatives/flint/antsRegistration/r7-p20/sub-s033/Stage1_level3_Iter0017.nii.gz
2DIAGNOSTIC,    17, -4.675247640044e-01, 1.150369644165e-05, 0.0000e+00, 0.0000e+00, 
*/mnt/lustre/mathdugre/fast-interpolate/datasets/ds004513/derivatives/flint/antsRegistration/r7-p20/sub-s033/Stage1_level3_Iter0018.nii.gz
2DIAGNOSTIC,    18, -4.675244931166e-01, 6.824731826782e-06, 0.0000e+00, 0.0000e+00, 
*/mnt/lustre/mathdugre/fast-interpolate/datasets/ds004513/derivatives/flint/antsRegistration/r7-p20/sub-s033/Stage1_level3_Iter0019.nii.gz
2DIAGNOSTIC,    19, -4.675244938077e-01, 2.861022949219e-06, 0.0000e+00, 0.0000e+00, 
*/mnt/lustre/mathdugre/fast-interpolate/datasets/ds004513/derivatives/flint/antsRegistration/r7-p20/sub-s033/Stage1_level3_Iter0020.nii.gz
2DIAGNOSTIC,    20, -4.675244579562e-01, 1.490116119385e-06, 0.0000e+00, 0.0000e+00, 
*/mnt/lustre/mathdugre/fast-interpolate/datasets/ds004513/derivatives/flint/antsRegistration/r7-p20/sub-s033/Stage1_level3_Iter0021.nii.gz
2DIAGNOSTIC,    21, -4.675244586428e-01, 1.341104507446e-06, 0.0000e+00, 0.0000e+00, 
*/mnt/lustre/mathdugre/fast-interpolate/datasets/ds004513/derivatives/flint/antsRegistration/r7-p20/sub-s033/Stage1_level3_Iter0022.nii.gz
2DIAGNOSTIC,    22, -4.675244588393e-01, 1.311302185059e-06, 0.0000e+00, 0.0000e+00, 
*/mnt/lustre/mathdugre/fast-interpolate/datasets/ds004513/derivatives/flint/antsRegistration/r7-p20/sub-s033/Stage1_level3_Iter0023.nii.gz
2DIAGNOSTIC,    23, -4.675243975816e-01, 1.311302185059e-06, 0.0000e+00, 0.0000e+00, 
*/mnt/lustre/mathdugre/fast-interpolate/datasets/ds004513/derivatives/flint/antsRegistration/r7-p20/sub-s033/Stage1_level3_Iter0024.nii.gz
2DIAGNOSTIC,    24, -4.675243900215e-01, 1.281499862671e-06, 0.0000e+00, 0.0000e+00, 
*/mnt/lustre/mathdugre/fast-interpolate/datasets/ds004513/derivatives/flint/antsRegistration/r7-p20/sub-s033/Stage1_level3_Iter0025.nii.gz
2DIAGNOSTIC,    25, -4.675243884070e-01, 1.281499862671e-06, 0.0000e+00, 0.0000e+00, 
*/mnt/lustre/mathdugre/fast-interpolate/datasets/ds004513/derivatives/flint/antsRegistration/r7-p20/sub-s033/Stage1_level3_Iter0026.nii.gz
2DIAGNOSTIC,    26, -4.675243884070e-01, 1.192092895508e-06, 0.0000e+00, 0.0000e+00, 
*/mnt/lustre/mathdugre/fast-interpolate/datasets/ds004513/derivatives/flint/antsRegistration/r7-p20/sub-s033/Stage1_level3_Iter0027.nii.gz
2DIAGNOSTIC,    27, -4.675243884070e-01, 1.162290573120e-06, 0.0000e+00, 0.0000e+00, 
*/mnt/lustre/mathdugre/fast-interpolate/datasets/ds004513/derivatives/flint/antsRegistration/r7-p20/sub-s033/Stage1_level3_Iter0028.nii.gz
2DIAGNOSTIC,    28, -4.675243828887e-01, 1.102685928345e-06, 0.0000e+00, 0.0000e+00, 
*/mnt/lustre/mathdugre/fast-interpolate/datasets/ds004513/derivatives/flint/antsRegistration/r7-p20/sub-s033/Stage1_level3_Iter0029.nii.gz
2DIAGNOSTIC,    29, -4.675243469987e-01, 1.102685928345e-06, 0.0000e+00, 0.0000e+00, 
*/mnt/lustre/mathdugre/fast-interpolate/datasets/ds004513/derivatives/flint/antsRegistration/r7-p20/sub-s033/Stage1_level3_Iter0030.nii.gz
2DIAGNOSTIC,    30, -4.675243469987e-01, 1.043081283569e-06, 0.0000e+00, 0.0000e+00, 
DIAGNOSTIC,Iteration,metricValue,convergenceValue,ITERATION_TIME_INDEX,SINCE_LAST
*/mnt/lustre/mathdugre/fast-interpolate/datasets/ds004513/derivatives/flint/antsRegistration/r7-p20/sub-s033/Stage1_level4_Iter0001.nii.gz
2DIAGNOSTIC,     1, -4.259270466408e-01, 1.797693134862e+308, 0.0000e+00, 0.0000e+00, 
