
##########################
# Experiment information #
##########################

EXPERIMENT_NAME: r7-p20
VFC_BACKENDS: libinterflop_vprec.so --range-binary32=7 --precision-binary32=20 --range-binary64=7 --precision-binary64=20

SIF_IMG: /mnt/lustre/mathdugre/containers/ants-vprec-no_metric.simg

SUBJECT_ID: s037
INPUT_IMG: /mnt/lustre/mathdugre/fast-interpolate/datasets/ds004513/derivatives/flint/antsBrainExtraction/sub-s037/BrainExtractionBrain.nii.gz
OUTPUT_DIR: /mnt/lustre/mathdugre/fast-interpolate/datasets/ds004513/derivatives/flint/antsRegistration/r7-p20/sub-s037

FIXED_IMG: /templateflow/tpl-MNI152NLin2009cAsym/tpl-MNI152NLin2009cAsym_res-01_desc-brain_T1w.nii.gz
DATA_DIR: /mnt/lustre/mathdugre/fast-interpolate/datasets/ds004513
TEMPLATEFLOW_DIR: /home/mathdugre/.cache/templateflow
ITK_GLOBAL_DEFAULT_NUMBER_OF_THREADS: 4
##########################

Info [verificarlo]: loaded backend libinterflop_vprec.so
Info [interflop-vprec]: load backend with: 
Info [interflop-vprec]: precision-binary32 = 20
Info [interflop-vprec]: range-binary32 = 7
Info [interflop-vprec]: precision-binary64 = 20
Info [interflop-vprec]: range-binary64 = 7
Info [interflop-vprec]: mode = ob
Info [interflop-vprec]: error-mode = rel
Info [interflop-vprec]: max-abs-error-exponent = -1022
Info [interflop-vprec]: daz = false
Info [interflop-vprec]: ftz = false
Info [interflop-vprec]: 	instrument = none
Info [interflop-vprec]: 	prec-input-file = (null)
Info [interflop-vprec]: 	prec-output-file = (null)
Info [interflop-vprec]: 	prec-log-file = (null)
All_Command_lines_OK
Using double precision for computations.
=============================================================================
The composite transform comprises the following transforms (in order): 
  1. Center of mass alignment using fixed image: /templateflow/tpl-MNI152NLin2009cAsym/tpl-MNI152NLin2009cAsym_res-01_desc-brain_T1w.nii.gz and moving image: /mnt/lustre/mathdugre/fast-interpolate/datasets/ds004513/derivatives/flint/antsBrainExtraction/sub-s037/BrainExtractionBrain.nii.gz (type = Euler3DTransform)
=============================================================================
  number of levels = 4
  number of levels = 4
  number of levels = 4
  fixed image: /templateflow/tpl-MNI152NLin2009cAsym/tpl-MNI152NLin2009cAsym_res-01_desc-brain_T1w.nii.gz
  moving image: /mnt/lustre/mathdugre/fast-interpolate/datasets/ds004513/derivatives/flint/antsBrainExtraction/sub-s037/BrainExtractionBrain.nii.gz
  fixed image: /templateflow/tpl-MNI152NLin2009cAsym/tpl-MNI152NLin2009cAsym_res-01_desc-brain_T1w.nii.gz
  moving image: /mnt/lustre/mathdugre/fast-interpolate/datasets/ds004513/derivatives/flint/antsBrainExtraction/sub-s037/BrainExtractionBrain.nii.gz
  fixed image: /templateflow/tpl-MNI152NLin2009cAsym/tpl-MNI152NLin2009cAsym_res-01_desc-brain_T1w.nii.gz
  moving image: /mnt/lustre/mathdugre/fast-interpolate/datasets/ds004513/derivatives/flint/antsBrainExtraction/sub-s037/BrainExtractionBrain.nii.gz
Dimension = 3
Number of stages = 3
Use histogram matching = false
Winsorize image intensities = true
  Lower quantile = 0.005
  Upper quantile = 0.995


Stage 1 State
   Image metric = MattesMI
     Fixed image = Image (0x40d9b30)
  RTTI typeinfo:   itk::Image<double, 3u>
  Reference Count: 2
  Modified Time: 2385
  Debug: Off
  Object Name: 
  Observers: 
    none
  Source: (none)
  Source output name: (none)
  Release Data: Off
  Data Released: False
  Global Release Data: Off
  PipelineMTime: 0
  UpdateMTime: 1996
  RealTimeStamp: 0 seconds 
  LargestPossibleRegion: 
    Dimension: 3
    Index: [0, 0, 0]
    Size: [193, 229, 193]
  BufferedRegion: 
    Dimension: 3
    Index: [0, 0, 0]
    Size: [193, 229, 193]
  RequestedRegion: 
    Dimension: 3
    Index: [0, 0, 0]
    Size: [193, 229, 193]
  Spacing: [1, 1, 1]
  Origin: [96, 132, -78]
  Direction: 
-1 0 0
0 -1 0
0 0 1

  IndexToPointMatrix: 
-1 0 0
0 -1 0
0 0 1

  PointToIndexMatrix: 
-1 0 0
0 -1 0
0 0 1

  Inverse Direction: 
-1 0 0
0 -1 0
0 0 1

  PixelContainer: 
    ImportImageContainer (0x40dea10)
      RTTI typeinfo:   itk::ImportImageContainer<unsigned long, double>
      Reference Count: 1
      Modified Time: 1993
      Debug: Off
      Object Name: 
      Observers: 
        none
      Pointer: 0x7f706e116010
      Container manages memory: true
      Size: 8530021
      Capacity: 8530021

     Moving image = Image (0x40d5400)
  RTTI typeinfo:   itk::Image<double, 3u>
  Reference Count: 2
  Modified Time: 2386
  Debug: Off
  Object Name: 
  Observers: 
    none
  Source: (none)
  Source output name: (none)
  Release Data: Off
  Data Released: False
  Global Release Data: Off
  PipelineMTime: 0
  UpdateMTime: 2383
  RealTimeStamp: 0 seconds 
  LargestPossibleRegion: 
    Dimension: 3
    Index: [0, 0, 0]
    Size: [160, 240, 256]
  BufferedRegion: 
    Dimension: 3
    Index: [0, 0, 0]
    Size: [160, 240, 256]
  RequestedRegion: 
    Dimension: 3
    Index: [0, 0, 0]
    Size: [160, 240, 256]
  Spacing: [1, 1, 1]
  Origin: [87.9508, 102.562, -147.639]
  Direction: 
-0.998658 -0.0436121 -0.0279129
0.043595 -0.999049 0.00121847
-0.0279395 -2.65543e-08 0.999609

  IndexToPointMatrix: 
-0.998658 -0.0436121 -0.0279129
0.043595 -0.999049 0.00121847
-0.0279395 -2.65543e-08 0.999609

  PointToIndexMatrix: 
-0.99866 0.043595 -0.0279396
-0.043612 -0.999048 2.38419e-07
-0.027913 0.00121832 0.99961

  Inverse Direction: 
-0.99866 0.043595 -0.0279396
-0.043612 -0.999048 2.38419e-07
-0.027913 0.00121832 0.99961

  PixelContainer: 
    ImportImageContainer (0x42a96d0)
      RTTI typeinfo:   itk::ImportImageContainer<unsigned long, double>
      Reference Count: 1
      Modified Time: 2380
      Debug: Off
      Object Name: 
      Observers: 
        none
      Pointer: 0x7f7069615010
      Container manages memory: true
      Size: 9830400
      Capacity: 9830400

     Weighting = 1
     Sampling strategy = regular
     Number of bins = 32
     Radius = 4
     Sampling percentage  = 0.25
   Transform = Rigid
     Gradient step = 0.1
     Update field sigma (voxel space) = 0
     Total field sigma (voxel space) = 0
     Update field time sigma = 0
     Total field time sigma  = 0
     Number of time indices = 0
     Number of time point samples = 0
Stage 2 State
   Image metric = MattesMI
     Fixed image = Image (0x40f5ec0)
  RTTI typeinfo:   itk::Image<double, 3u>
  Reference Count: 2
  Modified Time: 3161
  Debug: Off
  Object Name: 
  Observers: 
    none
  Source: (none)
  Source output name: (none)
  Release Data: Off
  Data Released: False
  Global Release Data: Off
  PipelineMTime: 0
  UpdateMTime: 2772
  RealTimeStamp: 0 seconds 
  LargestPossibleRegion: 
    Dimension: 3
    Index: [0, 0, 0]
    Size: [193, 229, 193]
  BufferedRegion: 
    Dimension: 3
    Index: [0, 0, 0]
    Size: [193, 229, 193]
  RequestedRegion: 
    Dimension: 3
    Index: [0, 0, 0]
    Size: [193, 229, 193]
  Spacing: [1, 1, 1]
  Origin: [96, 132, -78]
  Direction: 
-1 0 0
0 -1 0
0 0 1

  IndexToPointMatrix: 
-1 0 0
0 -1 0
0 0 1

  PointToIndexMatrix: 
-1 0 0
0 -1 0
0 0 1

  Inverse Direction: 
-1 0 0
0 -1 0
0 0 1

  PixelContainer: 
    ImportImageContainer (0x40f6c80)
      RTTI typeinfo:   itk::ImportImageContainer<unsigned long, double>
      Reference Count: 1
      Modified Time: 2769
      Debug: Off
      Object Name: 
      Observers: 
        none
      Pointer: 0x7f7065500010
      Container manages memory: true
      Size: 8530021
      Capacity: 8530021

     Moving image = Image (0x40fe690)
  RTTI typeinfo:   itk::Image<double, 3u>
  Reference Count: 2
  Modified Time: 3162
  Debug: Off
  Object Name: 
  Observers: 
    none
  Source: (none)
  Source output name: (none)
  Release Data: Off
  Data Released: False
  Global Release Data: Off
  PipelineMTime: 0
  UpdateMTime: 3159
  RealTimeStamp: 0 seconds 
  LargestPossibleRegion: 
    Dimension: 3
    Index: [0, 0, 0]
    Size: [160, 240, 256]
  BufferedRegion: 
    Dimension: 3
    Index: [0, 0, 0]
    Size: [160, 240, 256]
  RequestedRegion: 
    Dimension: 3
    Index: [0, 0, 0]
    Size: [160, 240, 256]
  Spacing: [1, 1, 1]
  Origin: [87.9508, 102.562, -147.639]
  Direction: 
-0.998658 -0.0436121 -0.0279129
0.043595 -0.999049 0.00121847
-0.0279395 -2.65543e-08 0.999609

  IndexToPointMatrix: 
-0.998658 -0.0436121 -0.0279129
0.043595 -0.999049 0.00121847
-0.0279395 -2.65543e-08 0.999609

  PointToIndexMatrix: 
-0.99866 0.043595 -0.0279396
-0.043612 -0.999048 2.38419e-07
-0.027913 0.00121832 0.99961

  Inverse Direction: 
-0.99866 0.043595 -0.0279396
-0.043612 -0.999048 2.38419e-07
-0.027913 0.00121832 0.99961

  PixelContainer: 
    ImportImageContainer (0x42896d0)
      RTTI typeinfo:   itk::ImportImageContainer<unsigned long, double>
      Reference Count: 1
      Modified Time: 3156
      Debug: Off
      Object Name: 
      Observers: 
        none
      Pointer: 0x7f70609ff010
      Container manages memory: true
      Size: 9830400
      Capacity: 9830400

     Weighting = 1
     Sampling strategy = regular
     Number of bins = 32
     Radius = 4
     Sampling percentage  = 0.25
   Transform = Affine
     Gradient step = 0.1
     Update field sigma (voxel space) = 0
     Total field sigma (voxel space) = 0
     Update field time sigma = 0
     Total field time sigma  = 0
     Number of time indices = 0
     Number of time point samples = 0
Stage 3 State
   Image metric = CC
     Fixed image = Image (0x40fe220)
  RTTI typeinfo:   itk::Image<double, 3u>
  Reference Count: 2
  Modified Time: 3937
  Debug: Off
  Object Name: 
  Observers: 
    none
  Source: (none)
  Source output name: (none)
  Release Data: Off
  Data Released: False
  Global Release Data: Off
  PipelineMTime: 0
  UpdateMTime: 3548
  RealTimeStamp: 0 seconds 
  LargestPossibleRegion: 
    Dimension: 3
    Index: [0, 0, 0]
    Size: [193, 229, 193]
  BufferedRegion: 
    Dimension: 3
    Index: [0, 0, 0]
    Size: [193, 229, 193]
  RequestedRegion: 
    Dimension: 3
    Index: [0, 0, 0]
    Size: [193, 229, 193]
  Spacing: [1, 1, 1]
  Origin: [96, 132, -78]
  Direction: 
-1 0 0
0 -1 0
0 0 1

  IndexToPointMatrix: 
-1 0 0
0 -1 0
0 0 1

  PointToIndexMatrix: 
-1 0 0
0 -1 0
0 0 1

  Inverse Direction: 
-1 0 0
0 -1 0
0 0 1

  PixelContainer: 
    ImportImageContainer (0x40fdd40)
      RTTI typeinfo:   itk::ImportImageContainer<unsigned long, double>
      Reference Count: 1
      Modified Time: 3545
      Debug: Off
      Object Name: 
      Observers: 
        none
      Pointer: 0x7f705c8ea010
      Container manages memory: true
      Size: 8530021
      Capacity: 8530021

     Moving image = Image (0x40f3a80)
  RTTI typeinfo:   itk::Image<double, 3u>
  Reference Count: 2
  Modified Time: 3938
  Debug: Off
  Object Name: 
  Observers: 
    none
  Source: (none)
  Source output name: (none)
  Release Data: Off
  Data Released: False
  Global Release Data: Off
  PipelineMTime: 0
  UpdateMTime: 3935
  RealTimeStamp: 0 seconds 
  LargestPossibleRegion: 
    Dimension: 3
    Index: [0, 0, 0]
    Size: [160, 240, 256]
  BufferedRegion: 
    Dimension: 3
    Index: [0, 0, 0]
    Size: [160, 240, 256]
  RequestedRegion: 
    Dimension: 3
    Index: [0, 0, 0]
    Size: [160, 240, 256]
  Spacing: [1, 1, 1]
  Origin: [87.9508, 102.562, -147.639]
  Direction: 
-0.998658 -0.0436121 -0.0279129
0.043595 -0.999049 0.00121847
-0.0279395 -2.65543e-08 0.999609

  IndexToPointMatrix: 
-0.998658 -0.0436121 -0.0279129
0.043595 -0.999049 0.00121847
-0.0279395 -2.65543e-08 0.999609

  PointToIndexMatrix: 
-0.99866 0.043595 -0.0279396
-0.043612 -0.999048 2.38419e-07
-0.027913 0.00121832 0.99961

  Inverse Direction: 
-0.99866 0.043595 -0.0279396
-0.043612 -0.999048 2.38419e-07
-0.027913 0.00121832 0.99961

  PixelContainer: 
    ImportImageContainer (0x42c9750)
      RTTI typeinfo:   itk::ImportImageContainer<unsigned long, double>
      Reference Count: 1
      Modified Time: 3932
      Debug: Off
      Object Name: 
      Observers: 
        none
      Pointer: 0x7f7057de9010
      Container manages memory: true
      Size: 9830400
      Capacity: 9830400

     Weighting = 1
     Sampling strategy = none
     Number of bins = 32
     Radius = 4
     Sampling percentage  = 1
   Transform = SyN
     Gradient step = 0.1
     Update field sigma (voxel space) = 3
     Total field sigma (voxel space) = 0
     Update field time sigma = 0
     Total field time sigma  = 0
     Number of time indices = 0
     Number of time point samples = 0
Registration using 3 total stages.

Stage 0
  iterations = 1000x500x250x100
  convergence threshold = 1e-06
  convergence window size = 10
  number of levels = 4
  using the Mattes MI metric (number of bins = 32, weight = 1, use gradient filter = 0)
  preprocessing:  winsorizing the image intensities
  Shrink factors (level 1 out of 4): [8, 8, 8]
  Shrink factors (level 2 out of 4): [4, 4, 4]
  Shrink factors (level 3 out of 4): [2, 2, 2]
  Shrink factors (level 4 out of 4): [1, 1, 1]
  smoothing sigmas per level: [3, 2, 1, 0]
  regular sampling (percentage = 0.25)

*** Running Euler3DTransform registration ***

DIAGNOSTIC,Iteration,metricValue,convergenceValue,ITERATION_TIME_INDEX,SINCE_LAST
*/mnt/lustre/mathdugre/fast-interpolate/datasets/ds004513/derivatives/flint/antsRegistration/r7-p20/sub-s037/Stage1_level1_Iter0001.nii.gz
2DIAGNOSTIC,     1, -4.192343982426e-01, 1.797693134862e+308, 0.0000e+00, 0.0000e+00, 
*/mnt/lustre/mathdugre/fast-interpolate/datasets/ds004513/derivatives/flint/antsRegistration/r7-p20/sub-s037/Stage1_level1_Iter0002.nii.gz
2DIAGNOSTIC,     2, -4.202219104432e-01, 1.797693134862e+308, 0.0000e+00, 0.0000e+00, 
*/mnt/lustre/mathdugre/fast-interpolate/datasets/ds004513/derivatives/flint/antsRegistration/r7-p20/sub-s037/Stage1_level1_Iter0003.nii.gz
2DIAGNOSTIC,     3, -4.215208913119e-01, 1.797693134862e+308, 0.0000e+00, 0.0000e+00, 
*/mnt/lustre/mathdugre/fast-interpolate/datasets/ds004513/derivatives/flint/antsRegistration/r7-p20/sub-s037/Stage1_level1_Iter0004.nii.gz
2DIAGNOSTIC,     4, -4.226201313030e-01, 1.797693134862e+308, 0.0000e+00, 0.0000e+00, 
*/mnt/lustre/mathdugre/fast-interpolate/datasets/ds004513/derivatives/flint/antsRegistration/r7-p20/sub-s037/Stage1_level1_Iter0005.nii.gz
2DIAGNOSTIC,     5, -4.242394205548e-01, 1.797693134862e+308, 0.0000e+00, 0.0000e+00, 
*/mnt/lustre/mathdugre/fast-interpolate/datasets/ds004513/derivatives/flint/antsRegistration/r7-p20/sub-s037/Stage1_level1_Iter0006.nii.gz
2DIAGNOSTIC,     6, -4.364982694119e-01, 1.797693134862e+308, 0.0000e+00, 0.0000e+00, 
*/mnt/lustre/mathdugre/fast-interpolate/datasets/ds004513/derivatives/flint/antsRegistration/r7-p20/sub-s037/Stage1_level1_Iter0007.nii.gz
2DIAGNOSTIC,     7, -4.493130168890e-01, 1.797693134862e+308, 0.0000e+00, 0.0000e+00, 
*/mnt/lustre/mathdugre/fast-interpolate/datasets/ds004513/derivatives/flint/antsRegistration/r7-p20/sub-s037/Stage1_level1_Iter0008.nii.gz
2DIAGNOSTIC,     8, -4.749174952871e-01, 1.797693134862e+308, 0.0000e+00, 0.0000e+00, 
*/mnt/lustre/mathdugre/fast-interpolate/datasets/ds004513/derivatives/flint/antsRegistration/r7-p20/sub-s037/Stage1_level1_Iter0009.nii.gz
2DIAGNOSTIC,     9, -4.754772528886e-01, 1.797693134862e+308, 0.0000e+00, 0.0000e+00, 
*/mnt/lustre/mathdugre/fast-interpolate/datasets/ds004513/derivatives/flint/antsRegistration/r7-p20/sub-s037/Stage1_level1_Iter0010.nii.gz
2DIAGNOSTIC,    10, -4.762882986028e-01, 1.011729240417e-02, 0.0000e+00, 0.0000e+00, 
*/mnt/lustre/mathdugre/fast-interpolate/datasets/ds004513/derivatives/flint/antsRegistration/r7-p20/sub-s037/Stage1_level1_Iter0011.nii.gz
2DIAGNOSTIC,    11, -4.771285611949e-01, 9.731292724609e-03, 0.0000e+00, 0.0000e+00, 
*/mnt/lustre/mathdugre/fast-interpolate/datasets/ds004513/derivatives/flint/antsRegistration/r7-p20/sub-s037/Stage1_level1_Iter0012.nii.gz
2DIAGNOSTIC,    12, -4.782173864811e-01, 8.635640144348e-03, 0.0000e+00, 0.0000e+00, 
*/mnt/lustre/mathdugre/fast-interpolate/datasets/ds004513/derivatives/flint/antsRegistration/r7-p20/sub-s037/Stage1_level1_Iter0013.nii.gz
2DIAGNOSTIC,    13, -4.809801264109e-01, 7.122695446014e-03, 0.0000e+00, 0.0000e+00, 
*/mnt/lustre/mathdugre/fast-interpolate/datasets/ds004513/derivatives/flint/antsRegistration/r7-p20/sub-s037/Stage1_level1_Iter0014.nii.gz
2DIAGNOSTIC,    14, -4.838524129086e-01, 5.378246307373e-03, 0.0000e+00, 0.0000e+00, 
*/mnt/lustre/mathdugre/fast-interpolate/datasets/ds004513/derivatives/flint/antsRegistration/r7-p20/sub-s037/Stage1_level1_Iter0015.nii.gz
2DIAGNOSTIC,    15, -4.980988909536e-01, 4.052042961121e-03, 0.0000e+00, 0.0000e+00, 
*/mnt/lustre/mathdugre/fast-interpolate/datasets/ds004513/derivatives/flint/antsRegistration/r7-p20/sub-s037/Stage1_level1_Iter0016.nii.gz
2DIAGNOSTIC,    16, -5.399925061892e-01, 4.592597484589e-03, 0.0000e+00, 0.0000e+00, 
*/mnt/lustre/mathdugre/fast-interpolate/datasets/ds004513/derivatives/flint/antsRegistration/r7-p20/sub-s037/Stage1_level1_Iter0017.nii.gz
2DIAGNOSTIC,    17, -5.595127640777e-01, 5.725502967834e-03, 0.0000e+00, 0.0000e+00, 
*/mnt/lustre/mathdugre/fast-interpolate/datasets/ds004513/derivatives/flint/antsRegistration/r7-p20/sub-s037/Stage1_level1_Iter0018.nii.gz
2DIAGNOSTIC,    18, -5.617590155611e-01, 7.120013237000e-03, 0.0000e+00, 0.0000e+00, 
*/mnt/lustre/mathdugre/fast-interpolate/datasets/ds004513/derivatives/flint/antsRegistration/r7-p20/sub-s037/Stage1_level1_Iter0019.nii.gz
2DIAGNOSTIC,    19, -5.669574621477e-01, 7.887989282608e-03, 0.0000e+00, 0.0000e+00, 
*/mnt/lustre/mathdugre/fast-interpolate/datasets/ds004513/derivatives/flint/antsRegistration/r7-p20/sub-s037/Stage1_level1_Iter0020.nii.gz
2DIAGNOSTIC,    20, -5.673298599756e-01, 7.868975400925e-03, 0.0000e+00, 0.0000e+00, 
*/mnt/lustre/mathdugre/fast-interpolate/datasets/ds004513/derivatives/flint/antsRegistration/r7-p20/sub-s037/Stage1_level1_Iter0021.nii.gz
2DIAGNOSTIC,    21, -5.682599614381e-01, 7.154583930969e-03, 0.0000e+00, 0.0000e+00, 
*/mnt/lustre/mathdugre/fast-interpolate/datasets/ds004513/derivatives/flint/antsRegistration/r7-p20/sub-s037/Stage1_level1_Iter0022.nii.gz
2DIAGNOSTIC,    22, -5.685765956290e-01, 5.883395671844e-03, 0.0000e+00, 0.0000e+00, 
*/mnt/lustre/mathdugre/fast-interpolate/datasets/ds004513/derivatives/flint/antsRegistration/r7-p20/sub-s037/Stage1_level1_Iter0023.nii.gz
2DIAGNOSTIC,    23, -5.689469042074e-01, 4.287719726562e-03, 0.0000e+00, 0.0000e+00, 
*/mnt/lustre/mathdugre/fast-interpolate/datasets/ds004513/derivatives/flint/antsRegistration/r7-p20/sub-s037/Stage1_level1_Iter0024.nii.gz
2DIAGNOSTIC,    24, -5.692160022620e-01, 2.528071403503e-03, 0.0000e+00, 0.0000e+00, 
*/mnt/lustre/mathdugre/fast-interpolate/datasets/ds004513/derivatives/flint/antsRegistration/r7-p20/sub-s037/Stage1_level1_Iter0025.nii.gz
2DIAGNOSTIC,    25, -5.713079144954e-01, 1.043200492859e-03, 0.0000e+00, 0.0000e+00, 
*/mnt/lustre/mathdugre/fast-interpolate/datasets/ds004513/derivatives/flint/antsRegistration/r7-p20/sub-s037/Stage1_level1_Iter0026.nii.gz
2DIAGNOSTIC,    26, -5.754345448768e-01, 5.816221237183e-04, 0.0000e+00, 0.0000e+00, 
*/mnt/lustre/mathdugre/fast-interpolate/datasets/ds004513/derivatives/flint/antsRegistration/r7-p20/sub-s037/Stage1_level1_Iter0027.nii.gz
2DIAGNOSTIC,    27, -5.750492971602e-01, 5.016624927521e-04, 0.0000e+00, 0.0000e+00, 
*/mnt/lustre/mathdugre/fast-interpolate/datasets/ds004513/derivatives/flint/antsRegistration/r7-p20/sub-s037/Stage1_level1_Iter0028.nii.gz
2DIAGNOSTIC,    28, -5.760269918108e-01, 4.448294639587e-04, 0.0000e+00, 0.0000e+00, 
*/mnt/lustre/mathdugre/fast-interpolate/datasets/ds004513/derivatives/flint/antsRegistration/r7-p20/sub-s037/Stage1_level1_Iter0029.nii.gz
2DIAGNOSTIC,    29, -5.767132009639e-01, 4.642903804779e-04, 0.0000e+00, 0.0000e+00, 
*/mnt/lustre/mathdugre/fast-interpolate/datasets/ds004513/derivatives/flint/antsRegistration/r7-p20/sub-s037/Stage1_level1_Iter0030.nii.gz
2DIAGNOSTIC,    30, -5.772286137177e-01, 4.536211490631e-04, 0.0000e+00, 0.0000e+00, 
*/mnt/lustre/mathdugre/fast-interpolate/datasets/ds004513/derivatives/flint/antsRegistration/r7-p20/sub-s037/Stage1_level1_Iter0031.nii.gz
2DIAGNOSTIC,    31, -5.804165278043e-01, 4.731714725494e-04, 0.0000e+00, 0.0000e+00, 
*/mnt/lustre/mathdugre/fast-interpolate/datasets/ds004513/derivatives/flint/antsRegistration/r7-p20/sub-s037/Stage1_level1_Iter0032.nii.gz
2DIAGNOSTIC,    32, -5.802023229520e-01, 4.476010799408e-04, 0.0000e+00, 0.0000e+00, 
*/mnt/lustre/mathdugre/fast-interpolate/datasets/ds004513/derivatives/flint/antsRegistration/r7-p20/sub-s037/Stage1_level1_Iter0033.nii.gz
2DIAGNOSTIC,    33, -5.808992428446e-01, 4.012882709503e-04, 0.0000e+00, 0.0000e+00, 
*/mnt/lustre/mathdugre/fast-interpolate/datasets/ds004513/derivatives/flint/antsRegistration/r7-p20/sub-s037/Stage1_level1_Iter0034.nii.gz
2DIAGNOSTIC,    34, -5.835326944944e-01, 3.665983676910e-04, 0.0000e+00, 0.0000e+00, 
*/mnt/lustre/mathdugre/fast-interpolate/datasets/ds004513/derivatives/flint/antsRegistration/r7-p20/sub-s037/Stage1_level1_Iter0035.nii.gz
2DIAGNOSTIC,    35, -5.856825520126e-01, 3.623962402344e-04, 0.0000e+00, 0.0000e+00, 
*/mnt/lustre/mathdugre/fast-interpolate/datasets/ds004513/derivatives/flint/antsRegistration/r7-p20/sub-s037/Stage1_level1_Iter0036.nii.gz
2DIAGNOSTIC,    36, -5.861807222898e-01, 3.932714462280e-04, 0.0000e+00, 0.0000e+00, 
*/mnt/lustre/mathdugre/fast-interpolate/datasets/ds004513/derivatives/flint/antsRegistration/r7-p20/sub-s037/Stage1_level1_Iter0037.nii.gz
2DIAGNOSTIC,    37, -5.868136918259e-01, 3.891885280609e-04, 0.0000e+00, 0.0000e+00, 
*/mnt/lustre/mathdugre/fast-interpolate/datasets/ds004513/derivatives/flint/antsRegistration/r7-p20/sub-s037/Stage1_level1_Iter0038.nii.gz
2DIAGNOSTIC,    38, -5.869608231352e-01, 3.650039434433e-04, 0.0000e+00, 0.0000e+00, 
*/mnt/lustre/mathdugre/fast-interpolate/datasets/ds004513/derivatives/flint/antsRegistration/r7-p20/sub-s037/Stage1_level1_Iter0039.nii.gz
2DIAGNOSTIC,    39, -5.870668868979e-01, 3.182142972946e-04, 0.0000e+00, 0.0000e+00, 
*/mnt/lustre/mathdugre/fast-interpolate/datasets/ds004513/derivatives/flint/antsRegistration/r7-p20/sub-s037/Stage1_level1_Iter0040.nii.gz
2DIAGNOSTIC,    40, -5.872732206707e-01, 2.518296241760e-04, 0.0000e+00, 0.0000e+00, 
*/mnt/lustre/mathdugre/fast-interpolate/datasets/ds004513/derivatives/flint/antsRegistration/r7-p20/sub-s037/Stage1_level1_Iter0041.nii.gz
2DIAGNOSTIC,    41, -5.873464650817e-01, 2.081543207169e-04, 0.0000e+00, 0.0000e+00, 
*/mnt/lustre/mathdugre/fast-interpolate/datasets/ds004513/derivatives/flint/antsRegistration/r7-p20/sub-s037/Stage1_level1_Iter0042.nii.gz
2DIAGNOSTIC,    42, -5.872584672833e-01, 1.436322927475e-04, 0.0000e+00, 0.0000e+00, 
*/mnt/lustre/mathdugre/fast-interpolate/datasets/ds004513/derivatives/flint/antsRegistration/r7-p20/sub-s037/Stage1_level1_Iter0043.nii.gz
2DIAGNOSTIC,    43, -5.875579057649e-01, 8.063018321991e-05, 0.0000e+00, 0.0000e+00, 
*/mnt/lustre/mathdugre/fast-interpolate/datasets/ds004513/derivatives/flint/antsRegistration/r7-p20/sub-s037/Stage1_level1_Iter0044.nii.gz
2DIAGNOSTIC,    44, -5.881700393680e-01, 5.169212818146e-05, 0.0000e+00, 0.0000e+00, 
*/mnt/lustre/mathdugre/fast-interpolate/datasets/ds004513/derivatives/flint/antsRegistration/r7-p20/sub-s037/Stage1_level1_Iter0045.nii.gz
2DIAGNOSTIC,    45, -5.886210978819e-01, 4.959106445312e-05, 0.0000e+00, 0.0000e+00, 
*/mnt/lustre/mathdugre/fast-interpolate/datasets/ds004513/derivatives/flint/antsRegistration/r7-p20/sub-s037/Stage1_level1_Iter0046.nii.gz
2DIAGNOSTIC,    46, -5.901666680231e-01, 6.617605686188e-05, 0.0000e+00, 0.0000e+00, 
*/mnt/lustre/mathdugre/fast-interpolate/datasets/ds004513/derivatives/flint/antsRegistration/r7-p20/sub-s037/Stage1_level1_Iter0047.nii.gz
2DIAGNOSTIC,    47, -5.906009443949e-01, 8.748471736908e-05, 0.0000e+00, 0.0000e+00, 
*/mnt/lustre/mathdugre/fast-interpolate/datasets/ds004513/derivatives/flint/antsRegistration/r7-p20/sub-s037/Stage1_level1_Iter0048.nii.gz
2DIAGNOSTIC,    48, -5.906539379840e-01, 1.017302274704e-04, 0.0000e+00, 0.0000e+00, 
*/mnt/lustre/mathdugre/fast-interpolate/datasets/ds004513/derivatives/flint/antsRegistration/r7-p20/sub-s037/Stage1_level1_Iter0049.nii.gz
2DIAGNOSTIC,    49, -5.909917222745e-01, 1.105815172195e-04, 0.0000e+00, 0.0000e+00, 
*/mnt/lustre/mathdugre/fast-interpolate/datasets/ds004513/derivatives/flint/antsRegistration/r7-p20/sub-s037/Stage1_level1_Iter0050.nii.gz
2DIAGNOSTIC,    50, -5.911644128476e-01, 1.123100519180e-04, 0.0000e+00, 0.0000e+00, 
*/mnt/lustre/mathdugre/fast-interpolate/datasets/ds004513/derivatives/flint/antsRegistration/r7-p20/sub-s037/Stage1_level1_Iter0051.nii.gz
2DIAGNOSTIC,    51, -5.911917417721e-01, 1.041889190674e-04, 0.0000e+00, 0.0000e+00, 
*/mnt/lustre/mathdugre/fast-interpolate/datasets/ds004513/derivatives/flint/antsRegistration/r7-p20/sub-s037/Stage1_level1_Iter0052.nii.gz
2DIAGNOSTIC,    52, -5.913205122521e-01, 8.688867092133e-05, 0.0000e+00, 0.0000e+00, 
*/mnt/lustre/mathdugre/fast-interpolate/datasets/ds004513/derivatives/flint/antsRegistration/r7-p20/sub-s037/Stage1_level1_Iter0053.nii.gz
2DIAGNOSTIC,    53, -5.914291371202e-01, 6.617605686188e-05, 0.0000e+00, 0.0000e+00, 
*/mnt/lustre/mathdugre/fast-interpolate/datasets/ds004513/derivatives/flint/antsRegistration/r7-p20/sub-s037/Stage1_level1_Iter0054.nii.gz
2DIAGNOSTIC,    54, -5.918882693856e-01, 5.035102367401e-05, 0.0000e+00, 0.0000e+00, 
*/mnt/lustre/mathdugre/fast-interpolate/datasets/ds004513/derivatives/flint/antsRegistration/r7-p20/sub-s037/Stage1_level1_Iter0055.nii.gz
2DIAGNOSTIC,    55, -5.918975901274e-01, 3.424286842346e-05, 0.0000e+00, 0.0000e+00, 
*/mnt/lustre/mathdugre/fast-interpolate/datasets/ds004513/derivatives/flint/antsRegistration/r7-p20/sub-s037/Stage1_level1_Iter0056.nii.gz
2DIAGNOSTIC,    56, -5.919166908373e-01, 3.007054328918e-05, 0.0000e+00, 0.0000e+00, 
*/mnt/lustre/mathdugre/fast-interpolate/datasets/ds004513/derivatives/flint/antsRegistration/r7-p20/sub-s037/Stage1_level1_Iter0057.nii.gz
2DIAGNOSTIC,    57, -5.919573952237e-01, 2.761185169220e-05, 0.0000e+00, 0.0000e+00, 
*/mnt/lustre/mathdugre/fast-interpolate/datasets/ds004513/derivatives/flint/antsRegistration/r7-p20/sub-s037/Stage1_level1_Iter0058.nii.gz
2DIAGNOSTIC,    58, -5.920184223746e-01, 2.357363700867e-05, 0.0000e+00, 0.0000e+00, 
*/mnt/lustre/mathdugre/fast-interpolate/datasets/ds004513/derivatives/flint/antsRegistration/r7-p20/sub-s037/Stage1_level1_Iter0059.nii.gz
2DIAGNOSTIC,    59, -5.920882518328e-01, 2.092123031616e-05, 0.0000e+00, 0.0000e+00, 
*/mnt/lustre/mathdugre/fast-interpolate/datasets/ds004513/derivatives/flint/antsRegistration/r7-p20/sub-s037/Stage1_level1_Iter0060.nii.gz
2DIAGNOSTIC,    60, -5.922707495200e-01, 1.953542232513e-05, 0.0000e+00, 0.0000e+00, 
*/mnt/lustre/mathdugre/fast-interpolate/datasets/ds004513/derivatives/flint/antsRegistration/r7-p20/sub-s037/Stage1_level1_Iter0061.nii.gz
2DIAGNOSTIC,    61, -5.922712512961e-01, 1.655519008636e-05, 0.0000e+00, 0.0000e+00, 
*/mnt/lustre/mathdugre/fast-interpolate/datasets/ds004513/derivatives/flint/antsRegistration/r7-p20/sub-s037/Stage1_level1_Iter0062.nii.gz
2DIAGNOSTIC,    62, -5.922751596854e-01, 1.327693462372e-05, 0.0000e+00, 0.0000e+00, 
*/mnt/lustre/mathdugre/fast-interpolate/datasets/ds004513/derivatives/flint/antsRegistration/r7-p20/sub-s037/Stage1_level1_Iter0063.nii.gz
2DIAGNOSTIC,    63, -5.922806982756e-01, 9.775161743164e-06, 0.0000e+00, 0.0000e+00, 
*/mnt/lustre/mathdugre/fast-interpolate/datasets/ds004513/derivatives/flint/antsRegistration/r7-p20/sub-s037/Stage1_level1_Iter0064.nii.gz
2DIAGNOSTIC,    64, -5.922887108619e-01, 9.194016456604e-06, 0.0000e+00, 0.0000e+00, 
*/mnt/lustre/mathdugre/fast-interpolate/datasets/ds004513/derivatives/flint/antsRegistration/r7-p20/sub-s037/Stage1_level1_Iter0065.nii.gz
2DIAGNOSTIC,    65, -5.923019532289e-01, 8.001923561096e-06, 0.0000e+00, 0.0000e+00, 
*/mnt/lustre/mathdugre/fast-interpolate/datasets/ds004513/derivatives/flint/antsRegistration/r7-p20/sub-s037/Stage1_level1_Iter0066.nii.gz
2DIAGNOSTIC,    66, -5.923230510572e-01, 6.407499313354e-06, 0.0000e+00, 0.0000e+00, 
*/mnt/lustre/mathdugre/fast-interpolate/datasets/ds004513/derivatives/flint/antsRegistration/r7-p20/sub-s037/Stage1_level1_Iter0067.nii.gz
2DIAGNOSTIC,    67, -5.923564779604e-01, 4.887580871582e-06, 0.0000e+00, 0.0000e+00, 
*/mnt/lustre/mathdugre/fast-interpolate/datasets/ds004513/derivatives/flint/antsRegistration/r7-p20/sub-s037/Stage1_level1_Iter0068.nii.gz
2DIAGNOSTIC,    68, -5.924047040127e-01, 3.814697265625e-06, 0.0000e+00, 0.0000e+00, 
*/mnt/lustre/mathdugre/fast-interpolate/datasets/ds004513/derivatives/flint/antsRegistration/r7-p20/sub-s037/Stage1_level1_Iter0069.nii.gz
2DIAGNOSTIC,    69, -5.924673530773e-01, 3.397464752197e-06, 0.0000e+00, 0.0000e+00, 
*/mnt/lustre/mathdugre/fast-interpolate/datasets/ds004513/derivatives/flint/antsRegistration/r7-p20/sub-s037/Stage1_level1_Iter0070.nii.gz
2DIAGNOSTIC,    70, -5.925312335511e-01, 4.485249519348e-06, 0.0000e+00, 0.0000e+00, 
*/mnt/lustre/mathdugre/fast-interpolate/datasets/ds004513/derivatives/flint/antsRegistration/r7-p20/sub-s037/Stage1_level1_Iter0071.nii.gz
2DIAGNOSTIC,    71, -5.925884535398e-01, 5.587935447693e-06, 0.0000e+00, 0.0000e+00, 
*/mnt/lustre/mathdugre/fast-interpolate/datasets/ds004513/derivatives/flint/antsRegistration/r7-p20/sub-s037/Stage1_level1_Iter0072.nii.gz
2DIAGNOSTIC,    72, -5.926627669238e-01, 6.720423698425e-06, 0.0000e+00, 0.0000e+00, 
*/mnt/lustre/mathdugre/fast-interpolate/datasets/ds004513/derivatives/flint/antsRegistration/r7-p20/sub-s037/Stage1_level1_Iter0073.nii.gz
2DIAGNOSTIC,    73, -5.927850639831e-01, 8.083879947662e-06, 0.0000e+00, 0.0000e+00, 
*/mnt/lustre/mathdugre/fast-interpolate/datasets/ds004513/derivatives/flint/antsRegistration/r7-p20/sub-s037/Stage1_level1_Iter0074.nii.gz
2DIAGNOSTIC,    74, -5.929166390930e-01, 9.596347808838e-06, 0.0000e+00, 0.0000e+00, 
*/mnt/lustre/mathdugre/fast-interpolate/datasets/ds004513/derivatives/flint/antsRegistration/r7-p20/sub-s037/Stage1_level1_Iter0075.nii.gz
2DIAGNOSTIC,    75, -5.929892371857e-01, 1.078099012375e-05, 0.0000e+00, 0.0000e+00, 
*/mnt/lustre/mathdugre/fast-interpolate/datasets/ds004513/derivatives/flint/antsRegistration/r7-p20/sub-s037/Stage1_level1_Iter0076.nii.gz
2DIAGNOSTIC,    76, -5.930697471950e-01, 1.160055398941e-05, 0.0000e+00, 0.0000e+00, 
*/mnt/lustre/mathdugre/fast-interpolate/datasets/ds004513/derivatives/flint/antsRegistration/r7-p20/sub-s037/Stage1_level1_Iter0077.nii.gz
2DIAGNOSTIC,    77, -5.931648208191e-01, 1.220405101776e-05, 0.0000e+00, 0.0000e+00, 
*/mnt/lustre/mathdugre/fast-interpolate/datasets/ds004513/derivatives/flint/antsRegistration/r7-p20/sub-s037/Stage1_level1_Iter0078.nii.gz
2DIAGNOSTIC,    78, -5.932598552070e-01, 1.250952482224e-05, 0.0000e+00, 0.0000e+00, 
*/mnt/lustre/mathdugre/fast-interpolate/datasets/ds004513/derivatives/flint/antsRegistration/r7-p20/sub-s037/Stage1_level1_Iter0079.nii.gz
2DIAGNOSTIC,    79, -5.934524149721e-01, 1.329928636551e-05, 0.0000e+00, 0.0000e+00, 
*/mnt/lustre/mathdugre/fast-interpolate/datasets/ds004513/derivatives/flint/antsRegistration/r7-p20/sub-s037/Stage1_level1_Iter0080.nii.gz
2DIAGNOSTIC,    80, -5.936134518230e-01, 1.419335603714e-05, 0.0000e+00, 0.0000e+00, 
*/mnt/lustre/mathdugre/fast-interpolate/datasets/ds004513/derivatives/flint/antsRegistration/r7-p20/sub-s037/Stage1_level1_Iter0081.nii.gz
2DIAGNOSTIC,    81, -5.936471854343e-01, 1.432746648788e-05, 0.0000e+00, 0.0000e+00, 
*/mnt/lustre/mathdugre/fast-interpolate/datasets/ds004513/derivatives/flint/antsRegistration/r7-p20/sub-s037/Stage1_level1_Iter0082.nii.gz
2DIAGNOSTIC,    82, -5.937321668532e-01, 1.408904790878e-05, 0.0000e+00, 0.0000e+00, 
*/mnt/lustre/mathdugre/fast-interpolate/datasets/ds004513/derivatives/flint/antsRegistration/r7-p20/sub-s037/Stage1_level1_Iter0083.nii.gz
2DIAGNOSTIC,    83, -5.937456551265e-01, 1.333653926849e-05, 0.0000e+00, 0.0000e+00, 
*/mnt/lustre/mathdugre/fast-interpolate/datasets/ds004513/derivatives/flint/antsRegistration/r7-p20/sub-s037/Stage1_level1_Iter0084.nii.gz
2DIAGNOSTIC,    84, -5.937526373809e-01, 1.218169927597e-05, 0.0000e+00, 0.0000e+00, 
*/mnt/lustre/mathdugre/fast-interpolate/datasets/ds004513/derivatives/flint/antsRegistration/r7-p20/sub-s037/Stage1_level1_Iter0085.nii.gz
2DIAGNOSTIC,    85, -5.937539035763e-01, 1.033395528793e-05, 0.0000e+00, 0.0000e+00, 
*/mnt/lustre/mathdugre/fast-interpolate/datasets/ds004513/derivatives/flint/antsRegistration/r7-p20/sub-s037/Stage1_level1_Iter0086.nii.gz
2DIAGNOSTIC,    86, -5.937616112082e-01, 8.098781108856e-06, 0.0000e+00, 0.0000e+00, 
*/mnt/lustre/mathdugre/fast-interpolate/datasets/ds004513/derivatives/flint/antsRegistration/r7-p20/sub-s037/Stage1_level1_Iter0087.nii.gz
2DIAGNOSTIC,    87, -5.938034512458e-01, 5.975365638733e-06, 0.0000e+00, 0.0000e+00, 
*/mnt/lustre/mathdugre/fast-interpolate/datasets/ds004513/derivatives/flint/antsRegistration/r7-p20/sub-s037/Stage1_level1_Iter0088.nii.gz
2DIAGNOSTIC,    88, -5.938283633388e-01, 4.015862941742e-06, 0.0000e+00, 0.0000e+00, 
*/mnt/lustre/mathdugre/fast-interpolate/datasets/ds004513/derivatives/flint/antsRegistration/r7-p20/sub-s037/Stage1_level1_Iter0089.nii.gz
2DIAGNOSTIC,    89, -5.938347661030e-01, 2.838671207428e-06, 0.0000e+00, 0.0000e+00, 
*/mnt/lustre/mathdugre/fast-interpolate/datasets/ds004513/derivatives/flint/antsRegistration/r7-p20/sub-s037/Stage1_level1_Iter0090.nii.gz
2DIAGNOSTIC,    90, -5.938475680590e-01, 2.451241016388e-06, 0.0000e+00, 0.0000e+00, 
*/mnt/lustre/mathdugre/fast-interpolate/datasets/ds004513/derivatives/flint/antsRegistration/r7-p20/sub-s037/Stage1_level1_Iter0091.nii.gz
2DIAGNOSTIC,    91, -5.938685780335e-01, 2.175569534302e-06, 0.0000e+00, 0.0000e+00, 
*/mnt/lustre/mathdugre/fast-interpolate/datasets/ds004513/derivatives/flint/antsRegistration/r7-p20/sub-s037/Stage1_level1_Iter0092.nii.gz
2DIAGNOSTIC,    92, -5.938684959640e-01, 2.153217792511e-06, 0.0000e+00, 0.0000e+00, 
*/mnt/lustre/mathdugre/fast-interpolate/datasets/ds004513/derivatives/flint/antsRegistration/r7-p20/sub-s037/Stage1_level1_Iter0093.nii.gz
2DIAGNOSTIC,    93, -5.938686453689e-01, 2.048909664154e-06, 0.0000e+00, 0.0000e+00, 
*/mnt/lustre/mathdugre/fast-interpolate/datasets/ds004513/derivatives/flint/antsRegistration/r7-p20/sub-s037/Stage1_level1_Iter0094.nii.gz
2DIAGNOSTIC,    94, -5.938685862792e-01, 1.825392246246e-06, 0.0000e+00, 0.0000e+00, 
*/mnt/lustre/mathdugre/fast-interpolate/datasets/ds004513/derivatives/flint/antsRegistration/r7-p20/sub-s037/Stage1_level1_Iter0095.nii.gz
2DIAGNOSTIC,    95, -5.938689475931e-01, 1.467764377594e-06, 0.0000e+00, 0.0000e+00, 
*/mnt/lustre/mathdugre/fast-interpolate/datasets/ds004513/derivatives/flint/antsRegistration/r7-p20/sub-s037/Stage1_level1_Iter0096.nii.gz
2DIAGNOSTIC,    96, -5.938689211621e-01, 1.035630702972e-06, 0.0000e+00, 0.0000e+00, 
DIAGNOSTIC,Iteration,metricValue,convergenceValue,ITERATION_TIME_INDEX,SINCE_LAST
*/mnt/lustre/mathdugre/fast-interpolate/datasets/ds004513/derivatives/flint/antsRegistration/r7-p20/sub-s037/Stage1_level2_Iter0001.nii.gz
2DIAGNOSTIC,     1, -4.812453902896e-01, 1.797693134862e+308, 0.0000e+00, 0.0000e+00, 
*/mnt/lustre/mathdugre/fast-interpolate/datasets/ds004513/derivatives/flint/antsRegistration/r7-p20/sub-s037/Stage1_level2_Iter0002.nii.gz
2DIAGNOSTIC,     2, -4.818129619004e-01, 1.797693134862e+308, 0.0000e+00, 0.0000e+00, 
*/mnt/lustre/mathdugre/fast-interpolate/datasets/ds004513/derivatives/flint/antsRegistration/r7-p20/sub-s037/Stage1_level2_Iter0003.nii.gz
2DIAGNOSTIC,     3, -4.827819287357e-01, 1.797693134862e+308, 0.0000e+00, 0.0000e+00, 
*/mnt/lustre/mathdugre/fast-interpolate/datasets/ds004513/derivatives/flint/antsRegistration/r7-p20/sub-s037/Stage1_level2_Iter0004.nii.gz
2DIAGNOSTIC,     4, -4.838736395766e-01, 1.797693134862e+308, 0.0000e+00, 0.0000e+00, 
*/mnt/lustre/mathdugre/fast-interpolate/datasets/ds004513/derivatives/flint/antsRegistration/r7-p20/sub-s037/Stage1_level2_Iter0005.nii.gz
2DIAGNOSTIC,     5, -4.846216029505e-01, 1.797693134862e+308, 0.0000e+00, 0.0000e+00, 
*/mnt/lustre/mathdugre/fast-interpolate/datasets/ds004513/derivatives/flint/antsRegistration/r7-p20/sub-s037/Stage1_level2_Iter0006.nii.gz
2DIAGNOSTIC,     6, -4.850440444993e-01, 1.797693134862e+308, 0.0000e+00, 0.0000e+00, 
*/mnt/lustre/mathdugre/fast-interpolate/datasets/ds004513/derivatives/flint/antsRegistration/r7-p20/sub-s037/Stage1_level2_Iter0007.nii.gz
2DIAGNOSTIC,     7, -4.853977882888e-01, 1.797693134862e+308, 0.0000e+00, 0.0000e+00, 
*/mnt/lustre/mathdugre/fast-interpolate/datasets/ds004513/derivatives/flint/antsRegistration/r7-p20/sub-s037/Stage1_level2_Iter0008.nii.gz
2DIAGNOSTIC,     8, -4.860238049665e-01, 1.797693134862e+308, 0.0000e+00, 0.0000e+00, 
*/mnt/lustre/mathdugre/fast-interpolate/datasets/ds004513/derivatives/flint/antsRegistration/r7-p20/sub-s037/Stage1_level2_Iter0009.nii.gz
2DIAGNOSTIC,     9, -4.861150169223e-01, 1.797693134862e+308, 0.0000e+00, 0.0000e+00, 
*/mnt/lustre/mathdugre/fast-interpolate/datasets/ds004513/derivatives/flint/antsRegistration/r7-p20/sub-s037/Stage1_level2_Iter0010.nii.gz
2DIAGNOSTIC,    10, -4.865226265837e-01, 7.126927375793e-04, 0.0000e+00, 0.0000e+00, 
*/mnt/lustre/mathdugre/fast-interpolate/datasets/ds004513/derivatives/flint/antsRegistration/r7-p20/sub-s037/Stage1_level2_Iter0011.nii.gz
2DIAGNOSTIC,    11, -4.866885170114e-01, 5.591511726379e-04, 0.0000e+00, 0.0000e+00, 
*/mnt/lustre/mathdugre/fast-interpolate/datasets/ds004513/derivatives/flint/antsRegistration/r7-p20/sub-s037/Stage1_level2_Iter0012.nii.gz
2DIAGNOSTIC,    12, -4.867361454550e-01, 4.106760025024e-04, 0.0000e+00, 0.0000e+00, 
*/mnt/lustre/mathdugre/fast-interpolate/datasets/ds004513/derivatives/flint/antsRegistration/r7-p20/sub-s037/Stage1_level2_Iter0013.nii.gz
2DIAGNOSTIC,    13, -4.868617873778e-01, 2.968311309814e-04, 0.0000e+00, 0.0000e+00, 
*/mnt/lustre/mathdugre/fast-interpolate/datasets/ds004513/derivatives/flint/antsRegistration/r7-p20/sub-s037/Stage1_level2_Iter0014.nii.gz
2DIAGNOSTIC,    14, -4.876401152249e-01, 2.501606941223e-04, 0.0000e+00, 0.0000e+00, 
*/mnt/lustre/mathdugre/fast-interpolate/datasets/ds004513/derivatives/flint/antsRegistration/r7-p20/sub-s037/Stage1_level2_Iter0015.nii.gz
2DIAGNOSTIC,    15, -4.881336607279e-01, 2.345442771912e-04, 0.0000e+00, 0.0000e+00, 
*/mnt/lustre/mathdugre/fast-interpolate/datasets/ds004513/derivatives/flint/antsRegistration/r7-p20/sub-s037/Stage1_level2_Iter0016.nii.gz
2DIAGNOSTIC,    16, -4.884753168871e-01, 2.272725105286e-04, 0.0000e+00, 0.0000e+00, 
*/mnt/lustre/mathdugre/fast-interpolate/datasets/ds004513/derivatives/flint/antsRegistration/r7-p20/sub-s037/Stage1_level2_Iter0017.nii.gz
2DIAGNOSTIC,    17, -4.895388424212e-01, 2.486705780029e-04, 0.0000e+00, 0.0000e+00, 
*/mnt/lustre/mathdugre/fast-interpolate/datasets/ds004513/derivatives/flint/antsRegistration/r7-p20/sub-s037/Stage1_level2_Iter0018.nii.gz
2DIAGNOSTIC,    18, -4.907579854340e-01, 3.043413162231e-04, 0.0000e+00, 0.0000e+00, 
*/mnt/lustre/mathdugre/fast-interpolate/datasets/ds004513/derivatives/flint/antsRegistration/r7-p20/sub-s037/Stage1_level2_Iter0019.nii.gz
2DIAGNOSTIC,    19, -4.909982377415e-01, 3.348886966705e-04, 0.0000e+00, 0.0000e+00, 
*/mnt/lustre/mathdugre/fast-interpolate/datasets/ds004513/derivatives/flint/antsRegistration/r7-p20/sub-s037/Stage1_level2_Iter0020.nii.gz
2DIAGNOSTIC,    20, -4.912738351584e-01, 3.517270088196e-04, 0.0000e+00, 0.0000e+00, 
*/mnt/lustre/mathdugre/fast-interpolate/datasets/ds004513/derivatives/flint/antsRegistration/r7-p20/sub-s037/Stage1_level2_Iter0021.nii.gz
2DIAGNOSTIC,    21, -4.917279225236e-01, 3.519952297211e-04, 0.0000e+00, 0.0000e+00, 
*/mnt/lustre/mathdugre/fast-interpolate/datasets/ds004513/derivatives/flint/antsRegistration/r7-p20/sub-s037/Stage1_level2_Iter0022.nii.gz
2DIAGNOSTIC,    22, -4.919134324447e-01, 3.252625465393e-04, 0.0000e+00, 0.0000e+00, 
*/mnt/lustre/mathdugre/fast-interpolate/datasets/ds004513/derivatives/flint/antsRegistration/r7-p20/sub-s037/Stage1_level2_Iter0023.nii.gz
