
##########################
# Experiment information #
##########################

EXPERIMENT_NAME: r7-p23
VFC_BACKENDS: libinterflop_vprec.so --range-binary32=7 --precision-binary32=23 --range-binary64=7 --precision-binary64=23

SIF_IMG: /mnt/lustre/mathdugre/containers/ants-vprec-no_metric.simg

SUBJECT_ID: s003
INPUT_IMG: /mnt/lustre/mathdugre/fast-interpolate/datasets/ds004513/derivatives/flint/antsBrainExtraction/sub-s003/BrainExtractionBrain.nii.gz
OUTPUT_DIR: /mnt/lustre/mathdugre/fast-interpolate/datasets/ds004513/derivatives/flint/antsRegistration/r7-p23/sub-s003

FIXED_IMG: /templateflow/tpl-MNI152NLin2009cAsym/tpl-MNI152NLin2009cAsym_res-01_desc-brain_T1w.nii.gz
DATA_DIR: /mnt/lustre/mathdugre/fast-interpolate/datasets/ds004513
TEMPLATEFLOW_DIR: /home/mathdugre/.cache/templateflow
ITK_GLOBAL_DEFAULT_NUMBER_OF_THREADS: 4
##########################

Info [verificarlo]: loaded backend libinterflop_vprec.so
Info [interflop-vprec]: load backend with: 
Info [interflop-vprec]: precision-binary32 = 23
Info [interflop-vprec]: range-binary32 = 7
Info [interflop-vprec]: precision-binary64 = 23
Info [interflop-vprec]: range-binary64 = 7
Info [interflop-vprec]: mode = ob
Info [interflop-vprec]: error-mode = rel
Info [interflop-vprec]: max-abs-error-exponent = -1022
Info [interflop-vprec]: daz = false
Info [interflop-vprec]: ftz = false
Info [interflop-vprec]: 	instrument = none
Info [interflop-vprec]: 	prec-input-file = (null)
Info [interflop-vprec]: 	prec-output-file = (null)
Info [interflop-vprec]: 	prec-log-file = (null)
All_Command_lines_OK
Using double precision for computations.
=============================================================================
The composite transform comprises the following transforms (in order): 
  1. Center of mass alignment using fixed image: /templateflow/tpl-MNI152NLin2009cAsym/tpl-MNI152NLin2009cAsym_res-01_desc-brain_T1w.nii.gz and moving image: /mnt/lustre/mathdugre/fast-interpolate/datasets/ds004513/derivatives/flint/antsBrainExtraction/sub-s003/BrainExtractionBrain.nii.gz (type = Euler3DTransform)
=============================================================================
  number of levels = 4
  number of levels = 4
  number of levels = 4
  fixed image: /templateflow/tpl-MNI152NLin2009cAsym/tpl-MNI152NLin2009cAsym_res-01_desc-brain_T1w.nii.gz
  moving image: /mnt/lustre/mathdugre/fast-interpolate/datasets/ds004513/derivatives/flint/antsBrainExtraction/sub-s003/BrainExtractionBrain.nii.gz
  fixed image: /templateflow/tpl-MNI152NLin2009cAsym/tpl-MNI152NLin2009cAsym_res-01_desc-brain_T1w.nii.gz
  moving image: /mnt/lustre/mathdugre/fast-interpolate/datasets/ds004513/derivatives/flint/antsBrainExtraction/sub-s003/BrainExtractionBrain.nii.gz
  fixed image: /templateflow/tpl-MNI152NLin2009cAsym/tpl-MNI152NLin2009cAsym_res-01_desc-brain_T1w.nii.gz
  moving image: /mnt/lustre/mathdugre/fast-interpolate/datasets/ds004513/derivatives/flint/antsBrainExtraction/sub-s003/BrainExtractionBrain.nii.gz
Dimension = 3
Number of stages = 3
Use histogram matching = false
Winsorize image intensities = true
  Lower quantile = 0.005
  Upper quantile = 0.995


Stage 1 State
   Image metric = MattesMI
     Fixed image = Image (0x48bcb30)
  RTTI typeinfo:   itk::Image<double, 3u>
  Reference Count: 2
  Modified Time: 2389
  Debug: Off
  Object Name: 
  Observers: 
    none
  Source: (none)
  Source output name: (none)
  Release Data: Off
  Data Released: False
  Global Release Data: Off
  PipelineMTime: 0
  UpdateMTime: 1998
  RealTimeStamp: 0 seconds 
  LargestPossibleRegion: 
    Dimension: 3
    Index: [0, 0, 0]
    Size: [193, 229, 193]
  BufferedRegion: 
    Dimension: 3
    Index: [0, 0, 0]
    Size: [193, 229, 193]
  RequestedRegion: 
    Dimension: 3
    Index: [0, 0, 0]
    Size: [193, 229, 193]
  Spacing: [1, 1, 1]
  Origin: [96, 132, -78]
  Direction: 
-1 0 0
0 -1 0
0 0 1

  IndexToPointMatrix: 
-1 0 0
0 -1 0
0 0 1

  PointToIndexMatrix: 
-1 0 0
0 -1 0
0 0 1

  Inverse Direction: 
-1 0 0
0 -1 0
0 0 1

  PixelContainer: 
    ImportImageContainer (0x48c1a10)
      RTTI typeinfo:   itk::ImportImageContainer<unsigned long, double>
      Reference Count: 1
      Modified Time: 1995
      Debug: Off
      Object Name: 
      Observers: 
        none
      Pointer: 0x7f2f056f1010
      Container manages memory: true
      Size: 8530021
      Capacity: 8530021

     Moving image = Image (0x48b8400)
  RTTI typeinfo:   itk::Image<double, 3u>
  Reference Count: 2
  Modified Time: 2390
  Debug: Off
  Object Name: 
  Observers: 
    none
  Source: (none)
  Source output name: (none)
  Release Data: Off
  Data Released: False
  Global Release Data: Off
  PipelineMTime: 0
  UpdateMTime: 2387
  RealTimeStamp: 0 seconds 
  LargestPossibleRegion: 
    Dimension: 3
    Index: [0, 0, 0]
    Size: [176, 240, 256]
  BufferedRegion: 
    Dimension: 3
    Index: [0, 0, 0]
    Size: [176, 240, 256]
  RequestedRegion: 
    Dimension: 3
    Index: [0, 0, 0]
    Size: [176, 240, 256]
  Spacing: [0.999999, 1, 1]
  Origin: [93.3499, 86.9368, -128.957]
  Direction: 
-0.999513 -0.0279216 -0.0139567
0.0279189 -0.99961 0.000389866
-0.0139622 2.01492e-08 0.999902

  IndexToPointMatrix: 
-0.999512 -0.0279216 -0.0139567
0.0279189 -0.99961 0.000389866
-0.0139621 2.01492e-08 0.999902

  PointToIndexMatrix: 
-0.999514 0.0279189 -0.0139622
-0.0279216 -0.99961 2.01544e-08
-0.0139567 0.000389866 0.999903

  Inverse Direction: 
-0.999513 0.0279189 -0.0139622
-0.0279216 -0.99961 2.01544e-08
-0.0139567 0.000389866 0.999903

  PixelContainer: 
    ImportImageContainer (0x49ec550)
      RTTI typeinfo:   itk::ImportImageContainer<unsigned long, double>
      Reference Count: 1
      Modified Time: 2384
      Debug: Off
      Object Name: 
      Observers: 
        none
      Pointer: 0x7f2f00470010
      Container manages memory: true
      Size: 10813440
      Capacity: 10813440

     Weighting = 1
     Sampling strategy = regular
     Number of bins = 32
     Radius = 4
     Sampling percentage  = 0.25
   Transform = Rigid
     Gradient step = 0.1
     Update field sigma (voxel space) = 0
     Total field sigma (voxel space) = 0
     Update field time sigma = 0
     Total field time sigma  = 0
     Number of time indices = 0
     Number of time point samples = 0
Stage 2 State
   Image metric = MattesMI
     Fixed image = Image (0x48c3660)
  RTTI typeinfo:   itk::Image<double, 3u>
  Reference Count: 2
  Modified Time: 3167
  Debug: Off
  Object Name: 
  Observers: 
    none
  Source: (none)
  Source output name: (none)
  Release Data: Off
  Data Released: False
  Global Release Data: Off
  PipelineMTime: 0
  UpdateMTime: 2776
  RealTimeStamp: 0 seconds 
  LargestPossibleRegion: 
    Dimension: 3
    Index: [0, 0, 0]
    Size: [193, 229, 193]
  BufferedRegion: 
    Dimension: 3
    Index: [0, 0, 0]
    Size: [193, 229, 193]
  RequestedRegion: 
    Dimension: 3
    Index: [0, 0, 0]
    Size: [193, 229, 193]
  Spacing: [1, 1, 1]
  Origin: [96, 132, -78]
  Direction: 
-1 0 0
0 -1 0
0 0 1

  IndexToPointMatrix: 
-1 0 0
0 -1 0
0 0 1

  PointToIndexMatrix: 
-1 0 0
0 -1 0
0 0 1

  Inverse Direction: 
-1 0 0
0 -1 0
0 0 1

  PixelContainer: 
    ImportImageContainer (0x48e1b80)
      RTTI typeinfo:   itk::ImportImageContainer<unsigned long, double>
      Reference Count: 1
      Modified Time: 2773
      Debug: Off
      Object Name: 
      Observers: 
        none
      Pointer: 0x7f2efc35b010
      Container manages memory: true
      Size: 8530021
      Capacity: 8530021

     Moving image = Image (0x48df1c0)
  RTTI typeinfo:   itk::Image<double, 3u>
  Reference Count: 2
  Modified Time: 3168
  Debug: Off
  Object Name: 
  Observers: 
    none
  Source: (none)
  Source output name: (none)
  Release Data: Off
  Data Released: False
  Global Release Data: Off
  PipelineMTime: 0
  UpdateMTime: 3165
  RealTimeStamp: 0 seconds 
  LargestPossibleRegion: 
    Dimension: 3
    Index: [0, 0, 0]
    Size: [176, 240, 256]
  BufferedRegion: 
    Dimension: 3
    Index: [0, 0, 0]
    Size: [176, 240, 256]
  RequestedRegion: 
    Dimension: 3
    Index: [0, 0, 0]
    Size: [176, 240, 256]
  Spacing: [0.999999, 1, 1]
  Origin: [93.3499, 86.9368, -128.957]
  Direction: 
-0.999513 -0.0279216 -0.0139567
0.0279189 -0.99961 0.000389866
-0.0139622 2.01492e-08 0.999902

  IndexToPointMatrix: 
-0.999512 -0.0279216 -0.0139567
0.0279189 -0.99961 0.000389866
-0.0139621 2.01492e-08 0.999902

  PointToIndexMatrix: 
-0.999514 0.0279189 -0.0139622
-0.0279216 -0.99961 2.01544e-08
-0.0139567 0.000389866 0.999903

  Inverse Direction: 
-0.999513 0.0279189 -0.0139622
-0.0279216 -0.99961 2.01544e-08
-0.0139567 0.000389866 0.999903

  PixelContainer: 
    ImportImageContainer (0x4b0c7d0)
      RTTI typeinfo:   itk::ImportImageContainer<unsigned long, double>
      Reference Count: 1
      Modified Time: 3162
      Debug: Off
      Object Name: 
      Observers: 
        none
      Pointer: 0x7f2ef70da010
      Container manages memory: true
      Size: 10813440
      Capacity: 10813440

     Weighting = 1
     Sampling strategy = regular
     Number of bins = 32
     Radius = 4
     Sampling percentage  = 0.25
   Transform = Affine
     Gradient step = 0.1
     Update field sigma (voxel space) = 0
     Total field sigma (voxel space) = 0
     Update field time sigma = 0
     Total field time sigma  = 0
     Number of time indices = 0
     Number of time point samples = 0
Stage 3 State
   Image metric = CC
     Fixed image = Image (0x48c32c0)
  RTTI typeinfo:   itk::Image<double, 3u>
  Reference Count: 2
  Modified Time: 3945
  Debug: Off
  Object Name: 
  Observers: 
    none
  Source: (none)
  Source output name: (none)
  Release Data: Off
  Data Released: False
  Global Release Data: Off
  PipelineMTime: 0
  UpdateMTime: 3554
  RealTimeStamp: 0 seconds 
  LargestPossibleRegion: 
    Dimension: 3
    Index: [0, 0, 0]
    Size: [193, 229, 193]
  BufferedRegion: 
    Dimension: 3
    Index: [0, 0, 0]
    Size: [193, 229, 193]
  RequestedRegion: 
    Dimension: 3
    Index: [0, 0, 0]
    Size: [193, 229, 193]
  Spacing: [1, 1, 1]
  Origin: [96, 132, -78]
  Direction: 
-1 0 0
0 -1 0
0 0 1

  IndexToPointMatrix: 
-1 0 0
0 -1 0
0 0 1

  PointToIndexMatrix: 
-1 0 0
0 -1 0
0 0 1

  Inverse Direction: 
-1 0 0
0 -1 0
0 0 1

  PixelContainer: 
    ImportImageContainer (0x48dfd40)
      RTTI typeinfo:   itk::ImportImageContainer<unsigned long, double>
      Reference Count: 1
      Modified Time: 3551
      Debug: Off
      Object Name: 
      Observers: 
        none
      Pointer: 0x7f2ef2fc5010
      Container manages memory: true
      Size: 8530021
      Capacity: 8530021

     Moving image = Image (0x48e0bd0)
  RTTI typeinfo:   itk::Image<double, 3u>
  Reference Count: 2
  Modified Time: 3946
  Debug: Off
  Object Name: 
  Observers: 
    none
  Source: (none)
  Source output name: (none)
  Release Data: Off
  Data Released: False
  Global Release Data: Off
  PipelineMTime: 0
  UpdateMTime: 3943
  RealTimeStamp: 0 seconds 
  LargestPossibleRegion: 
    Dimension: 3
    Index: [0, 0, 0]
    Size: [176, 240, 256]
  BufferedRegion: 
    Dimension: 3
    Index: [0, 0, 0]
    Size: [176, 240, 256]
  RequestedRegion: 
    Dimension: 3
    Index: [0, 0, 0]
    Size: [176, 240, 256]
  Spacing: [0.999999, 1, 1]
  Origin: [93.3499, 86.9368, -128.957]
  Direction: 
-0.999513 -0.0279216 -0.0139567
0.0279189 -0.99961 0.000389866
-0.0139622 2.01492e-08 0.999902

  IndexToPointMatrix: 
-0.999512 -0.0279216 -0.0139567
0.0279189 -0.99961 0.000389866
-0.0139621 2.01492e-08 0.999902

  PointToIndexMatrix: 
-0.999514 0.0279189 -0.0139622
-0.0279216 -0.99961 2.01544e-08
-0.0139567 0.000389866 0.999903

  Inverse Direction: 
-0.999513 0.0279189 -0.0139622
-0.0279216 -0.99961 2.01544e-08
-0.0139567 0.000389866 0.999903

  PixelContainer: 
    ImportImageContainer (0x4aac7d0)
      RTTI typeinfo:   itk::ImportImageContainer<unsigned long, double>
      Reference Count: 1
      Modified Time: 3940
      Debug: Off
      Object Name: 
      Observers: 
        none
      Pointer: 0x7f2eedd44010
      Container manages memory: true
      Size: 10813440
      Capacity: 10813440

     Weighting = 1
     Sampling strategy = none
     Number of bins = 32
     Radius = 4
     Sampling percentage  = 1
   Transform = SyN
     Gradient step = 0.1
     Update field sigma (voxel space) = 3
     Total field sigma (voxel space) = 0
     Update field time sigma = 0
     Total field time sigma  = 0
     Number of time indices = 0
     Number of time point samples = 0
Registration using 3 total stages.

Stage 0
  iterations = 1000x500x250x100
  convergence threshold = 1e-06
  convergence window size = 10
  number of levels = 4
  using the Mattes MI metric (number of bins = 32, weight = 1, use gradient filter = 0)
  preprocessing:  winsorizing the image intensities
  Shrink factors (level 1 out of 4): [8, 8, 8]
  Shrink factors (level 2 out of 4): [4, 4, 4]
  Shrink factors (level 3 out of 4): [2, 2, 2]
  Shrink factors (level 4 out of 4): [1, 1, 1]
  smoothing sigmas per level: [3, 2, 1, 0]
  regular sampling (percentage = 0.25)

*** Running Euler3DTransform registration ***

DIAGNOSTIC,Iteration,metricValue,convergenceValue,ITERATION_TIME_INDEX,SINCE_LAST
*/mnt/lustre/mathdugre/fast-interpolate/datasets/ds004513/derivatives/flint/antsRegistration/r7-p23/sub-s003/Stage1_level1_Iter0001.nii.gz
2DIAGNOSTIC,     1, -4.867343790567e-01, 1.797693134862e+308, 0.0000e+00, 0.0000e+00, 
*/mnt/lustre/mathdugre/fast-interpolate/datasets/ds004513/derivatives/flint/antsRegistration/r7-p23/sub-s003/Stage1_level1_Iter0002.nii.gz
2DIAGNOSTIC,     2, -4.888913116926e-01, 1.797693134862e+308, 0.0000e+00, 0.0000e+00, 
*/mnt/lustre/mathdugre/fast-interpolate/datasets/ds004513/derivatives/flint/antsRegistration/r7-p23/sub-s003/Stage1_level1_Iter0003.nii.gz
2DIAGNOSTIC,     3, -4.926277719962e-01, 1.797693134862e+308, 0.0000e+00, 0.0000e+00, 
*/mnt/lustre/mathdugre/fast-interpolate/datasets/ds004513/derivatives/flint/antsRegistration/r7-p23/sub-s003/Stage1_level1_Iter0004.nii.gz
2DIAGNOSTIC,     4, -5.005527480969e-01, 1.797693134862e+308, 0.0000e+00, 0.0000e+00, 
*/mnt/lustre/mathdugre/fast-interpolate/datasets/ds004513/derivatives/flint/antsRegistration/r7-p23/sub-s003/Stage1_level1_Iter0005.nii.gz
2DIAGNOSTIC,     5, -5.089625402932e-01, 1.797693134862e+308, 0.0000e+00, 0.0000e+00, 
*/mnt/lustre/mathdugre/fast-interpolate/datasets/ds004513/derivatives/flint/antsRegistration/r7-p23/sub-s003/Stage1_level1_Iter0006.nii.gz
2DIAGNOSTIC,     6, -5.157843154703e-01, 1.797693134862e+308, 0.0000e+00, 0.0000e+00, 
*/mnt/lustre/mathdugre/fast-interpolate/datasets/ds004513/derivatives/flint/antsRegistration/r7-p23/sub-s003/Stage1_level1_Iter0007.nii.gz
2DIAGNOSTIC,     7, -5.232928195329e-01, 1.797693134862e+308, 0.0000e+00, 0.0000e+00, 
*/mnt/lustre/mathdugre/fast-interpolate/datasets/ds004513/derivatives/flint/antsRegistration/r7-p23/sub-s003/Stage1_level1_Iter0008.nii.gz
2DIAGNOSTIC,     8, -5.468384190679e-01, 1.797693134862e+308, 0.0000e+00, 0.0000e+00, 
*/mnt/lustre/mathdugre/fast-interpolate/datasets/ds004513/derivatives/flint/antsRegistration/r7-p23/sub-s003/Stage1_level1_Iter0009.nii.gz
2DIAGNOSTIC,     9, -5.590805191785e-01, 1.797693134862e+308, 0.0000e+00, 0.0000e+00, 
*/mnt/lustre/mathdugre/fast-interpolate/datasets/ds004513/derivatives/flint/antsRegistration/r7-p23/sub-s003/Stage1_level1_Iter0010.nii.gz
2DIAGNOSTIC,    10, -5.609436964669e-01, 1.016457378864e-02, 0.0000e+00, 0.0000e+00, 
*/mnt/lustre/mathdugre/fast-interpolate/datasets/ds004513/derivatives/flint/antsRegistration/r7-p23/sub-s003/Stage1_level1_Iter0011.nii.gz
2DIAGNOSTIC,    11, -5.598536528230e-01, 9.437382221222e-03, 0.0000e+00, 0.0000e+00, 
*/mnt/lustre/mathdugre/fast-interpolate/datasets/ds004513/derivatives/flint/antsRegistration/r7-p23/sub-s003/Stage1_level1_Iter0012.nii.gz
2DIAGNOSTIC,    12, -5.613747076376e-01, 8.168593049049e-03, 0.0000e+00, 0.0000e+00, 
*/mnt/lustre/mathdugre/fast-interpolate/datasets/ds004513/derivatives/flint/antsRegistration/r7-p23/sub-s003/Stage1_level1_Iter0013.nii.gz
2DIAGNOSTIC,    13, -5.640766691246e-01, 6.616495549679e-03, 0.0000e+00, 0.0000e+00, 
*/mnt/lustre/mathdugre/fast-interpolate/datasets/ds004513/derivatives/flint/antsRegistration/r7-p23/sub-s003/Stage1_level1_Iter0014.nii.gz
2DIAGNOSTIC,    14, -5.672584567514e-01, 5.108766257763e-03, 0.0000e+00, 0.0000e+00, 
*/mnt/lustre/mathdugre/fast-interpolate/datasets/ds004513/derivatives/flint/antsRegistration/r7-p23/sub-s003/Stage1_level1_Iter0015.nii.gz
2DIAGNOSTIC,    15, -5.683089750048e-01, 3.692217171192e-03, 0.0000e+00, 0.0000e+00, 
*/mnt/lustre/mathdugre/fast-interpolate/datasets/ds004513/derivatives/flint/antsRegistration/r7-p23/sub-s003/Stage1_level1_Iter0016.nii.gz
2DIAGNOSTIC,    16, -5.710834235871e-01, 2.454631030560e-03, 0.0000e+00, 0.0000e+00, 
*/mnt/lustre/mathdugre/fast-interpolate/datasets/ds004513/derivatives/flint/antsRegistration/r7-p23/sub-s003/Stage1_level1_Iter0017.nii.gz
2DIAGNOSTIC,    17, -5.764082681515e-01, 1.527637243271e-03, 0.0000e+00, 0.0000e+00, 
*/mnt/lustre/mathdugre/fast-interpolate/datasets/ds004513/derivatives/flint/antsRegistration/r7-p23/sub-s003/Stage1_level1_Iter0018.nii.gz
2DIAGNOSTIC,    18, -5.857295082978e-01, 1.513876020908e-03, 0.0000e+00, 0.0000e+00, 
*/mnt/lustre/mathdugre/fast-interpolate/datasets/ds004513/derivatives/flint/antsRegistration/r7-p23/sub-s003/Stage1_level1_Iter0019.nii.gz
2DIAGNOSTIC,    19, -5.859128406500e-01, 1.696866005659e-03, 0.0000e+00, 0.0000e+00, 
*/mnt/lustre/mathdugre/fast-interpolate/datasets/ds004513/derivatives/flint/antsRegistration/r7-p23/sub-s003/Stage1_level1_Iter0020.nii.gz
2DIAGNOSTIC,    20, -5.870807476519e-01, 1.788534224033e-03, 0.0000e+00, 0.0000e+00, 
*/mnt/lustre/mathdugre/fast-interpolate/datasets/ds004513/derivatives/flint/antsRegistration/r7-p23/sub-s003/Stage1_level1_Iter0021.nii.gz
2DIAGNOSTIC,    21, -5.877582434915e-01, 1.696921885014e-03, 0.0000e+00, 0.0000e+00, 
*/mnt/lustre/mathdugre/fast-interpolate/datasets/ds004513/derivatives/flint/antsRegistration/r7-p23/sub-s003/Stage1_level1_Iter0022.nii.gz
2DIAGNOSTIC,    22, -5.899227011745e-01, 1.539085060358e-03, 0.0000e+00, 0.0000e+00, 
*/mnt/lustre/mathdugre/fast-interpolate/datasets/ds004513/derivatives/flint/antsRegistration/r7-p23/sub-s003/Stage1_level1_Iter0023.nii.gz
2DIAGNOSTIC,    23, -5.905443742125e-01, 1.321483403444e-03, 0.0000e+00, 0.0000e+00, 
*/mnt/lustre/mathdugre/fast-interpolate/datasets/ds004513/derivatives/flint/antsRegistration/r7-p23/sub-s003/Stage1_level1_Iter0024.nii.gz
2DIAGNOSTIC,    24, -5.909289771398e-01, 1.077651977539e-03, 0.0000e+00, 0.0000e+00, 
*/mnt/lustre/mathdugre/fast-interpolate/datasets/ds004513/derivatives/flint/antsRegistration/r7-p23/sub-s003/Stage1_level1_Iter0025.nii.gz
2DIAGNOSTIC,    25, -5.911219414848e-01, 7.822923362255e-04, 0.0000e+00, 0.0000e+00, 
*/mnt/lustre/mathdugre/fast-interpolate/datasets/ds004513/derivatives/flint/antsRegistration/r7-p23/sub-s003/Stage1_level1_Iter0026.nii.gz
2DIAGNOSTIC,    26, -5.912911699344e-01, 4.947073757648e-04, 0.0000e+00, 0.0000e+00, 
*/mnt/lustre/mathdugre/fast-interpolate/datasets/ds004513/derivatives/flint/antsRegistration/r7-p23/sub-s003/Stage1_level1_Iter0027.nii.gz
2DIAGNOSTIC,    27, -5.917724452821e-01, 2.876818180084e-04, 0.0000e+00, 0.0000e+00, 
*/mnt/lustre/mathdugre/fast-interpolate/datasets/ds004513/derivatives/flint/antsRegistration/r7-p23/sub-s003/Stage1_level1_Iter0028.nii.gz
2DIAGNOSTIC,    28, -5.925887288128e-01, 2.534538507462e-04, 0.0000e+00, 0.0000e+00, 
*/mnt/lustre/mathdugre/fast-interpolate/datasets/ds004513/derivatives/flint/antsRegistration/r7-p23/sub-s003/Stage1_level1_Iter0029.nii.gz
2DIAGNOSTIC,    29, -6.000600870867e-01, 3.315955400467e-04, 0.0000e+00, 0.0000e+00, 
*/mnt/lustre/mathdugre/fast-interpolate/datasets/ds004513/derivatives/flint/antsRegistration/r7-p23/sub-s003/Stage1_level1_Iter0030.nii.gz
2DIAGNOSTIC,    30, -6.100904203096e-01, 5.585812032223e-04, 0.0000e+00, 0.0000e+00, 
*/mnt/lustre/mathdugre/fast-interpolate/datasets/ds004513/derivatives/flint/antsRegistration/r7-p23/sub-s003/Stage1_level1_Iter0031.nii.gz
2DIAGNOSTIC,    31, -6.106405802769e-01, 7.331781089306e-04, 0.0000e+00, 0.0000e+00, 
*/mnt/lustre/mathdugre/fast-interpolate/datasets/ds004513/derivatives/flint/antsRegistration/r7-p23/sub-s003/Stage1_level1_Iter0032.nii.gz
2DIAGNOSTIC,    32, -6.128041739005e-01, 8.979775011539e-04, 0.0000e+00, 0.0000e+00, 
*/mnt/lustre/mathdugre/fast-interpolate/datasets/ds004513/derivatives/flint/antsRegistration/r7-p23/sub-s003/Stage1_level1_Iter0033.nii.gz
2DIAGNOSTIC,    33, -6.149844985595e-01, 1.010507345200e-03, 0.0000e+00, 0.0000e+00, 
*/mnt/lustre/mathdugre/fast-interpolate/datasets/ds004513/derivatives/flint/antsRegistration/r7-p23/sub-s003/Stage1_level1_Iter0034.nii.gz
2DIAGNOSTIC,    34, -6.171827443919e-01, 1.055397093296e-03, 0.0000e+00, 0.0000e+00, 
*/mnt/lustre/mathdugre/fast-interpolate/datasets/ds004513/derivatives/flint/antsRegistration/r7-p23/sub-s003/Stage1_level1_Iter0035.nii.gz
2DIAGNOSTIC,    35, -6.182401685362e-01, 1.012682914734e-03, 0.0000e+00, 0.0000e+00, 
*/mnt/lustre/mathdugre/fast-interpolate/datasets/ds004513/derivatives/flint/antsRegistration/r7-p23/sub-s003/Stage1_level1_Iter0036.nii.gz
2DIAGNOSTIC,    36, -6.272063968883e-01, 1.003842800856e-03, 0.0000e+00, 0.0000e+00, 
*/mnt/lustre/mathdugre/fast-interpolate/datasets/ds004513/derivatives/flint/antsRegistration/r7-p23/sub-s003/Stage1_level1_Iter0037.nii.gz
2DIAGNOSTIC,    37, -6.386487934119e-01, 1.059459522367e-03, 0.0000e+00, 0.0000e+00, 
*/mnt/lustre/mathdugre/fast-interpolate/datasets/ds004513/derivatives/flint/antsRegistration/r7-p23/sub-s003/Stage1_level1_Iter0038.nii.gz
2DIAGNOSTIC,    38, -6.500408057169e-01, 1.165265217423e-03, 0.0000e+00, 0.0000e+00, 
*/mnt/lustre/mathdugre/fast-interpolate/datasets/ds004513/derivatives/flint/antsRegistration/r7-p23/sub-s003/Stage1_level1_Iter0039.nii.gz
2DIAGNOSTIC,    39, -6.550144730369e-01, 1.307094469666e-03, 0.0000e+00, 0.0000e+00, 
*/mnt/lustre/mathdugre/fast-interpolate/datasets/ds004513/derivatives/flint/antsRegistration/r7-p23/sub-s003/Stage1_level1_Iter0040.nii.gz
2DIAGNOSTIC,    40, -6.600309859724e-01, 1.503229141235e-03, 0.0000e+00, 0.0000e+00, 
*/mnt/lustre/mathdugre/fast-interpolate/datasets/ds004513/derivatives/flint/antsRegistration/r7-p23/sub-s003/Stage1_level1_Iter0041.nii.gz
2DIAGNOSTIC,    41, -6.602329617773e-01, 1.553433015943e-03, 0.0000e+00, 0.0000e+00, 
*/mnt/lustre/mathdugre/fast-interpolate/datasets/ds004513/derivatives/flint/antsRegistration/r7-p23/sub-s003/Stage1_level1_Iter0042.nii.gz
2DIAGNOSTIC,    42, -6.603158285236e-01, 1.477470621467e-03, 0.0000e+00, 0.0000e+00, 
*/mnt/lustre/mathdugre/fast-interpolate/datasets/ds004513/derivatives/flint/antsRegistration/r7-p23/sub-s003/Stage1_level1_Iter0043.nii.gz
2DIAGNOSTIC,    43, -6.605321003594e-01, 1.291096210480e-03, 0.0000e+00, 0.0000e+00, 
*/mnt/lustre/mathdugre/fast-interpolate/datasets/ds004513/derivatives/flint/antsRegistration/r7-p23/sub-s003/Stage1_level1_Iter0044.nii.gz
2DIAGNOSTIC,    44, -6.612543415532e-01, 1.024728640914e-03, 0.0000e+00, 0.0000e+00, 
*/mnt/lustre/mathdugre/fast-interpolate/datasets/ds004513/derivatives/flint/antsRegistration/r7-p23/sub-s003/Stage1_level1_Iter0045.nii.gz
2DIAGNOSTIC,    45, -6.624371528680e-01, 6.974749267101e-04, 0.0000e+00, 0.0000e+00, 
*/mnt/lustre/mathdugre/fast-interpolate/datasets/ds004513/derivatives/flint/antsRegistration/r7-p23/sub-s003/Stage1_level1_Iter0046.nii.gz
2DIAGNOSTIC,    46, -6.624681806629e-01, 4.124101251364e-04, 0.0000e+00, 0.0000e+00, 
*/mnt/lustre/mathdugre/fast-interpolate/datasets/ds004513/derivatives/flint/antsRegistration/r7-p23/sub-s003/Stage1_level1_Iter0047.nii.gz
2DIAGNOSTIC,    47, -6.623387550691e-01, 2.157073467970e-04, 0.0000e+00, 0.0000e+00, 
*/mnt/lustre/mathdugre/fast-interpolate/datasets/ds004513/derivatives/flint/antsRegistration/r7-p23/sub-s003/Stage1_level1_Iter0048.nii.gz
2DIAGNOSTIC,    48, -6.622824332591e-01, 1.202747225761e-04, 0.0000e+00, 0.0000e+00, 
*/mnt/lustre/mathdugre/fast-interpolate/datasets/ds004513/derivatives/flint/antsRegistration/r7-p23/sub-s003/Stage1_level1_Iter0049.nii.gz
2DIAGNOSTIC,    49, -6.622396825384e-01, 6.437487900257e-05, 0.0000e+00, 0.0000e+00, 
*/mnt/lustre/mathdugre/fast-interpolate/datasets/ds004513/derivatives/flint/antsRegistration/r7-p23/sub-s003/Stage1_level1_Iter0050.nii.gz
2DIAGNOSTIC,    50, -6.622685877783e-01, 5.280598998070e-05, 0.0000e+00, 0.0000e+00, 
*/mnt/lustre/mathdugre/fast-interpolate/datasets/ds004513/derivatives/flint/antsRegistration/r7-p23/sub-s003/Stage1_level1_Iter0051.nii.gz
2DIAGNOSTIC,    51, -6.622239852601e-01, 3.827176988125e-05, 0.0000e+00, 0.0000e+00, 
*/mnt/lustre/mathdugre/fast-interpolate/datasets/ds004513/derivatives/flint/antsRegistration/r7-p23/sub-s003/Stage1_level1_Iter0052.nii.gz
2DIAGNOSTIC,    52, -6.621932983580e-01, 2.146139740944e-05, 0.0000e+00, 0.0000e+00, 
*/mnt/lustre/mathdugre/fast-interpolate/datasets/ds004513/derivatives/flint/antsRegistration/r7-p23/sub-s003/Stage1_level1_Iter0053.nii.gz
2DIAGNOSTIC,    53, -6.622800203776e-01, 6.044283509254e-06, 0.0000e+00, 0.0000e+00, 
DIAGNOSTIC,Iteration,metricValue,convergenceValue,ITERATION_TIME_INDEX,SINCE_LAST
*/mnt/lustre/mathdugre/fast-interpolate/datasets/ds004513/derivatives/flint/antsRegistration/r7-p23/sub-s003/Stage1_level2_Iter0001.nii.gz
2DIAGNOSTIC,     1, -5.308438925532e-01, 1.797693134862e+308, 0.0000e+00, 0.0000e+00, 
*/mnt/lustre/mathdugre/fast-interpolate/datasets/ds004513/derivatives/flint/antsRegistration/r7-p23/sub-s003/Stage1_level2_Iter0002.nii.gz
2DIAGNOSTIC,     2, -5.315333321402e-01, 1.797693134862e+308, 0.0000e+00, 0.0000e+00, 
*/mnt/lustre/mathdugre/fast-interpolate/datasets/ds004513/derivatives/flint/antsRegistration/r7-p23/sub-s003/Stage1_level2_Iter0003.nii.gz
2DIAGNOSTIC,     3, -5.322927026445e-01, 1.797693134862e+308, 0.0000e+00, 0.0000e+00, 
*/mnt/lustre/mathdugre/fast-interpolate/datasets/ds004513/derivatives/flint/antsRegistration/r7-p23/sub-s003/Stage1_level2_Iter0004.nii.gz
2DIAGNOSTIC,     4, -5.330783605651e-01, 1.797693134862e+308, 0.0000e+00, 0.0000e+00, 
*/mnt/lustre/mathdugre/fast-interpolate/datasets/ds004513/derivatives/flint/antsRegistration/r7-p23/sub-s003/Stage1_level2_Iter0005.nii.gz
2DIAGNOSTIC,     5, -5.339761829310e-01, 1.797693134862e+308, 0.0000e+00, 0.0000e+00, 
*/mnt/lustre/mathdugre/fast-interpolate/datasets/ds004513/derivatives/flint/antsRegistration/r7-p23/sub-s003/Stage1_level2_Iter0006.nii.gz
2DIAGNOSTIC,     6, -5.352275006289e-01, 1.797693134862e+308, 0.0000e+00, 0.0000e+00, 
*/mnt/lustre/mathdugre/fast-interpolate/datasets/ds004513/derivatives/flint/antsRegistration/r7-p23/sub-s003/Stage1_level2_Iter0007.nii.gz
2DIAGNOSTIC,     7, -5.359114348623e-01, 1.797693134862e+308, 0.0000e+00, 0.0000e+00, 
*/mnt/lustre/mathdugre/fast-interpolate/datasets/ds004513/derivatives/flint/antsRegistration/r7-p23/sub-s003/Stage1_level2_Iter0008.nii.gz
2DIAGNOSTIC,     8, -5.365974500140e-01, 1.797693134862e+308, 0.0000e+00, 0.0000e+00, 
*/mnt/lustre/mathdugre/fast-interpolate/datasets/ds004513/derivatives/flint/antsRegistration/r7-p23/sub-s003/Stage1_level2_Iter0009.nii.gz
2DIAGNOSTIC,     9, -5.374773383114e-01, 1.797693134862e+308, 0.0000e+00, 0.0000e+00, 
*/mnt/lustre/mathdugre/fast-interpolate/datasets/ds004513/derivatives/flint/antsRegistration/r7-p23/sub-s003/Stage1_level2_Iter0010.nii.gz
2DIAGNOSTIC,    10, -5.379227912905e-01, 8.977428078651e-04, 0.0000e+00, 0.0000e+00, 
*/mnt/lustre/mathdugre/fast-interpolate/datasets/ds004513/derivatives/flint/antsRegistration/r7-p23/sub-s003/Stage1_level2_Iter0011.nii.gz
2DIAGNOSTIC,    11, -5.380489852248e-01, 7.690712809563e-04, 0.0000e+00, 0.0000e+00, 
*/mnt/lustre/mathdugre/fast-interpolate/datasets/ds004513/derivatives/flint/antsRegistration/r7-p23/sub-s003/Stage1_level2_Iter0012.nii.gz
2DIAGNOSTIC,    12, -5.381327994658e-01, 6.275177001953e-04, 0.0000e+00, 0.0000e+00, 
*/mnt/lustre/mathdugre/fast-interpolate/datasets/ds004513/derivatives/flint/antsRegistration/r7-p23/sub-s003/Stage1_level2_Iter0013.nii.gz
2DIAGNOSTIC,    13, -5.381698542558e-01, 4.838854074478e-04, 0.0000e+00, 0.0000e+00, 
*/mnt/lustre/mathdugre/fast-interpolate/datasets/ds004513/derivatives/flint/antsRegistration/r7-p23/sub-s003/Stage1_level2_Iter0014.nii.gz
2DIAGNOSTIC,    14, -5.382156643560e-01, 3.480240702629e-04, 0.0000e+00, 0.0000e+00, 
*/mnt/lustre/mathdugre/fast-interpolate/datasets/ds004513/derivatives/flint/antsRegistration/r7-p23/sub-s003/Stage1_level2_Iter0015.nii.gz
2DIAGNOSTIC,    15, -5.382613245427e-01, 2.312287688255e-04, 0.0000e+00, 0.0000e+00, 
*/mnt/lustre/mathdugre/fast-interpolate/datasets/ds004513/derivatives/flint/antsRegistration/r7-p23/sub-s003/Stage1_level2_Iter0016.nii.gz
2DIAGNOSTIC,    16, -5.383654291760e-01, 1.529753208160e-04, 0.0000e+00, 0.0000e+00, 
*/mnt/lustre/mathdugre/fast-interpolate/datasets/ds004513/derivatives/flint/antsRegistration/r7-p23/sub-s003/Stage1_level2_Iter0017.nii.gz
2DIAGNOSTIC,    17, -5.385497637446e-01, 9.699910879135e-05, 0.0000e+00, 0.0000e+00, 
*/mnt/lustre/mathdugre/fast-interpolate/datasets/ds004513/derivatives/flint/antsRegistration/r7-p23/sub-s003/Stage1_level2_Iter0018.nii.gz
2DIAGNOSTIC,    18, -5.387236535962e-01, 6.313621997833e-05, 0.0000e+00, 0.0000e+00, 
*/mnt/lustre/mathdugre/fast-interpolate/datasets/ds004513/derivatives/flint/antsRegistration/r7-p23/sub-s003/Stage1_level2_Iter0019.nii.gz
2DIAGNOSTIC,    19, -5.387406537649e-01, 5.184859037399e-05, 0.0000e+00, 0.0000e+00, 
*/mnt/lustre/mathdugre/fast-interpolate/datasets/ds004513/derivatives/flint/antsRegistration/r7-p23/sub-s003/Stage1_level2_Iter0020.nii.gz
2DIAGNOSTIC,    20, -5.387703040479e-01, 4.966557025909e-05, 0.0000e+00, 0.0000e+00, 
*/mnt/lustre/mathdugre/fast-interpolate/datasets/ds004513/derivatives/flint/antsRegistration/r7-p23/sub-s003/Stage1_level2_Iter0021.nii.gz
2DIAGNOSTIC,    21, -5.387658902048e-01, 4.623457789421e-05, 0.0000e+00, 0.0000e+00, 
*/mnt/lustre/mathdugre/fast-interpolate/datasets/ds004513/derivatives/flint/antsRegistration/r7-p23/sub-s003/Stage1_level2_Iter0022.nii.gz
2DIAGNOSTIC,    22, -5.387883742175e-01, 4.142150282860e-05, 0.0000e+00, 0.0000e+00, 
*/mnt/lustre/mathdugre/fast-interpolate/datasets/ds004513/derivatives/flint/antsRegistration/r7-p23/sub-s003/Stage1_level2_Iter0023.nii.gz
2DIAGNOSTIC,    23, -5.388313345874e-01, 3.506615757942e-05, 0.0000e+00, 0.0000e+00, 
*/mnt/lustre/mathdugre/fast-interpolate/datasets/ds004513/derivatives/flint/antsRegistration/r7-p23/sub-s003/Stage1_level2_Iter0024.nii.gz
2DIAGNOSTIC,    24, -5.390840860344e-01, 3.269687294960e-05, 0.0000e+00, 0.0000e+00, 
*/mnt/lustre/mathdugre/fast-interpolate/datasets/ds004513/derivatives/flint/antsRegistration/r7-p23/sub-s003/Stage1_level2_Iter0025.nii.gz
2DIAGNOSTIC,    25, -5.391721783364e-01, 3.030151128769e-05, 0.0000e+00, 0.0000e+00, 
*/mnt/lustre/mathdugre/fast-interpolate/datasets/ds004513/derivatives/flint/antsRegistration/r7-p23/sub-s003/Stage1_level2_Iter0026.nii.gz
2DIAGNOSTIC,    26, -5.392814003082e-01, 2.966076135635e-05, 0.0000e+00, 0.0000e+00, 
*/mnt/lustre/mathdugre/fast-interpolate/datasets/ds004513/derivatives/flint/antsRegistration/r7-p23/sub-s003/Stage1_level2_Iter0027.nii.gz
2DIAGNOSTIC,    27, -5.393030764150e-01, 3.037229180336e-05, 0.0000e+00, 0.0000e+00, 
*/mnt/lustre/mathdugre/fast-interpolate/datasets/ds004513/derivatives/flint/antsRegistration/r7-p23/sub-s003/Stage1_level2_Iter0028.nii.gz
2DIAGNOSTIC,    28, -5.393531752835e-01, 3.252923488617e-05, 0.0000e+00, 0.0000e+00, 
*/mnt/lustre/mathdugre/fast-interpolate/datasets/ds004513/derivatives/flint/antsRegistration/r7-p23/sub-s003/Stage1_level2_Iter0029.nii.gz
2DIAGNOSTIC,    29, -5.393486497550e-01, 3.169849514961e-05, 0.0000e+00, 0.0000e+00, 
*/mnt/lustre/mathdugre/fast-interpolate/datasets/ds004513/derivatives/flint/antsRegistration/r7-p23/sub-s003/Stage1_level2_Iter0030.nii.gz
2DIAGNOSTIC,    30, -5.393521792206e-01, 2.861022949219e-05, 0.0000e+00, 0.0000e+00, 
*/mnt/lustre/mathdugre/fast-interpolate/datasets/ds004513/derivatives/flint/antsRegistration/r7-p23/sub-s003/Stage1_level2_Iter0031.nii.gz
2DIAGNOSTIC,    31, -5.393435115664e-01, 2.293661236763e-05, 0.0000e+00, 0.0000e+00, 
*/mnt/lustre/mathdugre/fast-interpolate/datasets/ds004513/derivatives/flint/antsRegistration/r7-p23/sub-s003/Stage1_level2_Iter0032.nii.gz
2DIAGNOSTIC,    32, -5.393437062247e-01, 1.595541834831e-05, 0.0000e+00, 0.0000e+00, 
*/mnt/lustre/mathdugre/fast-interpolate/datasets/ds004513/derivatives/flint/antsRegistration/r7-p23/sub-s003/Stage1_level2_Iter0033.nii.gz
2DIAGNOSTIC,    33, -5.393453731703e-01, 8.612871170044e-06, 0.0000e+00, 0.0000e+00, 
*/mnt/lustre/mathdugre/fast-interpolate/datasets/ds004513/derivatives/flint/antsRegistration/r7-p23/sub-s003/Stage1_level2_Iter0034.nii.gz
2DIAGNOSTIC,    34, -5.393387216326e-01, 4.777684807777e-06, 0.0000e+00, 0.0000e+00, 
*/mnt/lustre/mathdugre/fast-interpolate/datasets/ds004513/derivatives/flint/antsRegistration/r7-p23/sub-s003/Stage1_level2_Iter0035.nii.gz
2DIAGNOSTIC,    35, -5.393363740052e-01, 2.071261405945e-06, 0.0000e+00, 0.0000e+00, 
DIAGNOSTIC,Iteration,metricValue,convergenceValue,ITERATION_TIME_INDEX,SINCE_LAST
*/mnt/lustre/mathdugre/fast-interpolate/datasets/ds004513/derivatives/flint/antsRegistration/r7-p23/sub-s003/Stage1_level3_Iter0001.nii.gz
2DIAGNOSTIC,     1, -4.780054428219e-01, 1.797693134862e+308, 0.0000e+00, 0.0000e+00, 
*/mnt/lustre/mathdugre/fast-interpolate/datasets/ds004513/derivatives/flint/antsRegistration/r7-p23/sub-s003/Stage1_level3_Iter0002.nii.gz
2DIAGNOSTIC,     2, -4.781849243482e-01, 1.797693134862e+308, 0.0000e+00, 0.0000e+00, 
*/mnt/lustre/mathdugre/fast-interpolate/datasets/ds004513/derivatives/flint/antsRegistration/r7-p23/sub-s003/Stage1_level3_Iter0003.nii.gz
2DIAGNOSTIC,     3, -4.784884455527e-01, 1.797693134862e+308, 0.0000e+00, 0.0000e+00, 
*/mnt/lustre/mathdugre/fast-interpolate/datasets/ds004513/derivatives/flint/antsRegistration/r7-p23/sub-s003/Stage1_level3_Iter0004.nii.gz
2DIAGNOSTIC,     4, -4.788127456457e-01, 1.797693134862e+308, 0.0000e+00, 0.0000e+00, 
*/mnt/lustre/mathdugre/fast-interpolate/datasets/ds004513/derivatives/flint/antsRegistration/r7-p23/sub-s003/Stage1_level3_Iter0005.nii.gz
2DIAGNOSTIC,     5, -4.789833185136e-01, 1.797693134862e+308, 0.0000e+00, 0.0000e+00, 
*/mnt/lustre/mathdugre/fast-interpolate/datasets/ds004513/derivatives/flint/antsRegistration/r7-p23/sub-s003/Stage1_level3_Iter0006.nii.gz
2DIAGNOSTIC,     6, -4.791927445202e-01, 1.797693134862e+308, 0.0000e+00, 0.0000e+00, 
*/mnt/lustre/mathdugre/fast-interpolate/datasets/ds004513/derivatives/flint/antsRegistration/r7-p23/sub-s003/Stage1_level3_Iter0007.nii.gz
2DIAGNOSTIC,     7, -4.799558707765e-01, 1.797693134862e+308, 0.0000e+00, 0.0000e+00, 
*/mnt/lustre/mathdugre/fast-interpolate/datasets/ds004513/derivatives/flint/antsRegistration/r7-p23/sub-s003/Stage1_level3_Iter0008.nii.gz
2DIAGNOSTIC,     8, -4.802491595929e-01, 1.797693134862e+308, 0.0000e+00, 0.0000e+00, 
*/mnt/lustre/mathdugre/fast-interpolate/datasets/ds004513/derivatives/flint/antsRegistration/r7-p23/sub-s003/Stage1_level3_Iter0009.nii.gz
2DIAGNOSTIC,     9, -4.803435556516e-01, 1.797693134862e+308, 0.0000e+00, 0.0000e+00, 
*/mnt/lustre/mathdugre/fast-interpolate/datasets/ds004513/derivatives/flint/antsRegistration/r7-p23/sub-s003/Stage1_level3_Iter0010.nii.gz
2DIAGNOSTIC,    10, -4.808065522453e-01, 3.880932927132e-04, 0.0000e+00, 0.0000e+00, 
*/mnt/lustre/mathdugre/fast-interpolate/datasets/ds004513/derivatives/flint/antsRegistration/r7-p23/sub-s003/Stage1_level3_Iter0011.nii.gz
2DIAGNOSTIC,    11, -4.810344455218e-01, 3.621354699135e-04, 0.0000e+00, 0.0000e+00, 
*/mnt/lustre/mathdugre/fast-interpolate/datasets/ds004513/derivatives/flint/antsRegistration/r7-p23/sub-s003/Stage1_level3_Iter0012.nii.gz
2DIAGNOSTIC,    12, -4.810919162312e-01, 3.192052245140e-04, 0.0000e+00, 0.0000e+00, 
*/mnt/lustre/mathdugre/fast-interpolate/datasets/ds004513/derivatives/flint/antsRegistration/r7-p23/sub-s003/Stage1_level3_Iter0013.nii.gz
2DIAGNOSTIC,    13, -4.812929301013e-01, 2.771764993668e-04, 0.0000e+00, 0.0000e+00, 
*/mnt/lustre/mathdugre/fast-interpolate/datasets/ds004513/derivatives/flint/antsRegistration/r7-p23/sub-s003/Stage1_level3_Iter0014.nii.gz
2DIAGNOSTIC,    14, -4.822507014020e-01, 2.705827355385e-04, 0.0000e+00, 0.0000e+00, 
*/mnt/lustre/mathdugre/fast-interpolate/datasets/ds004513/derivatives/flint/antsRegistration/r7-p23/sub-s003/Stage1_level3_Iter0015.nii.gz
2DIAGNOSTIC,    15, -4.822976306396e-01, 2.479851245880e-04, 0.0000e+00, 0.0000e+00, 
*/mnt/lustre/mathdugre/fast-interpolate/datasets/ds004513/derivatives/flint/antsRegistration/r7-p23/sub-s003/Stage1_level3_Iter0016.nii.gz
2DIAGNOSTIC,    16, -4.823022786474e-01, 2.132654190063e-04, 0.0000e+00, 0.0000e+00, 
*/mnt/lustre/mathdugre/fast-interpolate/datasets/ds004513/derivatives/flint/antsRegistration/r7-p23/sub-s003/Stage1_level3_Iter0017.nii.gz
2DIAGNOSTIC,    17, -4.823049884425e-01, 1.903399825096e-04, 0.0000e+00, 0.0000e+00, 
*/mnt/lustre/mathdugre/fast-interpolate/datasets/ds004513/derivatives/flint/antsRegistration/r7-p23/sub-s003/Stage1_level3_Iter0018.nii.gz
2DIAGNOSTIC,    18, -4.823058317983e-01, 1.622363924980e-04, 1.2800e+02, 1.2800e+02, 
*/mnt/lustre/mathdugre/fast-interpolate/datasets/ds004513/derivatives/flint/antsRegistration/r7-p23/sub-s003/Stage1_level3_Iter0019.nii.gz
2DIAGNOSTIC,    19, -4.823406053724e-01, 1.254342496395e-04, 1.2800e+02, 0.0000e+00, 
*/mnt/lustre/mathdugre/fast-interpolate/datasets/ds004513/derivatives/flint/antsRegistration/r7-p23/sub-s003/Stage1_level3_Iter0020.nii.gz
2DIAGNOSTIC,    20, -4.824272741108e-01, 9.682774543762e-05, 1.2800e+02, 0.0000e+00, 
*/mnt/lustre/mathdugre/fast-interpolate/datasets/ds004513/derivatives/flint/antsRegistration/r7-p23/sub-s003/Stage1_level3_Iter0021.nii.gz
2DIAGNOSTIC,    21, -4.825277754639e-01, 7.173418998718e-05, 1.2800e+02, 0.0000e+00, 
*/mnt/lustre/mathdugre/fast-interpolate/datasets/ds004513/derivatives/flint/antsRegistration/r7-p23/sub-s003/Stage1_level3_Iter0022.nii.gz
2DIAGNOSTIC,    22, -4.825827103913e-01, 4.553794860840e-05, 1.2800e+02, 0.0000e+00, 
*/mnt/lustre/mathdugre/fast-interpolate/datasets/ds004513/derivatives/flint/antsRegistration/r7-p23/sub-s003/Stage1_level3_Iter0023.nii.gz
2DIAGNOSTIC,    23, -4.826328126182e-01, 2.329051494598e-05, 1.2800e+02, 0.0000e+00, 
*/mnt/lustre/mathdugre/fast-interpolate/datasets/ds004513/derivatives/flint/antsRegistration/r7-p23/sub-s003/Stage1_level3_Iter0024.nii.gz
2DIAGNOSTIC,    24, -4.826319358221e-01, 2.437829971313e-05, 1.2800e+02, 0.0000e+00, 
*/mnt/lustre/mathdugre/fast-interpolate/datasets/ds004513/derivatives/flint/antsRegistration/r7-p23/sub-s003/Stage1_level3_Iter0025.nii.gz
2DIAGNOSTIC,    25, -4.826320168899e-01, 2.430751919746e-05, 1.2800e+02, 0.0000e+00, 
*/mnt/lustre/mathdugre/fast-interpolate/datasets/ds004513/derivatives/flint/antsRegistration/r7-p23/sub-s003/Stage1_level3_Iter0026.nii.gz
2DIAGNOSTIC,    26, -4.826301246788e-01, 2.212449908257e-05, 1.2800e+02, 0.0000e+00, 
*/mnt/lustre/mathdugre/fast-interpolate/datasets/ds004513/derivatives/flint/antsRegistration/r7-p23/sub-s003/Stage1_level3_Iter0027.nii.gz
2DIAGNOSTIC,    27, -4.826273183376e-01, 1.813843846321e-05, 1.2800e+02, 0.0000e+00, 
*/mnt/lustre/mathdugre/fast-interpolate/datasets/ds004513/derivatives/flint/antsRegistration/r7-p23/sub-s003/Stage1_level3_Iter0028.nii.gz
2DIAGNOSTIC,    28, -4.826268415418e-01, 1.286342740059e-05, 1.2800e+02, 0.0000e+00, 
*/mnt/lustre/mathdugre/fast-interpolate/datasets/ds004513/derivatives/flint/antsRegistration/r7-p23/sub-s003/Stage1_level3_Iter0029.nii.gz
2DIAGNOSTIC,    29, -4.826255855180e-01, 7.513910531998e-06, 2.5600e+02, 1.2800e+02, 
*/mnt/lustre/mathdugre/fast-interpolate/datasets/ds004513/derivatives/flint/antsRegistration/r7-p23/sub-s003/Stage1_level3_Iter0030.nii.gz
2DIAGNOSTIC,    30, -4.826251173270e-01, 3.587454557419e-06, 2.5600e+02, 0.0000e+00, 
