
##########################
# Experiment information #
##########################

EXPERIMENT_NAME: r7-p17
VFC_BACKENDS: libinterflop_vprec.so --range-binary32=7 --precision-binary32=17 --range-binary64=7 --precision-binary64=17

SIF_IMG: /mnt/lustre/mathdugre/containers/ants-vprec-no_metric.simg

SUBJECT_ID: s035
INPUT_IMG: /mnt/lustre/mathdugre/fast-interpolate/datasets/ds004513/derivatives/flint/antsBrainExtraction/sub-s035/BrainExtractionBrain.nii.gz
OUTPUT_DIR: /mnt/lustre/mathdugre/fast-interpolate/datasets/ds004513/derivatives/flint/antsRegistration/r7-p17/sub-s035

FIXED_IMG: /templateflow/tpl-MNI152NLin2009cAsym/tpl-MNI152NLin2009cAsym_res-01_desc-brain_T1w.nii.gz
DATA_DIR: /mnt/lustre/mathdugre/fast-interpolate/datasets/ds004513
TEMPLATEFLOW_DIR: /home/mathdugre/.cache/templateflow
ITK_GLOBAL_DEFAULT_NUMBER_OF_THREADS: 4
##########################

Info [verificarlo]: loaded backend libinterflop_vprec.so
Info [interflop-vprec]: load backend with: 
Info [interflop-vprec]: precision-binary32 = 17
Info [interflop-vprec]: range-binary32 = 7
Info [interflop-vprec]: precision-binary64 = 17
Info [interflop-vprec]: range-binary64 = 7
Info [interflop-vprec]: mode = ob
Info [interflop-vprec]: error-mode = rel
Info [interflop-vprec]: max-abs-error-exponent = -1022
Info [interflop-vprec]: daz = false
Info [interflop-vprec]: ftz = false
Info [interflop-vprec]: 	instrument = none
Info [interflop-vprec]: 	prec-input-file = (null)
Info [interflop-vprec]: 	prec-output-file = (null)
Info [interflop-vprec]: 	prec-log-file = (null)
All_Command_lines_OK
Using double precision for computations.
=============================================================================
The composite transform comprises the following transforms (in order): 
  1. Center of mass alignment using fixed image: /templateflow/tpl-MNI152NLin2009cAsym/tpl-MNI152NLin2009cAsym_res-01_desc-brain_T1w.nii.gz and moving image: /mnt/lustre/mathdugre/fast-interpolate/datasets/ds004513/derivatives/flint/antsBrainExtraction/sub-s035/BrainExtractionBrain.nii.gz (type = Euler3DTransform)
=============================================================================
  number of levels = 4
  number of levels = 4
  number of levels = 4
  fixed image: /templateflow/tpl-MNI152NLin2009cAsym/tpl-MNI152NLin2009cAsym_res-01_desc-brain_T1w.nii.gz
  moving image: /mnt/lustre/mathdugre/fast-interpolate/datasets/ds004513/derivatives/flint/antsBrainExtraction/sub-s035/BrainExtractionBrain.nii.gz
  fixed image: /templateflow/tpl-MNI152NLin2009cAsym/tpl-MNI152NLin2009cAsym_res-01_desc-brain_T1w.nii.gz
  moving image: /mnt/lustre/mathdugre/fast-interpolate/datasets/ds004513/derivatives/flint/antsBrainExtraction/sub-s035/BrainExtractionBrain.nii.gz
  fixed image: /templateflow/tpl-MNI152NLin2009cAsym/tpl-MNI152NLin2009cAsym_res-01_desc-brain_T1w.nii.gz
  moving image: /mnt/lustre/mathdugre/fast-interpolate/datasets/ds004513/derivatives/flint/antsBrainExtraction/sub-s035/BrainExtractionBrain.nii.gz
Dimension = 3
Number of stages = 3
Use histogram matching = false
Winsorize image intensities = true
  Lower quantile = 0.005
  Upper quantile = 0.995


Stage 1 State
   Image metric = MattesMI
     Fixed image = Image (0x4814b30)
  RTTI typeinfo:   itk::Image<double, 3u>
  Reference Count: 2
  Modified Time: 2385
  Debug: Off
  Object Name: 
  Observers: 
    none
  Source: (none)
  Source output name: (none)
  Release Data: Off
  Data Released: False
  Global Release Data: Off
  PipelineMTime: 0
  UpdateMTime: 1996
  RealTimeStamp: 0 seconds 
  LargestPossibleRegion: 
    Dimension: 3
    Index: [0, 0, 0]
    Size: [193, 229, 193]
  BufferedRegion: 
    Dimension: 3
    Index: [0, 0, 0]
    Size: [193, 229, 193]
  RequestedRegion: 
    Dimension: 3
    Index: [0, 0, 0]
    Size: [193, 229, 193]
  Spacing: [1, 1, 1]
  Origin: [96, 132, -78]
  Direction: 
-1 0 0
0 -1 0
0 0 1

  IndexToPointMatrix: 
-1 0 0
0 -1 0
0 0 1

  PointToIndexMatrix: 
-1 0 0
0 -1 0
0 0 1

  Inverse Direction: 
-1 0 0
0 -1 0
0 0 1

  PixelContainer: 
    ImportImageContainer (0x4819a10)
      RTTI typeinfo:   itk::ImportImageContainer<unsigned long, double>
      Reference Count: 1
      Modified Time: 1993
      Debug: Off
      Object Name: 
      Observers: 
        none
      Pointer: 0x7fa7f958a010
      Container manages memory: true
      Size: 8530021
      Capacity: 8530021

     Moving image = Image (0x4810400)
  RTTI typeinfo:   itk::Image<double, 3u>
  Reference Count: 2
  Modified Time: 2386
  Debug: Off
  Object Name: 
  Observers: 
    none
  Source: (none)
  Source output name: (none)
  Release Data: Off
  Data Released: False
  Global Release Data: Off
  PipelineMTime: 0
  UpdateMTime: 2383
  RealTimeStamp: 0 seconds 
  LargestPossibleRegion: 
    Dimension: 3
    Index: [0, 0, 0]
    Size: [160, 240, 256]
  BufferedRegion: 
    Dimension: 3
    Index: [0, 0, 0]
    Size: [160, 240, 256]
  RequestedRegion: 
    Dimension: 3
    Index: [0, 0, 0]
    Size: [160, 240, 256]
  Spacing: [1, 1, 1]
  Origin: [98.6436, 87.6357, -117.989]
  Direction: 
-0.993515 -0.100993 -0.0522354
0.100854 -0.994888 0.00530255
-0.0525038 1.93537e-08 0.998619

  IndexToPointMatrix: 
-0.993515 -0.100993 -0.0522354
0.100854 -0.994888 0.00530255
-0.0525038 1.93537e-08 0.998619

  PointToIndexMatrix: 
-0.993515 0.100854 -0.0525038
-0.100993 -0.994888 0
-0.0522356 0.00530243 0.998623

  Inverse Direction: 
-0.993515 0.100854 -0.0525038
-0.100993 -0.994888 0
-0.0522356 0.00530243 0.998623

  PixelContainer: 
    ImportImageContainer (0x49e46d0)
      RTTI typeinfo:   itk::ImportImageContainer<unsigned long, double>
      Reference Count: 1
      Modified Time: 2380
      Debug: Off
      Object Name: 
      Observers: 
        none
      Pointer: 0x7fa7f4a89010
      Container manages memory: true
      Size: 9830400
      Capacity: 9830400

     Weighting = 1
     Sampling strategy = regular
     Number of bins = 32
     Radius = 4
     Sampling percentage  = 0.25
   Transform = Rigid
     Gradient step = 0.1
     Update field sigma (voxel space) = 0
     Total field sigma (voxel space) = 0
     Update field time sigma = 0
     Total field time sigma  = 0
     Number of time indices = 0
     Number of time point samples = 0
Stage 2 State
   Image metric = MattesMI
     Fixed image = Image (0x4830ec0)
  RTTI typeinfo:   itk::Image<double, 3u>
  Reference Count: 2
  Modified Time: 3161
  Debug: Off
  Object Name: 
  Observers: 
    none
  Source: (none)
  Source output name: (none)
  Release Data: Off
  Data Released: False
  Global Release Data: Off
  PipelineMTime: 0
  UpdateMTime: 2772
  RealTimeStamp: 0 seconds 
  LargestPossibleRegion: 
    Dimension: 3
    Index: [0, 0, 0]
    Size: [193, 229, 193]
  BufferedRegion: 
    Dimension: 3
    Index: [0, 0, 0]
    Size: [193, 229, 193]
  RequestedRegion: 
    Dimension: 3
    Index: [0, 0, 0]
    Size: [193, 229, 193]
  Spacing: [1, 1, 1]
  Origin: [96, 132, -78]
  Direction: 
-1 0 0
0 -1 0
0 0 1

  IndexToPointMatrix: 
-1 0 0
0 -1 0
0 0 1

  PointToIndexMatrix: 
-1 0 0
0 -1 0
0 0 1

  Inverse Direction: 
-1 0 0
0 -1 0
0 0 1

  PixelContainer: 
    ImportImageContainer (0x4831c80)
      RTTI typeinfo:   itk::ImportImageContainer<unsigned long, double>
      Reference Count: 1
      Modified Time: 2769
      Debug: Off
      Object Name: 
      Observers: 
        none
      Pointer: 0x7fa7f0974010
      Container manages memory: true
      Size: 8530021
      Capacity: 8530021

     Moving image = Image (0x4839690)
  RTTI typeinfo:   itk::Image<double, 3u>
  Reference Count: 2
  Modified Time: 3162
  Debug: Off
  Object Name: 
  Observers: 
    none
  Source: (none)
  Source output name: (none)
  Release Data: Off
  Data Released: False
  Global Release Data: Off
  PipelineMTime: 0
  UpdateMTime: 3159
  RealTimeStamp: 0 seconds 
  LargestPossibleRegion: 
    Dimension: 3
    Index: [0, 0, 0]
    Size: [160, 240, 256]
  BufferedRegion: 
    Dimension: 3
    Index: [0, 0, 0]
    Size: [160, 240, 256]
  RequestedRegion: 
    Dimension: 3
    Index: [0, 0, 0]
    Size: [160, 240, 256]
  Spacing: [1, 1, 1]
  Origin: [98.6436, 87.6357, -117.989]
  Direction: 
-0.993515 -0.100993 -0.0522354
0.100854 -0.994888 0.00530255
-0.0525038 1.93537e-08 0.998619

  IndexToPointMatrix: 
-0.993515 -0.100993 -0.0522354
0.100854 -0.994888 0.00530255
-0.0525038 1.93537e-08 0.998619

  PointToIndexMatrix: 
-0.993515 0.100854 -0.0525038
-0.100993 -0.994888 0
-0.0522356 0.00530243 0.998623

  Inverse Direction: 
-0.993515 0.100854 -0.0525038
-0.100993 -0.994888 0
-0.0522356 0.00530243 0.998623

  PixelContainer: 
    ImportImageContainer (0x49c46d0)
      RTTI typeinfo:   itk::ImportImageContainer<unsigned long, double>
      Reference Count: 1
      Modified Time: 3156
      Debug: Off
      Object Name: 
      Observers: 
        none
      Pointer: 0x7fa7ebe73010
      Container manages memory: true
      Size: 9830400
      Capacity: 9830400

     Weighting = 1
     Sampling strategy = regular
     Number of bins = 32
     Radius = 4
     Sampling percentage  = 0.25
   Transform = Affine
     Gradient step = 0.1
     Update field sigma (voxel space) = 0
     Total field sigma (voxel space) = 0
     Update field time sigma = 0
     Total field time sigma  = 0
     Number of time indices = 0
     Number of time point samples = 0
Stage 3 State
   Image metric = CC
     Fixed image = Image (0x4839220)
  RTTI typeinfo:   itk::Image<double, 3u>
  Reference Count: 2
  Modified Time: 3937
  Debug: Off
  Object Name: 
  Observers: 
    none
  Source: (none)
  Source output name: (none)
  Release Data: Off
  Data Released: False
  Global Release Data: Off
  PipelineMTime: 0
  UpdateMTime: 3548
  RealTimeStamp: 0 seconds 
  LargestPossibleRegion: 
    Dimension: 3
    Index: [0, 0, 0]
    Size: [193, 229, 193]
  BufferedRegion: 
    Dimension: 3
    Index: [0, 0, 0]
    Size: [193, 229, 193]
  RequestedRegion: 
    Dimension: 3
    Index: [0, 0, 0]
    Size: [193, 229, 193]
  Spacing: [1, 1, 1]
  Origin: [96, 132, -78]
  Direction: 
-1 0 0
0 -1 0
0 0 1

  IndexToPointMatrix: 
-1 0 0
0 -1 0
0 0 1

  PointToIndexMatrix: 
-1 0 0
0 -1 0
0 0 1

  Inverse Direction: 
-1 0 0
0 -1 0
0 0 1

  PixelContainer: 
    ImportImageContainer (0x4838d40)
      RTTI typeinfo:   itk::ImportImageContainer<unsigned long, double>
      Reference Count: 1
      Modified Time: 3545
      Debug: Off
      Object Name: 
      Observers: 
        none
      Pointer: 0x7fa7e7d5e010
      Container manages memory: true
      Size: 8530021
      Capacity: 8530021

     Moving image = Image (0x482ea80)
  RTTI typeinfo:   itk::Image<double, 3u>
  Reference Count: 2
  Modified Time: 3938
  Debug: Off
  Object Name: 
  Observers: 
    none
  Source: (none)
  Source output name: (none)
  Release Data: Off
  Data Released: False
  Global Release Data: Off
  PipelineMTime: 0
  UpdateMTime: 3935
  RealTimeStamp: 0 seconds 
  LargestPossibleRegion: 
    Dimension: 3
    Index: [0, 0, 0]
    Size: [160, 240, 256]
  BufferedRegion: 
    Dimension: 3
    Index: [0, 0, 0]
    Size: [160, 240, 256]
  RequestedRegion: 
    Dimension: 3
    Index: [0, 0, 0]
    Size: [160, 240, 256]
  Spacing: [1, 1, 1]
  Origin: [98.6436, 87.6357, -117.989]
  Direction: 
-0.993515 -0.100993 -0.0522354
0.100854 -0.994888 0.00530255
-0.0525038 1.93537e-08 0.998619

  IndexToPointMatrix: 
-0.993515 -0.100993 -0.0522354
0.100854 -0.994888 0.00530255
-0.0525038 1.93537e-08 0.998619

  PointToIndexMatrix: 
-0.993515 0.100854 -0.0525038
-0.100993 -0.994888 0
-0.0522356 0.00530243 0.998623

  Inverse Direction: 
-0.993515 0.100854 -0.0525038
-0.100993 -0.994888 0
-0.0522356 0.00530243 0.998623

  PixelContainer: 
    ImportImageContainer (0x4a04750)
      RTTI typeinfo:   itk::ImportImageContainer<unsigned long, double>
      Reference Count: 1
      Modified Time: 3932
      Debug: Off
      Object Name: 
      Observers: 
        none
      Pointer: 0x7fa7e325d010
      Container manages memory: true
      Size: 9830400
      Capacity: 9830400

     Weighting = 1
     Sampling strategy = none
     Number of bins = 32
     Radius = 4
     Sampling percentage  = 1
   Transform = SyN
     Gradient step = 0.1
     Update field sigma (voxel space) = 3
     Total field sigma (voxel space) = 0
     Update field time sigma = 0
     Total field time sigma  = 0
     Number of time indices = 0
     Number of time point samples = 0
Registration using 3 total stages.

Stage 0
  iterations = 1000x500x250x100
  convergence threshold = 1e-06
  convergence window size = 10
  number of levels = 4
  using the Mattes MI metric (number of bins = 32, weight = 1, use gradient filter = 0)
  preprocessing:  winsorizing the image intensities
  Shrink factors (level 1 out of 4): [8, 8, 8]
  Shrink factors (level 2 out of 4): [4, 4, 4]
  Shrink factors (level 3 out of 4): [2, 2, 2]
  Shrink factors (level 4 out of 4): [1, 1, 1]
  smoothing sigmas per level: [3, 2, 1, 0]
  regular sampling (percentage = 0.25)

*** Running Euler3DTransform registration ***

DIAGNOSTIC,Iteration,metricValue,convergenceValue,ITERATION_TIME_INDEX,SINCE_LAST
*/mnt/lustre/mathdugre/fast-interpolate/datasets/ds004513/derivatives/flint/antsRegistration/r7-p17/sub-s035/Stage1_level1_Iter0001.nii.gz
2DIAGNOSTIC,     1, -1.252188161338e-01, 1.797693134862e+308, 0.0000e+00, 0.0000e+00, 
*/mnt/lustre/mathdugre/fast-interpolate/datasets/ds004513/derivatives/flint/antsRegistration/r7-p17/sub-s035/Stage1_level1_Iter0002.nii.gz
2DIAGNOSTIC,     2, -1.259939083009e-01, 1.797693134862e+308, 0.0000e+00, 0.0000e+00, 
*/mnt/lustre/mathdugre/fast-interpolate/datasets/ds004513/derivatives/flint/antsRegistration/r7-p17/sub-s035/Stage1_level1_Iter0003.nii.gz
2DIAGNOSTIC,     3, -1.289875138066e-01, 1.797693134862e+308, 0.0000e+00, 0.0000e+00, 
*/mnt/lustre/mathdugre/fast-interpolate/datasets/ds004513/derivatives/flint/antsRegistration/r7-p17/sub-s035/Stage1_level1_Iter0004.nii.gz
2DIAGNOSTIC,     4, -1.297178522703e-01, 1.797693134862e+308, 0.0000e+00, 0.0000e+00, 
*/mnt/lustre/mathdugre/fast-interpolate/datasets/ds004513/derivatives/flint/antsRegistration/r7-p17/sub-s035/Stage1_level1_Iter0005.nii.gz
2DIAGNOSTIC,     5, -1.298583468037e-01, 1.797693134862e+308, 0.0000e+00, 0.0000e+00, 
*/mnt/lustre/mathdugre/fast-interpolate/datasets/ds004513/derivatives/flint/antsRegistration/r7-p17/sub-s035/Stage1_level1_Iter0006.nii.gz
2DIAGNOSTIC,     6, -1.299816484208e-01, 1.797693134862e+308, 0.0000e+00, 0.0000e+00, 
*/mnt/lustre/mathdugre/fast-interpolate/datasets/ds004513/derivatives/flint/antsRegistration/r7-p17/sub-s035/Stage1_level1_Iter0007.nii.gz
2DIAGNOSTIC,     7, -1.300647042231e-01, 1.797693134862e+308, 0.0000e+00, 0.0000e+00, 
*/mnt/lustre/mathdugre/fast-interpolate/datasets/ds004513/derivatives/flint/antsRegistration/r7-p17/sub-s035/Stage1_level1_Iter0008.nii.gz
2DIAGNOSTIC,     8, -1.301070147002e-01, 1.797693134862e+308, 0.0000e+00, 0.0000e+00, 
*/mnt/lustre/mathdugre/fast-interpolate/datasets/ds004513/derivatives/flint/antsRegistration/r7-p17/sub-s035/Stage1_level1_Iter0009.nii.gz
2DIAGNOSTIC,     9, -1.301261272443e-01, 1.797693134862e+308, 0.0000e+00, 0.0000e+00, 
*/mnt/lustre/mathdugre/fast-interpolate/datasets/ds004513/derivatives/flint/antsRegistration/r7-p17/sub-s035/Stage1_level1_Iter0010.nii.gz
2DIAGNOSTIC,    10, -1.302982730688e-01, 2.130031585693e-03, 0.0000e+00, 0.0000e+00, 
*/mnt/lustre/mathdugre/fast-interpolate/datasets/ds004513/derivatives/flint/antsRegistration/r7-p17/sub-s035/Stage1_level1_Iter0011.nii.gz
2DIAGNOSTIC,    11, -1.304445741499e-01, 1.204967498779e-03, 0.0000e+00, 0.0000e+00, 
*/mnt/lustre/mathdugre/fast-interpolate/datasets/ds004513/derivatives/flint/antsRegistration/r7-p17/sub-s035/Stage1_level1_Iter0012.nii.gz
2DIAGNOSTIC,    12, -1.304744768091e-01, 4.620552062988e-04, 0.0000e+00, 0.0000e+00, 
*/mnt/lustre/mathdugre/fast-interpolate/datasets/ds004513/derivatives/flint/antsRegistration/r7-p17/sub-s035/Stage1_level1_Iter0013.nii.gz
2DIAGNOSTIC,    13, -1.307281402063e-01, 3.376007080078e-04, 0.0000e+00, 0.0000e+00, 
*/mnt/lustre/mathdugre/fast-interpolate/datasets/ds004513/derivatives/flint/antsRegistration/r7-p17/sub-s035/Stage1_level1_Iter0014.nii.gz
2DIAGNOSTIC,    14, -1.309045800943e-01, 3.423690795898e-04, 0.0000e+00, 0.0000e+00, 
*/mnt/lustre/mathdugre/fast-interpolate/datasets/ds004513/derivatives/flint/antsRegistration/r7-p17/sub-s035/Stage1_level1_Iter0015.nii.gz
2DIAGNOSTIC,    15, -1.310709861920e-01, 3.595352172852e-04, 0.0000e+00, 0.0000e+00, 
*/mnt/lustre/mathdugre/fast-interpolate/datasets/ds004513/derivatives/flint/antsRegistration/r7-p17/sub-s035/Stage1_level1_Iter0016.nii.gz
2DIAGNOSTIC,    16, -1.312802063129e-01, 3.871917724609e-04, 0.0000e+00, 0.0000e+00, 
*/mnt/lustre/mathdugre/fast-interpolate/datasets/ds004513/derivatives/flint/antsRegistration/r7-p17/sub-s035/Stage1_level1_Iter0017.nii.gz
2DIAGNOSTIC,    17, -1.316866769638e-01, 4.379749298096e-04, 0.0000e+00, 0.0000e+00, 
*/mnt/lustre/mathdugre/fast-interpolate/datasets/ds004513/derivatives/flint/antsRegistration/r7-p17/sub-s035/Stage1_level1_Iter0018.nii.gz
2DIAGNOSTIC,    18, -1.317529077381e-01, 4.551410675049e-04, 0.0000e+00, 0.0000e+00, 
*/mnt/lustre/mathdugre/fast-interpolate/datasets/ds004513/derivatives/flint/antsRegistration/r7-p17/sub-s035/Stage1_level1_Iter0019.nii.gz
2DIAGNOSTIC,    19, -1.318617556552e-01, 4.439353942871e-04, 0.0000e+00, 0.0000e+00, 
*/mnt/lustre/mathdugre/fast-interpolate/datasets/ds004513/derivatives/flint/antsRegistration/r7-p17/sub-s035/Stage1_level1_Iter0020.nii.gz
2DIAGNOSTIC,    20, -1.321334693951e-01, 4.401206970215e-04, 0.0000e+00, 0.0000e+00, 
*/mnt/lustre/mathdugre/fast-interpolate/datasets/ds004513/derivatives/flint/antsRegistration/r7-p17/sub-s035/Stage1_level1_Iter0021.nii.gz
2DIAGNOSTIC,    21, -1.322398177346e-01, 4.222393035889e-04, 0.0000e+00, 0.0000e+00, 
*/mnt/lustre/mathdugre/fast-interpolate/datasets/ds004513/derivatives/flint/antsRegistration/r7-p17/sub-s035/Stage1_level1_Iter0022.nii.gz
2DIAGNOSTIC,    22, -1.322367110964e-01, 3.681182861328e-04, 0.0000e+00, 0.0000e+00, 
*/mnt/lustre/mathdugre/fast-interpolate/datasets/ds004513/derivatives/flint/antsRegistration/r7-p17/sub-s035/Stage1_level1_Iter0023.nii.gz
2DIAGNOSTIC,    23, -1.322868038422e-01, 3.142356872559e-04, 0.0000e+00, 0.0000e+00, 
*/mnt/lustre/mathdugre/fast-interpolate/datasets/ds004513/derivatives/flint/antsRegistration/r7-p17/sub-s035/Stage1_level1_Iter0024.nii.gz
2DIAGNOSTIC,    24, -1.323847136833e-01, 2.596378326416e-04, 0.0000e+00, 0.0000e+00, 
*/mnt/lustre/mathdugre/fast-interpolate/datasets/ds004513/derivatives/flint/antsRegistration/r7-p17/sub-s035/Stage1_level1_Iter0025.nii.gz
2DIAGNOSTIC,    25, -1.325070394165e-01, 2.102851867676e-04, 0.0000e+00, 0.0000e+00, 
*/mnt/lustre/mathdugre/fast-interpolate/datasets/ds004513/derivatives/flint/antsRegistration/r7-p17/sub-s035/Stage1_level1_Iter0026.nii.gz
2DIAGNOSTIC,    26, -1.326356234356e-01, 1.728534698486e-04, 0.0000e+00, 0.0000e+00, 
*/mnt/lustre/mathdugre/fast-interpolate/datasets/ds004513/derivatives/flint/antsRegistration/r7-p17/sub-s035/Stage1_level1_Iter0027.nii.gz
2DIAGNOSTIC,    27, -1.327757097958e-01, 1.652240753174e-04, 0.0000e+00, 0.0000e+00, 
*/mnt/lustre/mathdugre/fast-interpolate/datasets/ds004513/derivatives/flint/antsRegistration/r7-p17/sub-s035/Stage1_level1_Iter0028.nii.gz
2DIAGNOSTIC,    28, -1.330084566975e-01, 1.659393310547e-04, 0.0000e+00, 0.0000e+00, 
*/mnt/lustre/mathdugre/fast-interpolate/datasets/ds004513/derivatives/flint/antsRegistration/r7-p17/sub-s035/Stage1_level1_Iter0029.nii.gz
2DIAGNOSTIC,    29, -1.351003296978e-01, 3.151893615723e-04, 0.0000e+00, 0.0000e+00, 
*/mnt/lustre/mathdugre/fast-interpolate/datasets/ds004513/derivatives/flint/antsRegistration/r7-p17/sub-s035/Stage1_level1_Iter0030.nii.gz
2DIAGNOSTIC,    30, -1.435419822287e-01, 1.047849655151e-03, 0.0000e+00, 0.0000e+00, 
*/mnt/lustre/mathdugre/fast-interpolate/datasets/ds004513/derivatives/flint/antsRegistration/r7-p17/sub-s035/Stage1_level1_Iter0031.nii.gz
2DIAGNOSTIC,    31, -1.950051274087e-01, 5.137681961060e-03, 0.0000e+00, 0.0000e+00, 
*/mnt/lustre/mathdugre/fast-interpolate/datasets/ds004513/derivatives/flint/antsRegistration/r7-p17/sub-s035/Stage1_level1_Iter0032.nii.gz
2DIAGNOSTIC,    32, -3.099010201926e-01, 1.542162895203e-02, 0.0000e+00, 0.0000e+00, 
*/mnt/lustre/mathdugre/fast-interpolate/datasets/ds004513/derivatives/flint/antsRegistration/r7-p17/sub-s035/Stage1_level1_Iter0033.nii.gz
2DIAGNOSTIC,    33, -3.303281183299e-01, 2.392423152924e-02, 0.0000e+00, 0.0000e+00, 
*/mnt/lustre/mathdugre/fast-interpolate/datasets/ds004513/derivatives/flint/antsRegistration/r7-p17/sub-s035/Stage1_level1_Iter0034.nii.gz
2DIAGNOSTIC,    34, -3.553161307167e-01, 3.047263622284e-02, 0.0000e+00, 0.0000e+00, 
*/mnt/lustre/mathdugre/fast-interpolate/datasets/ds004513/derivatives/flint/antsRegistration/r7-p17/sub-s035/Stage1_level1_Iter0035.nii.gz
2DIAGNOSTIC,    35, -4.581142956276e-01, 3.805828094482e-02, 0.0000e+00, 0.0000e+00, 
*/mnt/lustre/mathdugre/fast-interpolate/datasets/ds004513/derivatives/flint/antsRegistration/r7-p17/sub-s035/Stage1_level1_Iter0036.nii.gz
2DIAGNOSTIC,    36, -5.560941610846e-01, 4.476928710938e-02, 0.0000e+00, 0.0000e+00, 
*/mnt/lustre/mathdugre/fast-interpolate/datasets/ds004513/derivatives/flint/antsRegistration/r7-p17/sub-s035/Stage1_level1_Iter0037.nii.gz
2DIAGNOSTIC,    37, -5.613340676480e-01, 4.640722274780e-02, 0.0000e+00, 0.0000e+00, 
*/mnt/lustre/mathdugre/fast-interpolate/datasets/ds004513/derivatives/flint/antsRegistration/r7-p17/sub-s035/Stage1_level1_Iter0038.nii.gz
2DIAGNOSTIC,    38, -5.624794384956e-01, 4.375600814819e-02, 0.0000e+00, 0.0000e+00, 
*/mnt/lustre/mathdugre/fast-interpolate/datasets/ds004513/derivatives/flint/antsRegistration/r7-p17/sub-s035/Stage1_level1_Iter0039.nii.gz
2DIAGNOSTIC,    39, -5.627304785070e-01, 3.770637512207e-02, 0.0000e+00, 0.0000e+00, 
*/mnt/lustre/mathdugre/fast-interpolate/datasets/ds004513/derivatives/flint/antsRegistration/r7-p17/sub-s035/Stage1_level1_Iter0040.nii.gz
2DIAGNOSTIC,    40, -5.636459635857e-01, 2.927756309509e-02, 0.0000e+00, 0.0000e+00, 
*/mnt/lustre/mathdugre/fast-interpolate/datasets/ds004513/derivatives/flint/antsRegistration/r7-p17/sub-s035/Stage1_level1_Iter0041.nii.gz
2DIAGNOSTIC,    41, -5.671966189107e-01, 2.081251144409e-02, 0.0000e+00, 0.0000e+00, 
*/mnt/lustre/mathdugre/fast-interpolate/datasets/ds004513/derivatives/flint/antsRegistration/r7-p17/sub-s035/Stage1_level1_Iter0042.nii.gz
2DIAGNOSTIC,    42, -5.714143009800e-01, 1.501131057739e-02, 0.0000e+00, 0.0000e+00, 
*/mnt/lustre/mathdugre/fast-interpolate/datasets/ds004513/derivatives/flint/antsRegistration/r7-p17/sub-s035/Stage1_level1_Iter0043.nii.gz
2DIAGNOSTIC,    43, -5.715014378694e-01, 9.115219116211e-03, 0.0000e+00, 0.0000e+00, 
*/mnt/lustre/mathdugre/fast-interpolate/datasets/ds004513/derivatives/flint/antsRegistration/r7-p17/sub-s035/Stage1_level1_Iter0044.nii.gz
2DIAGNOSTIC,    44, -5.735860504629e-01, 3.683805465698e-03, 0.0000e+00, 0.0000e+00, 
*/mnt/lustre/mathdugre/fast-interpolate/datasets/ds004513/derivatives/flint/antsRegistration/r7-p17/sub-s035/Stage1_level1_Iter0045.nii.gz
2DIAGNOSTIC,    45, -5.743902976817e-01, 1.011133193970e-03, 0.0000e+00, 0.0000e+00, 
*/mnt/lustre/mathdugre/fast-interpolate/datasets/ds004513/derivatives/flint/antsRegistration/r7-p17/sub-s035/Stage1_level1_Iter0046.nii.gz
2DIAGNOSTIC,    46, -5.743985492242e-01, 8.535385131836e-04, 0.0000e+00, 0.0000e+00, 
*/mnt/lustre/mathdugre/fast-interpolate/datasets/ds004513/derivatives/flint/antsRegistration/r7-p17/sub-s035/Stage1_level1_Iter0047.nii.gz
2DIAGNOSTIC,    47, -5.745308157544e-01, 7.526874542236e-04, 0.0000e+00, 0.0000e+00, 
*/mnt/lustre/mathdugre/fast-interpolate/datasets/ds004513/derivatives/flint/antsRegistration/r7-p17/sub-s035/Stage1_level1_Iter0048.nii.gz
2DIAGNOSTIC,    48, -5.747570092913e-01, 6.217956542969e-04, 0.0000e+00, 0.0000e+00, 
*/mnt/lustre/mathdugre/fast-interpolate/datasets/ds004513/derivatives/flint/antsRegistration/r7-p17/sub-s035/Stage1_level1_Iter0049.nii.gz
2DIAGNOSTIC,    49, -5.751903547207e-01, 4.589557647705e-04, 0.0000e+00, 0.0000e+00, 
*/mnt/lustre/mathdugre/fast-interpolate/datasets/ds004513/derivatives/flint/antsRegistration/r7-p17/sub-s035/Stage1_level1_Iter0050.nii.gz
2DIAGNOSTIC,    50, -5.808877105576e-01, 3.979206085205e-04, 0.0000e+00, 0.0000e+00, 
*/mnt/lustre/mathdugre/fast-interpolate/datasets/ds004513/derivatives/flint/antsRegistration/r7-p17/sub-s035/Stage1_level1_Iter0051.nii.gz
2DIAGNOSTIC,    51, -5.864900929443e-01, 4.763603210449e-04, 0.0000e+00, 0.0000e+00, 
*/mnt/lustre/mathdugre/fast-interpolate/datasets/ds004513/derivatives/flint/antsRegistration/r7-p17/sub-s035/Stage1_level1_Iter0052.nii.gz
2DIAGNOSTIC,    52, -5.869561818999e-01, 5.898475646973e-04, 0.0000e+00, 0.0000e+00, 
*/mnt/lustre/mathdugre/fast-interpolate/datasets/ds004513/derivatives/flint/antsRegistration/r7-p17/sub-s035/Stage1_level1_Iter0053.nii.gz
2DIAGNOSTIC,    53, -5.887935049616e-01, 6.756782531738e-04, 0.0000e+00, 0.0000e+00, 
*/mnt/lustre/mathdugre/fast-interpolate/datasets/ds004513/derivatives/flint/antsRegistration/r7-p17/sub-s035/Stage1_level1_Iter0054.nii.gz
2DIAGNOSTIC,    54, -5.906316019496e-01, 7.584095001221e-04, 0.0000e+00, 0.0000e+00, 
*/mnt/lustre/mathdugre/fast-interpolate/datasets/ds004513/derivatives/flint/antsRegistration/r7-p17/sub-s035/Stage1_level1_Iter0055.nii.gz
2DIAGNOSTIC,    55, -5.985647437475e-01, 9.074211120605e-04, 0.0000e+00, 0.0000e+00, 
*/mnt/lustre/mathdugre/fast-interpolate/datasets/ds004513/derivatives/flint/antsRegistration/r7-p17/sub-s035/Stage1_level1_Iter0056.nii.gz
2DIAGNOSTIC,    56, -6.008259649653e-01, 9.927749633789e-04, 0.0000e+00, 0.0000e+00, 
*/mnt/lustre/mathdugre/fast-interpolate/datasets/ds004513/derivatives/flint/antsRegistration/r7-p17/sub-s035/Stage1_level1_Iter0057.nii.gz
2DIAGNOSTIC,    57, -6.047194644262e-01, 1.042127609253e-03, 0.0000e+00, 0.0000e+00, 
*/mnt/lustre/mathdugre/fast-interpolate/datasets/ds004513/derivatives/flint/antsRegistration/r7-p17/sub-s035/Stage1_level1_Iter0058.nii.gz
2DIAGNOSTIC,    58, -6.073772367245e-01, 1.035213470459e-03, 0.0000e+00, 0.0000e+00, 
*/mnt/lustre/mathdugre/fast-interpolate/datasets/ds004513/derivatives/flint/antsRegistration/r7-p17/sub-s035/Stage1_level1_Iter0059.nii.gz
2DIAGNOSTIC,    59, -6.078453499881e-01, 9.424686431885e-04, 0.0000e+00, 0.0000e+00, 
*/mnt/lustre/mathdugre/fast-interpolate/datasets/ds004513/derivatives/flint/antsRegistration/r7-p17/sub-s035/Stage1_level1_Iter0060.nii.gz
2DIAGNOSTIC,    60, -6.081232208125e-01, 8.469820022583e-04, 0.0000e+00, 0.0000e+00, 
*/mnt/lustre/mathdugre/fast-interpolate/datasets/ds004513/derivatives/flint/antsRegistration/r7-p17/sub-s035/Stage1_level1_Iter0061.nii.gz
2DIAGNOSTIC,    61, -6.083947926966e-01, 7.575750350952e-04, 0.0000e+00, 0.0000e+00, 
*/mnt/lustre/mathdugre/fast-interpolate/datasets/ds004513/derivatives/flint/antsRegistration/r7-p17/sub-s035/Stage1_level1_Iter0062.nii.gz
2DIAGNOSTIC,    62, -6.103973110929e-01, 6.343126296997e-04, 0.0000e+00, 0.0000e+00, 
*/mnt/lustre/mathdugre/fast-interpolate/datasets/ds004513/derivatives/flint/antsRegistration/r7-p17/sub-s035/Stage1_level1_Iter0063.nii.gz
2DIAGNOSTIC,    63, -6.107960915045e-01, 4.864931106567e-04, 0.0000e+00, 0.0000e+00, 
*/mnt/lustre/mathdugre/fast-interpolate/datasets/ds004513/derivatives/flint/antsRegistration/r7-p17/sub-s035/Stage1_level1_Iter0064.nii.gz
2DIAGNOSTIC,    64, -6.108889113932e-01, 3.224611282349e-04, 0.0000e+00, 0.0000e+00, 
*/mnt/lustre/mathdugre/fast-interpolate/datasets/ds004513/derivatives/flint/antsRegistration/r7-p17/sub-s035/Stage1_level1_Iter0065.nii.gz
2DIAGNOSTIC,    65, -6.113825423924e-01, 2.410411834717e-04, 0.0000e+00, 0.0000e+00, 
*/mnt/lustre/mathdugre/fast-interpolate/datasets/ds004513/derivatives/flint/antsRegistration/r7-p17/sub-s035/Stage1_level1_Iter0066.nii.gz
2DIAGNOSTIC,    66, -6.118258317591e-01, 1.720190048218e-04, 0.0000e+00, 0.0000e+00, 
*/mnt/lustre/mathdugre/fast-interpolate/datasets/ds004513/derivatives/flint/antsRegistration/r7-p17/sub-s035/Stage1_level1_Iter0067.nii.gz
2DIAGNOSTIC,    67, -6.121549917913e-01, 1.380443572998e-04, 0.0000e+00, 0.0000e+00, 
*/mnt/lustre/mathdugre/fast-interpolate/datasets/ds004513/derivatives/flint/antsRegistration/r7-p17/sub-s035/Stage1_level1_Iter0068.nii.gz
2DIAGNOSTIC,    68, -6.138091655255e-01, 1.411437988281e-04, 0.0000e+00, 0.0000e+00, 
*/mnt/lustre/mathdugre/fast-interpolate/datasets/ds004513/derivatives/flint/antsRegistration/r7-p17/sub-s035/Stage1_level1_Iter0069.nii.gz
2DIAGNOSTIC,    69, -6.205791726187e-01, 2.113580703735e-04, 0.0000e+00, 0.0000e+00, 
*/mnt/lustre/mathdugre/fast-interpolate/datasets/ds004513/derivatives/flint/antsRegistration/r7-p17/sub-s035/Stage1_level1_Iter0070.nii.gz
2DIAGNOSTIC,    70, -6.213033262236e-01, 2.666711807251e-04, 0.0000e+00, 0.0000e+00, 
*/mnt/lustre/mathdugre/fast-interpolate/datasets/ds004513/derivatives/flint/antsRegistration/r7-p17/sub-s035/Stage1_level1_Iter0071.nii.gz
2DIAGNOSTIC,    71, -6.226057750436e-01, 3.114938735962e-04, 0.0000e+00, 0.0000e+00, 
*/mnt/lustre/mathdugre/fast-interpolate/datasets/ds004513/derivatives/flint/antsRegistration/r7-p17/sub-s035/Stage1_level1_Iter0072.nii.gz
2DIAGNOSTIC,    72, -6.230754301100e-01, 3.503561019897e-04, 0.0000e+00, 0.0000e+00, 
*/mnt/lustre/mathdugre/fast-interpolate/datasets/ds004513/derivatives/flint/antsRegistration/r7-p17/sub-s035/Stage1_level1_Iter0073.nii.gz
2DIAGNOSTIC,    73, -6.242354440942e-01, 3.699064254761e-04, 0.0000e+00, 0.0000e+00, 
*/mnt/lustre/mathdugre/fast-interpolate/datasets/ds004513/derivatives/flint/antsRegistration/r7-p17/sub-s035/Stage1_level1_Iter0074.nii.gz
2DIAGNOSTIC,    74, -6.252246128257e-01, 3.623962402344e-04, 0.0000e+00, 0.0000e+00, 
*/mnt/lustre/mathdugre/fast-interpolate/datasets/ds004513/derivatives/flint/antsRegistration/r7-p17/sub-s035/Stage1_level1_Iter0075.nii.gz
2DIAGNOSTIC,    75, -6.259782623062e-01, 3.324747085571e-04, 0.0000e+00, 0.0000e+00, 
*/mnt/lustre/mathdugre/fast-interpolate/datasets/ds004513/derivatives/flint/antsRegistration/r7-p17/sub-s035/Stage1_level1_Iter0076.nii.gz
2DIAGNOSTIC,    76, -6.275556572378e-01, 2.919435501099e-04, 0.0000e+00, 0.0000e+00, 
*/mnt/lustre/mathdugre/fast-interpolate/datasets/ds004513/derivatives/flint/antsRegistration/r7-p17/sub-s035/Stage1_level1_Iter0077.nii.gz
2DIAGNOSTIC,    77, -6.280745695417e-01, 2.331733703613e-04, 0.0000e+00, 0.0000e+00, 
*/mnt/lustre/mathdugre/fast-interpolate/datasets/ds004513/derivatives/flint/antsRegistration/r7-p17/sub-s035/Stage1_level1_Iter0078.nii.gz
2DIAGNOSTIC,    78, -6.285579272163e-01, 1.724958419800e-04, 0.0000e+00, 0.0000e+00, 
*/mnt/lustre/mathdugre/fast-interpolate/datasets/ds004513/derivatives/flint/antsRegistration/r7-p17/sub-s035/Stage1_level1_Iter0079.nii.gz
2DIAGNOSTIC,    79, -6.300146866095e-01, 1.707077026367e-04, 0.0000e+00, 0.0000e+00, 
*/mnt/lustre/mathdugre/fast-interpolate/datasets/ds004513/derivatives/flint/antsRegistration/r7-p17/sub-s035/Stage1_level1_Iter0080.nii.gz
2DIAGNOSTIC,    80, -6.304488406331e-01, 1.626014709473e-04, 0.0000e+00, 0.0000e+00, 
*/mnt/lustre/mathdugre/fast-interpolate/datasets/ds004513/derivatives/flint/antsRegistration/r7-p17/sub-s035/Stage1_level1_Iter0081.nii.gz
2DIAGNOSTIC,    81, -6.311281561131e-01, 1.560449600220e-04, 0.0000e+00, 0.0000e+00, 
*/mnt/lustre/mathdugre/fast-interpolate/datasets/ds004513/derivatives/flint/antsRegistration/r7-p17/sub-s035/Stage1_level1_Iter0082.nii.gz
2DIAGNOSTIC,    82, -6.331152852708e-01, 1.552104949951e-04, 0.0000e+00, 0.0000e+00, 
*/mnt/lustre/mathdugre/fast-interpolate/datasets/ds004513/derivatives/flint/antsRegistration/r7-p17/sub-s035/Stage1_level1_Iter0083.nii.gz
2DIAGNOSTIC,    83, -6.412834610014e-01, 2.164840698242e-04, 0.0000e+00, 0.0000e+00, 
*/mnt/lustre/mathdugre/fast-interpolate/datasets/ds004513/derivatives/flint/antsRegistration/r7-p17/sub-s035/Stage1_level1_Iter0084.nii.gz
2DIAGNOSTIC,    84, -6.503913977872e-01, 3.346204757690e-04, 0.0000e+00, 0.0000e+00, 
*/mnt/lustre/mathdugre/fast-interpolate/datasets/ds004513/derivatives/flint/antsRegistration/r7-p17/sub-s035/Stage1_level1_Iter0085.nii.gz
2DIAGNOSTIC,    85, -6.583783920158e-01, 4.843473434448e-04, 0.0000e+00, 0.0000e+00, 
*/mnt/lustre/mathdugre/fast-interpolate/datasets/ds004513/derivatives/flint/antsRegistration/r7-p17/sub-s035/Stage1_level1_Iter0086.nii.gz
2DIAGNOSTIC,    86, -6.606236028905e-01, 6.120204925537e-04, 0.0000e+00, 0.0000e+00, 
*/mnt/lustre/mathdugre/fast-interpolate/datasets/ds004513/derivatives/flint/antsRegistration/r7-p17/sub-s035/Stage1_level1_Iter0087.nii.gz
2DIAGNOSTIC,    87, -6.634528372878e-01, 7.028579711914e-04, 0.0000e+00, 0.0000e+00, 
*/mnt/lustre/mathdugre/fast-interpolate/datasets/ds004513/derivatives/flint/antsRegistration/r7-p17/sub-s035/Stage1_level1_Iter0088.nii.gz
2DIAGNOSTIC,    88, -6.731241517374e-01, 7.987022399902e-04, 0.0000e+00, 0.0000e+00, 
*/mnt/lustre/mathdugre/fast-interpolate/datasets/ds004513/derivatives/flint/antsRegistration/r7-p17/sub-s035/Stage1_level1_Iter0089.nii.gz
2DIAGNOSTIC,    89, -6.732554055624e-01, 8.231401443481e-04, 0.0000e+00, 0.0000e+00, 
*/mnt/lustre/mathdugre/fast-interpolate/datasets/ds004513/derivatives/flint/antsRegistration/r7-p17/sub-s035/Stage1_level1_Iter0090.nii.gz
2DIAGNOSTIC,    90, -6.736804529928e-01, 7.748603820801e-04, 0.0000e+00, 0.0000e+00, 
*/mnt/lustre/mathdugre/fast-interpolate/datasets/ds004513/derivatives/flint/antsRegistration/r7-p17/sub-s035/Stage1_level1_Iter0091.nii.gz
2DIAGNOSTIC,    91, -6.740991626125e-01, 6.631612777710e-04, 0.0000e+00, 0.0000e+00, 
*/mnt/lustre/mathdugre/fast-interpolate/datasets/ds004513/derivatives/flint/antsRegistration/r7-p17/sub-s035/Stage1_level1_Iter0092.nii.gz
2DIAGNOSTIC,    92, -6.742579210070e-01, 5.060434341431e-04, 0.0000e+00, 0.0000e+00, 
*/mnt/lustre/mathdugre/fast-interpolate/datasets/ds004513/derivatives/flint/antsRegistration/r7-p17/sub-s035/Stage1_level1_Iter0093.nii.gz
2DIAGNOSTIC,    93, -6.744549611908e-01, 3.614425659180e-04, 0.0000e+00, 0.0000e+00, 
*/mnt/lustre/mathdugre/fast-interpolate/datasets/ds004513/derivatives/flint/antsRegistration/r7-p17/sub-s035/Stage1_level1_Iter0094.nii.gz
2DIAGNOSTIC,    94, -6.745106130233e-01, 2.477169036865e-04, 0.0000e+00, 0.0000e+00, 
*/mnt/lustre/mathdugre/fast-interpolate/datasets/ds004513/derivatives/flint/antsRegistration/r7-p17/sub-s035/Stage1_level1_Iter0095.nii.gz
2DIAGNOSTIC,    95, -6.745810045103e-01, 1.684427261353e-04, 0.0000e+00, 0.0000e+00, 
*/mnt/lustre/mathdugre/fast-interpolate/datasets/ds004513/derivatives/flint/antsRegistration/r7-p17/sub-s035/Stage1_level1_Iter0096.nii.gz
2DIAGNOSTIC,    96, -6.746648760584e-01, 9.107589721680e-05, 0.0000e+00, 0.0000e+00, 
*/mnt/lustre/mathdugre/fast-interpolate/datasets/ds004513/derivatives/flint/antsRegistration/r7-p17/sub-s035/Stage1_level1_Iter0097.nii.gz
2DIAGNOSTIC,    97, -6.751994200705e-01, 2.729892730713e-05, 0.0000e+00, 0.0000e+00, 
*/mnt/lustre/mathdugre/fast-interpolate/datasets/ds004513/derivatives/flint/antsRegistration/r7-p17/sub-s035/Stage1_level1_Iter0098.nii.gz
2DIAGNOSTIC,    98, -6.765014868663e-01, 3.325939178467e-05, 0.0000e+00, 0.0000e+00, 
*/mnt/lustre/mathdugre/fast-interpolate/datasets/ds004513/derivatives/flint/antsRegistration/r7-p17/sub-s035/Stage1_level1_Iter0099.nii.gz
2DIAGNOSTIC,    99, -6.779037956190e-01, 4.506111145020e-05, 0.0000e+00, 0.0000e+00, 
*/mnt/lustre/mathdugre/fast-interpolate/datasets/ds004513/derivatives/flint/antsRegistration/r7-p17/sub-s035/Stage1_level1_Iter0100.nii.gz
2DIAGNOSTIC,   100, -6.780817933457e-01, 5.596876144409e-05, 0.0000e+00, 0.0000e+00, 
*/mnt/lustre/mathdugre/fast-interpolate/datasets/ds004513/derivatives/flint/antsRegistration/r7-p17/sub-s035/Stage1_level1_Iter0101.nii.gz
2DIAGNOSTIC,   101, -6.782847428548e-01, 6.502866744995e-05, 0.0000e+00, 0.0000e+00, 
*/mnt/lustre/mathdugre/fast-interpolate/datasets/ds004513/derivatives/flint/antsRegistration/r7-p17/sub-s035/Stage1_level1_Iter0102.nii.gz
2DIAGNOSTIC,   102, -6.785256347173e-01, 6.997585296631e-05, 0.0000e+00, 0.0000e+00, 
*/mnt/lustre/mathdugre/fast-interpolate/datasets/ds004513/derivatives/flint/antsRegistration/r7-p17/sub-s035/Stage1_level1_Iter0103.nii.gz
2DIAGNOSTIC,   103, -6.787484199856e-01, 7.039308547974e-05, 0.0000e+00, 0.0000e+00, 
*/mnt/lustre/mathdugre/fast-interpolate/datasets/ds004513/derivatives/flint/antsRegistration/r7-p17/sub-s035/Stage1_level1_Iter0104.nii.gz
2DIAGNOSTIC,   104, -6.788186905842e-01, 6.490945816040e-05, 0.0000e+00, 0.0000e+00, 
*/mnt/lustre/mathdugre/fast-interpolate/datasets/ds004513/derivatives/flint/antsRegistration/r7-p17/sub-s035/Stage1_level1_Iter0105.nii.gz
2DIAGNOSTIC,   105, -6.787942220419e-01, 5.358457565308e-05, 0.0000e+00, 0.0000e+00, 
*/mnt/lustre/mathdugre/fast-interpolate/datasets/ds004513/derivatives/flint/antsRegistration/r7-p17/sub-s035/Stage1_level1_Iter0106.nii.gz
2DIAGNOSTIC,   106, -6.788325074701e-01, 3.808736801147e-05, 0.0000e+00, 0.0000e+00, 
*/mnt/lustre/mathdugre/fast-interpolate/datasets/ds004513/derivatives/flint/antsRegistration/r7-p17/sub-s035/Stage1_level1_Iter0107.nii.gz
2DIAGNOSTIC,   107, -6.790603294708e-01, 2.378225326538e-05, 0.0000e+00, 0.0000e+00, 
*/mnt/lustre/mathdugre/fast-interpolate/datasets/ds004513/derivatives/flint/antsRegistration/r7-p17/sub-s035/Stage1_level1_Iter0108.nii.gz
2DIAGNOSTIC,   108, -6.792192317193e-01, 1.531839370728e-05, 0.0000e+00, 0.0000e+00, 
*/mnt/lustre/mathdugre/fast-interpolate/datasets/ds004513/derivatives/flint/antsRegistration/r7-p17/sub-s035/Stage1_level1_Iter0109.nii.gz
2DIAGNOSTIC,   109, -6.793658895713e-01, 1.406669616699e-05, 0.0000e+00, 0.0000e+00, 
*/mnt/lustre/mathdugre/fast-interpolate/datasets/ds004513/derivatives/flint/antsRegistration/r7-p17/sub-s035/Stage1_level1_Iter0110.nii.gz
2DIAGNOSTIC,   110, -6.794343212455e-01, 1.305341720581e-05, 0.0000e+00, 0.0000e+00, 
*/mnt/lustre/mathdugre/fast-interpolate/datasets/ds004513/derivatives/flint/antsRegistration/r7-p17/sub-s035/Stage1_level1_Iter0111.nii.gz
2DIAGNOSTIC,   111, -6.799711640151e-01, 1.454353332520e-05, 0.0000e+00, 0.0000e+00, 
*/mnt/lustre/mathdugre/fast-interpolate/datasets/ds004513/derivatives/flint/antsRegistration/r7-p17/sub-s035/Stage1_level1_Iter0112.nii.gz
2DIAGNOSTIC,   112, -6.806697880415e-01, 1.955032348633e-05, 0.0000e+00, 0.0000e+00, 
*/mnt/lustre/mathdugre/fast-interpolate/datasets/ds004513/derivatives/flint/antsRegistration/r7-p17/sub-s035/Stage1_level1_Iter0113.nii.gz
2DIAGNOSTIC,   113, -6.809139757627e-01, 2.497434616089e-05, 0.0000e+00, 0.0000e+00, 
*/mnt/lustre/mathdugre/fast-interpolate/datasets/ds004513/derivatives/flint/antsRegistration/r7-p17/sub-s035/Stage1_level1_Iter0114.nii.gz
2DIAGNOSTIC,   114, -6.809034714384e-01, 2.825260162354e-05, 0.0000e+00, 0.0000e+00, 
*/mnt/lustre/mathdugre/fast-interpolate/datasets/ds004513/derivatives/flint/antsRegistration/r7-p17/sub-s035/Stage1_level1_Iter0115.nii.gz
2DIAGNOSTIC,   115, -6.809090511939e-01, 2.866983413696e-05, 0.0000e+00, 0.0000e+00, 
*/mnt/lustre/mathdugre/fast-interpolate/datasets/ds004513/derivatives/flint/antsRegistration/r7-p17/sub-s035/Stage1_level1_Iter0116.nii.gz
2DIAGNOSTIC,   116, -6.809200364850e-01, 2.658367156982e-05, 0.0000e+00, 0.0000e+00, 
*/mnt/lustre/mathdugre/fast-interpolate/datasets/ds004513/derivatives/flint/antsRegistration/r7-p17/sub-s035/Stage1_level1_Iter0117.nii.gz
2DIAGNOSTIC,   117, -6.809379645740e-01, 2.306699752808e-05, 0.0000e+00, 0.0000e+00, 
*/mnt/lustre/mathdugre/fast-interpolate/datasets/ds004513/derivatives/flint/antsRegistration/r7-p17/sub-s035/Stage1_level1_Iter0118.nii.gz
2DIAGNOSTIC,   118, -6.809556173090e-01, 1.841783523560e-05, 0.0000e+00, 0.0000e+00, 
*/mnt/lustre/mathdugre/fast-interpolate/datasets/ds004513/derivatives/flint/antsRegistration/r7-p17/sub-s035/Stage1_level1_Iter0119.nii.gz
2DIAGNOSTIC,   119, -6.809841845591e-01, 1.299381256104e-05, 0.0000e+00, 0.0000e+00, 
