
##########################
# Experiment information #
##########################

EXPERIMENT_NAME: r7-p21
VFC_BACKENDS: libinterflop_vprec.so --range-binary32=7 --precision-binary32=21 --range-binary64=7 --precision-binary64=21

SIF_IMG: /mnt/lustre/mathdugre/containers/ants-vprec-no_metric.simg

SUBJECT_ID: s035
INPUT_IMG: /mnt/lustre/mathdugre/fast-interpolate/datasets/ds004513/derivatives/flint/antsBrainExtraction/sub-s035/BrainExtractionBrain.nii.gz
OUTPUT_DIR: /mnt/lustre/mathdugre/fast-interpolate/datasets/ds004513/derivatives/flint/antsRegistration/r7-p21/sub-s035

FIXED_IMG: /templateflow/tpl-MNI152NLin2009cAsym/tpl-MNI152NLin2009cAsym_res-01_desc-brain_T1w.nii.gz
DATA_DIR: /mnt/lustre/mathdugre/fast-interpolate/datasets/ds004513
TEMPLATEFLOW_DIR: /home/mathdugre/.cache/templateflow
ITK_GLOBAL_DEFAULT_NUMBER_OF_THREADS: 4
##########################

Info [verificarlo]: loaded backend libinterflop_vprec.so
Info [interflop-vprec]: load backend with: 
Info [interflop-vprec]: precision-binary32 = 21
Info [interflop-vprec]: range-binary32 = 7
Info [interflop-vprec]: precision-binary64 = 21
Info [interflop-vprec]: range-binary64 = 7
Info [interflop-vprec]: mode = ob
Info [interflop-vprec]: error-mode = rel
Info [interflop-vprec]: max-abs-error-exponent = -1022
Info [interflop-vprec]: daz = false
Info [interflop-vprec]: ftz = false
Info [interflop-vprec]: 	instrument = none
Info [interflop-vprec]: 	prec-input-file = (null)
Info [interflop-vprec]: 	prec-output-file = (null)
Info [interflop-vprec]: 	prec-log-file = (null)
All_Command_lines_OK
Using double precision for computations.
=============================================================================
The composite transform comprises the following transforms (in order): 
  1. Center of mass alignment using fixed image: /templateflow/tpl-MNI152NLin2009cAsym/tpl-MNI152NLin2009cAsym_res-01_desc-brain_T1w.nii.gz and moving image: /mnt/lustre/mathdugre/fast-interpolate/datasets/ds004513/derivatives/flint/antsBrainExtraction/sub-s035/BrainExtractionBrain.nii.gz (type = Euler3DTransform)
=============================================================================
  number of levels = 4
  number of levels = 4
  number of levels = 4
  fixed image: /templateflow/tpl-MNI152NLin2009cAsym/tpl-MNI152NLin2009cAsym_res-01_desc-brain_T1w.nii.gz
  moving image: /mnt/lustre/mathdugre/fast-interpolate/datasets/ds004513/derivatives/flint/antsBrainExtraction/sub-s035/BrainExtractionBrain.nii.gz
  fixed image: /templateflow/tpl-MNI152NLin2009cAsym/tpl-MNI152NLin2009cAsym_res-01_desc-brain_T1w.nii.gz
  moving image: /mnt/lustre/mathdugre/fast-interpolate/datasets/ds004513/derivatives/flint/antsBrainExtraction/sub-s035/BrainExtractionBrain.nii.gz
  fixed image: /templateflow/tpl-MNI152NLin2009cAsym/tpl-MNI152NLin2009cAsym_res-01_desc-brain_T1w.nii.gz
  moving image: /mnt/lustre/mathdugre/fast-interpolate/datasets/ds004513/derivatives/flint/antsBrainExtraction/sub-s035/BrainExtractionBrain.nii.gz
Dimension = 3
Number of stages = 3
Use histogram matching = false
Winsorize image intensities = true
  Lower quantile = 0.005
  Upper quantile = 0.995


Stage 1 State
   Image metric = MattesMI
     Fixed image = Image (0x4a61b30)
  RTTI typeinfo:   itk::Image<double, 3u>
  Reference Count: 2
  Modified Time: 2385
  Debug: Off
  Object Name: 
  Observers: 
    none
  Source: (none)
  Source output name: (none)
  Release Data: Off
  Data Released: False
  Global Release Data: Off
  PipelineMTime: 0
  UpdateMTime: 1996
  RealTimeStamp: 0 seconds 
  LargestPossibleRegion: 
    Dimension: 3
    Index: [0, 0, 0]
    Size: [193, 229, 193]
  BufferedRegion: 
    Dimension: 3
    Index: [0, 0, 0]
    Size: [193, 229, 193]
  RequestedRegion: 
    Dimension: 3
    Index: [0, 0, 0]
    Size: [193, 229, 193]
  Spacing: [1, 1, 1]
  Origin: [96, 132, -78]
  Direction: 
-1 0 0
0 -1 0
0 0 1

  IndexToPointMatrix: 
-1 0 0
0 -1 0
0 0 1

  PointToIndexMatrix: 
-1 0 0
0 -1 0
0 0 1

  Inverse Direction: 
-1 0 0
0 -1 0
0 0 1

  PixelContainer: 
    ImportImageContainer (0x4a66a10)
      RTTI typeinfo:   itk::ImportImageContainer<unsigned long, double>
      Reference Count: 1
      Modified Time: 1993
      Debug: Off
      Object Name: 
      Observers: 
        none
      Pointer: 0x7fdb4595b010
      Container manages memory: true
      Size: 8530021
      Capacity: 8530021

     Moving image = Image (0x4a5d400)
  RTTI typeinfo:   itk::Image<double, 3u>
  Reference Count: 2
  Modified Time: 2386
  Debug: Off
  Object Name: 
  Observers: 
    none
  Source: (none)
  Source output name: (none)
  Release Data: Off
  Data Released: False
  Global Release Data: Off
  PipelineMTime: 0
  UpdateMTime: 2383
  RealTimeStamp: 0 seconds 
  LargestPossibleRegion: 
    Dimension: 3
    Index: [0, 0, 0]
    Size: [160, 240, 256]
  BufferedRegion: 
    Dimension: 3
    Index: [0, 0, 0]
    Size: [160, 240, 256]
  RequestedRegion: 
    Dimension: 3
    Index: [0, 0, 0]
    Size: [160, 240, 256]
  Spacing: [1, 1, 1]
  Origin: [98.6437, 87.6358, -117.989]
  Direction: 
-0.993515 -0.100993 -0.0522355
0.100854 -0.994887 0.00530255
-0.0525039 1.93537e-08 0.998621

  IndexToPointMatrix: 
-0.993515 -0.100993 -0.0522355
0.100854 -0.994887 0.00530255
-0.0525039 1.93537e-08 0.998621

  PointToIndexMatrix: 
-0.993515 0.100854 -0.0525039
-0.100993 -0.994887 1.19209e-07
-0.0522355 0.00530267 0.998621

  Inverse Direction: 
-0.993515 0.100854 -0.0525039
-0.100993 -0.994887 1.19209e-07
-0.0522355 0.00530267 0.998621

  PixelContainer: 
    ImportImageContainer (0x4c316d0)
      RTTI typeinfo:   itk::ImportImageContainer<unsigned long, double>
      Reference Count: 1
      Modified Time: 2380
      Debug: Off
      Object Name: 
      Observers: 
        none
      Pointer: 0x7fdb40e5a010
      Container manages memory: true
      Size: 9830400
      Capacity: 9830400

     Weighting = 1
     Sampling strategy = regular
     Number of bins = 32
     Radius = 4
     Sampling percentage  = 0.25
   Transform = Rigid
     Gradient step = 0.1
     Update field sigma (voxel space) = 0
     Total field sigma (voxel space) = 0
     Update field time sigma = 0
     Total field time sigma  = 0
     Number of time indices = 0
     Number of time point samples = 0
Stage 2 State
   Image metric = MattesMI
     Fixed image = Image (0x4a7dec0)
  RTTI typeinfo:   itk::Image<double, 3u>
  Reference Count: 2
  Modified Time: 3161
  Debug: Off
  Object Name: 
  Observers: 
    none
  Source: (none)
  Source output name: (none)
  Release Data: Off
  Data Released: False
  Global Release Data: Off
  PipelineMTime: 0
  UpdateMTime: 2772
  RealTimeStamp: 0 seconds 
  LargestPossibleRegion: 
    Dimension: 3
    Index: [0, 0, 0]
    Size: [193, 229, 193]
  BufferedRegion: 
    Dimension: 3
    Index: [0, 0, 0]
    Size: [193, 229, 193]
  RequestedRegion: 
    Dimension: 3
    Index: [0, 0, 0]
    Size: [193, 229, 193]
  Spacing: [1, 1, 1]
  Origin: [96, 132, -78]
  Direction: 
-1 0 0
0 -1 0
0 0 1

  IndexToPointMatrix: 
-1 0 0
0 -1 0
0 0 1

  PointToIndexMatrix: 
-1 0 0
0 -1 0
0 0 1

  Inverse Direction: 
-1 0 0
0 -1 0
0 0 1

  PixelContainer: 
    ImportImageContainer (0x4a7ec80)
      RTTI typeinfo:   itk::ImportImageContainer<unsigned long, double>
      Reference Count: 1
      Modified Time: 2769
      Debug: Off
      Object Name: 
      Observers: 
        none
      Pointer: 0x7fdb3cd45010
      Container manages memory: true
      Size: 8530021
      Capacity: 8530021

     Moving image = Image (0x4a86690)
  RTTI typeinfo:   itk::Image<double, 3u>
  Reference Count: 2
  Modified Time: 3162
  Debug: Off
  Object Name: 
  Observers: 
    none
  Source: (none)
  Source output name: (none)
  Release Data: Off
  Data Released: False
  Global Release Data: Off
  PipelineMTime: 0
  UpdateMTime: 3159
  RealTimeStamp: 0 seconds 
  LargestPossibleRegion: 
    Dimension: 3
    Index: [0, 0, 0]
    Size: [160, 240, 256]
  BufferedRegion: 
    Dimension: 3
    Index: [0, 0, 0]
    Size: [160, 240, 256]
  RequestedRegion: 
    Dimension: 3
    Index: [0, 0, 0]
    Size: [160, 240, 256]
  Spacing: [1, 1, 1]
  Origin: [98.6437, 87.6358, -117.989]
  Direction: 
-0.993515 -0.100993 -0.0522355
0.100854 -0.994887 0.00530255
-0.0525039 1.93537e-08 0.998621

  IndexToPointMatrix: 
-0.993515 -0.100993 -0.0522355
0.100854 -0.994887 0.00530255
-0.0525039 1.93537e-08 0.998621

  PointToIndexMatrix: 
-0.993515 0.100854 -0.0525039
-0.100993 -0.994887 1.19209e-07
-0.0522355 0.00530267 0.998621

  Inverse Direction: 
-0.993515 0.100854 -0.0525039
-0.100993 -0.994887 1.19209e-07
-0.0522355 0.00530267 0.998621

  PixelContainer: 
    ImportImageContainer (0x4c116d0)
      RTTI typeinfo:   itk::ImportImageContainer<unsigned long, double>
      Reference Count: 1
      Modified Time: 3156
      Debug: Off
      Object Name: 
      Observers: 
        none
      Pointer: 0x7fdb38244010
      Container manages memory: true
      Size: 9830400
      Capacity: 9830400

     Weighting = 1
     Sampling strategy = regular
     Number of bins = 32
     Radius = 4
     Sampling percentage  = 0.25
   Transform = Affine
     Gradient step = 0.1
     Update field sigma (voxel space) = 0
     Total field sigma (voxel space) = 0
     Update field time sigma = 0
     Total field time sigma  = 0
     Number of time indices = 0
     Number of time point samples = 0
Stage 3 State
   Image metric = CC
     Fixed image = Image (0x4a86220)
  RTTI typeinfo:   itk::Image<double, 3u>
  Reference Count: 2
  Modified Time: 3937
  Debug: Off
  Object Name: 
  Observers: 
    none
  Source: (none)
  Source output name: (none)
  Release Data: Off
  Data Released: False
  Global Release Data: Off
  PipelineMTime: 0
  UpdateMTime: 3548
  RealTimeStamp: 0 seconds 
  LargestPossibleRegion: 
    Dimension: 3
    Index: [0, 0, 0]
    Size: [193, 229, 193]
  BufferedRegion: 
    Dimension: 3
    Index: [0, 0, 0]
    Size: [193, 229, 193]
  RequestedRegion: 
    Dimension: 3
    Index: [0, 0, 0]
    Size: [193, 229, 193]
  Spacing: [1, 1, 1]
  Origin: [96, 132, -78]
  Direction: 
-1 0 0
0 -1 0
0 0 1

  IndexToPointMatrix: 
-1 0 0
0 -1 0
0 0 1

  PointToIndexMatrix: 
-1 0 0
0 -1 0
0 0 1

  Inverse Direction: 
-1 0 0
0 -1 0
0 0 1

  PixelContainer: 
    ImportImageContainer (0x4a85d40)
      RTTI typeinfo:   itk::ImportImageContainer<unsigned long, double>
      Reference Count: 1
      Modified Time: 3545
      Debug: Off
      Object Name: 
      Observers: 
        none
      Pointer: 0x7fdb3412f010
      Container manages memory: true
      Size: 8530021
      Capacity: 8530021

     Moving image = Image (0x4a7ba80)
  RTTI typeinfo:   itk::Image<double, 3u>
  Reference Count: 2
  Modified Time: 3938
  Debug: Off
  Object Name: 
  Observers: 
    none
  Source: (none)
  Source output name: (none)
  Release Data: Off
  Data Released: False
  Global Release Data: Off
  PipelineMTime: 0
  UpdateMTime: 3935
  RealTimeStamp: 0 seconds 
  LargestPossibleRegion: 
    Dimension: 3
    Index: [0, 0, 0]
    Size: [160, 240, 256]
  BufferedRegion: 
    Dimension: 3
    Index: [0, 0, 0]
    Size: [160, 240, 256]
  RequestedRegion: 
    Dimension: 3
    Index: [0, 0, 0]
    Size: [160, 240, 256]
  Spacing: [1, 1, 1]
  Origin: [98.6437, 87.6358, -117.989]
  Direction: 
-0.993515 -0.100993 -0.0522355
0.100854 -0.994887 0.00530255
-0.0525039 1.93537e-08 0.998621

  IndexToPointMatrix: 
-0.993515 -0.100993 -0.0522355
0.100854 -0.994887 0.00530255
-0.0525039 1.93537e-08 0.998621

  PointToIndexMatrix: 
-0.993515 0.100854 -0.0525039
-0.100993 -0.994887 1.19209e-07
-0.0522355 0.00530267 0.998621

  Inverse Direction: 
-0.993515 0.100854 -0.0525039
-0.100993 -0.994887 1.19209e-07
-0.0522355 0.00530267 0.998621

  PixelContainer: 
    ImportImageContainer (0x4c51750)
      RTTI typeinfo:   itk::ImportImageContainer<unsigned long, double>
      Reference Count: 1
      Modified Time: 3932
      Debug: Off
      Object Name: 
      Observers: 
        none
      Pointer: 0x7fdb2f62e010
      Container manages memory: true
      Size: 9830400
      Capacity: 9830400

     Weighting = 1
     Sampling strategy = none
     Number of bins = 32
     Radius = 4
     Sampling percentage  = 1
   Transform = SyN
     Gradient step = 0.1
     Update field sigma (voxel space) = 3
     Total field sigma (voxel space) = 0
     Update field time sigma = 0
     Total field time sigma  = 0
     Number of time indices = 0
     Number of time point samples = 0
Registration using 3 total stages.

Stage 0
  iterations = 1000x500x250x100
  convergence threshold = 1e-06
  convergence window size = 10
  number of levels = 4
  using the Mattes MI metric (number of bins = 32, weight = 1, use gradient filter = 0)
  preprocessing:  winsorizing the image intensities
  Shrink factors (level 1 out of 4): [8, 8, 8]
  Shrink factors (level 2 out of 4): [4, 4, 4]
  Shrink factors (level 3 out of 4): [2, 2, 2]
  Shrink factors (level 4 out of 4): [1, 1, 1]
  smoothing sigmas per level: [3, 2, 1, 0]
  regular sampling (percentage = 0.25)

*** Running Euler3DTransform registration ***

DIAGNOSTIC,Iteration,metricValue,convergenceValue,ITERATION_TIME_INDEX,SINCE_LAST
*/mnt/lustre/mathdugre/fast-interpolate/datasets/ds004513/derivatives/flint/antsRegistration/r7-p21/sub-s035/Stage1_level1_Iter0001.nii.gz
2DIAGNOSTIC,     1, -5.197992945411e-01, 1.797693134862e+308, 0.0000e+00, 0.0000e+00, 
*/mnt/lustre/mathdugre/fast-interpolate/datasets/ds004513/derivatives/flint/antsRegistration/r7-p21/sub-s035/Stage1_level1_Iter0002.nii.gz
2DIAGNOSTIC,     2, -5.213950463347e-01, 1.797693134862e+308, 0.0000e+00, 0.0000e+00, 
*/mnt/lustre/mathdugre/fast-interpolate/datasets/ds004513/derivatives/flint/antsRegistration/r7-p21/sub-s035/Stage1_level1_Iter0003.nii.gz
2DIAGNOSTIC,     3, -5.242439075095e-01, 1.797693134862e+308, 0.0000e+00, 0.0000e+00, 
*/mnt/lustre/mathdugre/fast-interpolate/datasets/ds004513/derivatives/flint/antsRegistration/r7-p21/sub-s035/Stage1_level1_Iter0004.nii.gz
2DIAGNOSTIC,     4, -5.286739201960e-01, 1.797693134862e+308, 0.0000e+00, 0.0000e+00, 
*/mnt/lustre/mathdugre/fast-interpolate/datasets/ds004513/derivatives/flint/antsRegistration/r7-p21/sub-s035/Stage1_level1_Iter0005.nii.gz
2DIAGNOSTIC,     5, -5.365894036311e-01, 1.797693134862e+308, 0.0000e+00, 0.0000e+00, 
*/mnt/lustre/mathdugre/fast-interpolate/datasets/ds004513/derivatives/flint/antsRegistration/r7-p21/sub-s035/Stage1_level1_Iter0006.nii.gz
2DIAGNOSTIC,     6, -5.510417673293e-01, 1.797693134862e+308, 0.0000e+00, 0.0000e+00, 
*/mnt/lustre/mathdugre/fast-interpolate/datasets/ds004513/derivatives/flint/antsRegistration/r7-p21/sub-s035/Stage1_level1_Iter0007.nii.gz
2DIAGNOSTIC,     7, -5.529647536990e-01, 1.797693134862e+308, 0.0000e+00, 0.0000e+00, 
*/mnt/lustre/mathdugre/fast-interpolate/datasets/ds004513/derivatives/flint/antsRegistration/r7-p21/sub-s035/Stage1_level1_Iter0008.nii.gz
2DIAGNOSTIC,     8, -5.548659065047e-01, 1.797693134862e+308, 0.0000e+00, 0.0000e+00, 
*/mnt/lustre/mathdugre/fast-interpolate/datasets/ds004513/derivatives/flint/antsRegistration/r7-p21/sub-s035/Stage1_level1_Iter0009.nii.gz
2DIAGNOSTIC,     9, -5.643485567183e-01, 1.797693134862e+308, 0.0000e+00, 0.0000e+00, 
*/mnt/lustre/mathdugre/fast-interpolate/datasets/ds004513/derivatives/flint/antsRegistration/r7-p21/sub-s035/Stage1_level1_Iter0010.nii.gz
2DIAGNOSTIC,    10, -5.647696743364e-01, 6.177753210068e-03, 0.0000e+00, 0.0000e+00, 
*/mnt/lustre/mathdugre/fast-interpolate/datasets/ds004513/derivatives/flint/antsRegistration/r7-p21/sub-s035/Stage1_level1_Iter0011.nii.gz
2DIAGNOSTIC,    11, -5.655598719441e-01, 5.391806364059e-03, 0.0000e+00, 0.0000e+00, 
*/mnt/lustre/mathdugre/fast-interpolate/datasets/ds004513/derivatives/flint/antsRegistration/r7-p21/sub-s035/Stage1_level1_Iter0012.nii.gz
2DIAGNOSTIC,    12, -5.661291918967e-01, 4.359811544418e-03, 0.0000e+00, 0.0000e+00, 
*/mnt/lustre/mathdugre/fast-interpolate/datasets/ds004513/derivatives/flint/antsRegistration/r7-p21/sub-s035/Stage1_level1_Iter0013.nii.gz
2DIAGNOSTIC,    13, -5.665638751994e-01, 3.235846757889e-03, 0.0000e+00, 0.0000e+00, 
*/mnt/lustre/mathdugre/fast-interpolate/datasets/ds004513/derivatives/flint/antsRegistration/r7-p21/sub-s035/Stage1_level1_Iter0014.nii.gz
2DIAGNOSTIC,    14, -5.693499728197e-01, 2.244055271149e-03, 0.0000e+00, 0.0000e+00, 
*/mnt/lustre/mathdugre/fast-interpolate/datasets/ds004513/derivatives/flint/antsRegistration/r7-p21/sub-s035/Stage1_level1_Iter0015.nii.gz
2DIAGNOSTIC,    15, -5.695082979420e-01, 1.446545124054e-03, 0.0000e+00, 0.0000e+00, 
*/mnt/lustre/mathdugre/fast-interpolate/datasets/ds004513/derivatives/flint/antsRegistration/r7-p21/sub-s035/Stage1_level1_Iter0016.nii.gz
2DIAGNOSTIC,    16, -5.700289912006e-01, 1.106530427933e-03, 0.0000e+00, 0.0000e+00, 
*/mnt/lustre/mathdugre/fast-interpolate/datasets/ds004513/derivatives/flint/antsRegistration/r7-p21/sub-s035/Stage1_level1_Iter0017.nii.gz
2DIAGNOSTIC,    17, -5.720538340378e-01, 8.280873298645e-04, 0.0000e+00, 0.0000e+00, 
*/mnt/lustre/mathdugre/fast-interpolate/datasets/ds004513/derivatives/flint/antsRegistration/r7-p21/sub-s035/Stage1_level1_Iter0018.nii.gz
2DIAGNOSTIC,    18, -5.733369333088e-01, 5.869120359421e-04, 0.0000e+00, 0.0000e+00, 
*/mnt/lustre/mathdugre/fast-interpolate/datasets/ds004513/derivatives/flint/antsRegistration/r7-p21/sub-s035/Stage1_level1_Iter0019.nii.gz
2DIAGNOSTIC,    19, -5.736391438048e-01, 5.803406238556e-04, 0.0000e+00, 0.0000e+00, 
*/mnt/lustre/mathdugre/fast-interpolate/datasets/ds004513/derivatives/flint/antsRegistration/r7-p21/sub-s035/Stage1_level1_Iter0020.nii.gz
2DIAGNOSTIC,    20, -5.738777777796e-01, 5.380064249039e-04, 0.0000e+00, 0.0000e+00, 
*/mnt/lustre/mathdugre/fast-interpolate/datasets/ds004513/derivatives/flint/antsRegistration/r7-p21/sub-s035/Stage1_level1_Iter0021.nii.gz
2DIAGNOSTIC,    21, -5.740053418409e-01, 4.730820655823e-04, 0.0000e+00, 0.0000e+00, 
*/mnt/lustre/mathdugre/fast-interpolate/datasets/ds004513/derivatives/flint/antsRegistration/r7-p21/sub-s035/Stage1_level1_Iter0022.nii.gz
2DIAGNOSTIC,    22, -5.740210787785e-01, 3.835409879684e-04, 0.0000e+00, 0.0000e+00, 
*/mnt/lustre/mathdugre/fast-interpolate/datasets/ds004513/derivatives/flint/antsRegistration/r7-p21/sub-s035/Stage1_level1_Iter0023.nii.gz
2DIAGNOSTIC,    23, -5.741677231301e-01, 2.770572900772e-04, 0.0000e+00, 0.0000e+00, 
*/mnt/lustre/mathdugre/fast-interpolate/datasets/ds004513/derivatives/flint/antsRegistration/r7-p21/sub-s035/Stage1_level1_Iter0024.nii.gz
2DIAGNOSTIC,    24, -5.744962019213e-01, 2.203285694122e-04, 0.0000e+00, 0.0000e+00, 
*/mnt/lustre/mathdugre/fast-interpolate/datasets/ds004513/derivatives/flint/antsRegistration/r7-p21/sub-s035/Stage1_level1_Iter0025.nii.gz
2DIAGNOSTIC,    25, -5.749908163279e-01, 1.613348722458e-04, 0.0000e+00, 0.0000e+00, 
*/mnt/lustre/mathdugre/fast-interpolate/datasets/ds004513/derivatives/flint/antsRegistration/r7-p21/sub-s035/Stage1_level1_Iter0026.nii.gz
2DIAGNOSTIC,    26, -5.756817937409e-01, 1.146793365479e-04, 0.0000e+00, 0.0000e+00, 
*/mnt/lustre/mathdugre/fast-interpolate/datasets/ds004513/derivatives/flint/antsRegistration/r7-p21/sub-s035/Stage1_level1_Iter0027.nii.gz
2DIAGNOSTIC,    27, -5.770644468741e-01, 1.240968704224e-04, 0.0000e+00, 0.0000e+00, 
*/mnt/lustre/mathdugre/fast-interpolate/datasets/ds004513/derivatives/flint/antsRegistration/r7-p21/sub-s035/Stage1_level1_Iter0028.nii.gz
2DIAGNOSTIC,    28, -5.776757134003e-01, 1.549124717712e-04, 0.0000e+00, 0.0000e+00, 
*/mnt/lustre/mathdugre/fast-interpolate/datasets/ds004513/derivatives/flint/antsRegistration/r7-p21/sub-s035/Stage1_level1_Iter0029.nii.gz
2DIAGNOSTIC,    29, -5.777536112310e-01, 1.756548881531e-04, 0.0000e+00, 0.0000e+00, 
*/mnt/lustre/mathdugre/fast-interpolate/datasets/ds004513/derivatives/flint/antsRegistration/r7-p21/sub-s035/Stage1_level1_Iter0030.nii.gz
2DIAGNOSTIC,    30, -5.786112030568e-01, 1.971423625946e-04, 0.0000e+00, 0.0000e+00, 
*/mnt/lustre/mathdugre/fast-interpolate/datasets/ds004513/derivatives/flint/antsRegistration/r7-p21/sub-s035/Stage1_level1_Iter0031.nii.gz
2DIAGNOSTIC,    31, -5.796496333316e-01, 2.172589302063e-04, 0.0000e+00, 0.0000e+00, 
*/mnt/lustre/mathdugre/fast-interpolate/datasets/ds004513/derivatives/flint/antsRegistration/r7-p21/sub-s035/Stage1_level1_Iter0032.nii.gz
2DIAGNOSTIC,    32, -5.801391921430e-01, 2.229511737823e-04, 0.0000e+00, 0.0000e+00, 
*/mnt/lustre/mathdugre/fast-interpolate/datasets/ds004513/derivatives/flint/antsRegistration/r7-p21/sub-s035/Stage1_level1_Iter0033.nii.gz
2DIAGNOSTIC,    33, -5.807747942735e-01, 2.192556858063e-04, 0.0000e+00, 0.0000e+00, 
*/mnt/lustre/mathdugre/fast-interpolate/datasets/ds004513/derivatives/flint/antsRegistration/r7-p21/sub-s035/Stage1_level1_Iter0034.nii.gz
2DIAGNOSTIC,    34, -5.823162028203e-01, 2.229362726212e-04, 0.0000e+00, 0.0000e+00, 
*/mnt/lustre/mathdugre/fast-interpolate/datasets/ds004513/derivatives/flint/antsRegistration/r7-p21/sub-s035/Stage1_level1_Iter0035.nii.gz
2DIAGNOSTIC,    35, -5.844416696389e-01, 2.423971891403e-04, 0.0000e+00, 0.0000e+00, 
*/mnt/lustre/mathdugre/fast-interpolate/datasets/ds004513/derivatives/flint/antsRegistration/r7-p21/sub-s035/Stage1_level1_Iter0036.nii.gz
2DIAGNOSTIC,    36, -5.859780632727e-01, 2.676397562027e-04, 0.0000e+00, 0.0000e+00, 
*/mnt/lustre/mathdugre/fast-interpolate/datasets/ds004513/derivatives/flint/antsRegistration/r7-p21/sub-s035/Stage1_level1_Iter0037.nii.gz
2DIAGNOSTIC,    37, -5.862237164410e-01, 2.880617976189e-04, 0.0000e+00, 0.0000e+00, 
*/mnt/lustre/mathdugre/fast-interpolate/datasets/ds004513/derivatives/flint/antsRegistration/r7-p21/sub-s035/Stage1_level1_Iter0038.nii.gz
2DIAGNOSTIC,    38, -5.862971445795e-01, 2.897828817368e-04, 0.0000e+00, 0.0000e+00, 
*/mnt/lustre/mathdugre/fast-interpolate/datasets/ds004513/derivatives/flint/antsRegistration/r7-p21/sub-s035/Stage1_level1_Iter0039.nii.gz
2DIAGNOSTIC,    39, -5.864148439564e-01, 2.662241458893e-04, 0.0000e+00, 0.0000e+00, 
*/mnt/lustre/mathdugre/fast-interpolate/datasets/ds004513/derivatives/flint/antsRegistration/r7-p21/sub-s035/Stage1_level1_Iter0040.nii.gz
2DIAGNOSTIC,    40, -5.867452044708e-01, 2.326890826225e-04, 0.0000e+00, 0.0000e+00, 
*/mnt/lustre/mathdugre/fast-interpolate/datasets/ds004513/derivatives/flint/antsRegistration/r7-p21/sub-s035/Stage1_level1_Iter0041.nii.gz
2DIAGNOSTIC,    41, -5.873370617549e-01, 1.983568072319e-04, 0.0000e+00, 0.0000e+00, 
*/mnt/lustre/mathdugre/fast-interpolate/datasets/ds004513/derivatives/flint/antsRegistration/r7-p21/sub-s035/Stage1_level1_Iter0042.nii.gz
2DIAGNOSTIC,    42, -5.888293946058e-01, 1.705810427666e-04, 0.0000e+00, 0.0000e+00, 
*/mnt/lustre/mathdugre/fast-interpolate/datasets/ds004513/derivatives/flint/antsRegistration/r7-p21/sub-s035/Stage1_level1_Iter0043.nii.gz
2DIAGNOSTIC,    43, -5.894497408647e-01, 1.422017812729e-04, 0.0000e+00, 0.0000e+00, 
*/mnt/lustre/mathdugre/fast-interpolate/datasets/ds004513/derivatives/flint/antsRegistration/r7-p21/sub-s035/Stage1_level1_Iter0044.nii.gz
2DIAGNOSTIC,    44, -5.901057165513e-01, 1.261904835701e-04, 0.0000e+00, 0.0000e+00, 
*/mnt/lustre/mathdugre/fast-interpolate/datasets/ds004513/derivatives/flint/antsRegistration/r7-p21/sub-s035/Stage1_level1_Iter0045.nii.gz
2DIAGNOSTIC,    45, -5.911459954748e-01, 1.336038112640e-04, 0.0000e+00, 0.0000e+00, 
*/mnt/lustre/mathdugre/fast-interpolate/datasets/ds004513/derivatives/flint/antsRegistration/r7-p21/sub-s035/Stage1_level1_Iter0046.nii.gz
2DIAGNOSTIC,    46, -5.916878888983e-01, 1.501068472862e-04, 0.0000e+00, 0.0000e+00, 
*/mnt/lustre/mathdugre/fast-interpolate/datasets/ds004513/derivatives/flint/antsRegistration/r7-p21/sub-s035/Stage1_level1_Iter0047.nii.gz
2DIAGNOSTIC,    47, -5.919715212272e-01, 1.570135354996e-04, 0.0000e+00, 0.0000e+00, 
*/mnt/lustre/mathdugre/fast-interpolate/datasets/ds004513/derivatives/flint/antsRegistration/r7-p21/sub-s035/Stage1_level1_Iter0048.nii.gz
2DIAGNOSTIC,    48, -5.923452666355e-01, 1.533627510071e-04, 0.0000e+00, 0.0000e+00, 
*/mnt/lustre/mathdugre/fast-interpolate/datasets/ds004513/derivatives/flint/antsRegistration/r7-p21/sub-s035/Stage1_level1_Iter0049.nii.gz
2DIAGNOSTIC,    49, -5.931449283860e-01, 1.446232199669e-04, 0.0000e+00, 0.0000e+00, 
*/mnt/lustre/mathdugre/fast-interpolate/datasets/ds004513/derivatives/flint/antsRegistration/r7-p21/sub-s035/Stage1_level1_Iter0050.nii.gz
2DIAGNOSTIC,    50, -5.942817264436e-01, 1.367628574371e-04, 0.0000e+00, 0.0000e+00, 
*/mnt/lustre/mathdugre/fast-interpolate/datasets/ds004513/derivatives/flint/antsRegistration/r7-p21/sub-s035/Stage1_level1_Iter0051.nii.gz
2DIAGNOSTIC,    51, -5.945660607790e-01, 1.241564750671e-04, 0.0000e+00, 0.0000e+00, 
*/mnt/lustre/mathdugre/fast-interpolate/datasets/ds004513/derivatives/flint/antsRegistration/r7-p21/sub-s035/Stage1_level1_Iter0052.nii.gz
2DIAGNOSTIC,    52, -5.948644088945e-01, 1.174509525299e-04, 0.0000e+00, 0.0000e+00, 
*/mnt/lustre/mathdugre/fast-interpolate/datasets/ds004513/derivatives/flint/antsRegistration/r7-p21/sub-s035/Stage1_level1_Iter0053.nii.gz
2DIAGNOSTIC,    53, -5.952158986695e-01, 1.089498400688e-04, 0.0000e+00, 0.0000e+00, 
*/mnt/lustre/mathdugre/fast-interpolate/datasets/ds004513/derivatives/flint/antsRegistration/r7-p21/sub-s035/Stage1_level1_Iter0054.nii.gz
2DIAGNOSTIC,    54, -5.978453860853e-01, 1.201033592224e-04, 0.0000e+00, 0.0000e+00, 
*/mnt/lustre/mathdugre/fast-interpolate/datasets/ds004513/derivatives/flint/antsRegistration/r7-p21/sub-s035/Stage1_level1_Iter0055.nii.gz
2DIAGNOSTIC,    55, -5.981697216912e-01, 1.307874917984e-04, 0.0000e+00, 0.0000e+00, 
*/mnt/lustre/mathdugre/fast-interpolate/datasets/ds004513/derivatives/flint/antsRegistration/r7-p21/sub-s035/Stage1_level1_Iter0056.nii.gz
2DIAGNOSTIC,    56, -5.983349424490e-01, 1.350566744804e-04, 0.0000e+00, 0.0000e+00, 
*/mnt/lustre/mathdugre/fast-interpolate/datasets/ds004513/derivatives/flint/antsRegistration/r7-p21/sub-s035/Stage1_level1_Iter0057.nii.gz
2DIAGNOSTIC,    57, -5.985046492157e-01, 1.306384801865e-04, 0.0000e+00, 0.0000e+00, 
*/mnt/lustre/mathdugre/fast-interpolate/datasets/ds004513/derivatives/flint/antsRegistration/r7-p21/sub-s035/Stage1_level1_Iter0058.nii.gz
2DIAGNOSTIC,    58, -5.986458227338e-01, 1.181066036224e-04, 0.0000e+00, 0.0000e+00, 
*/mnt/lustre/mathdugre/fast-interpolate/datasets/ds004513/derivatives/flint/antsRegistration/r7-p21/sub-s035/Stage1_level1_Iter0059.nii.gz
2DIAGNOSTIC,    59, -5.989632865545e-01, 1.034662127495e-04, 0.0000e+00, 0.0000e+00, 
*/mnt/lustre/mathdugre/fast-interpolate/datasets/ds004513/derivatives/flint/antsRegistration/r7-p21/sub-s035/Stage1_level1_Iter0060.nii.gz
2DIAGNOSTIC,    60, -5.989641284958e-01, 8.860975503922e-05, 0.0000e+00, 0.0000e+00, 
*/mnt/lustre/mathdugre/fast-interpolate/datasets/ds004513/derivatives/flint/antsRegistration/r7-p21/sub-s035/Stage1_level1_Iter0061.nii.gz
2DIAGNOSTIC,    61, -5.991300368747e-01, 6.977468729019e-05, 0.0000e+00, 0.0000e+00, 
*/mnt/lustre/mathdugre/fast-interpolate/datasets/ds004513/derivatives/flint/antsRegistration/r7-p21/sub-s035/Stage1_level1_Iter0062.nii.gz
2DIAGNOSTIC,    62, -5.993600506337e-01, 4.929304122925e-05, 0.0000e+00, 0.0000e+00, 
*/mnt/lustre/mathdugre/fast-interpolate/datasets/ds004513/derivatives/flint/antsRegistration/r7-p21/sub-s035/Stage1_level1_Iter0063.nii.gz
2DIAGNOSTIC,    63, -5.993600236930e-01, 2.689659595490e-05, 0.0000e+00, 0.0000e+00, 
*/mnt/lustre/mathdugre/fast-interpolate/datasets/ds004513/derivatives/flint/antsRegistration/r7-p21/sub-s035/Stage1_level1_Iter0064.nii.gz
2DIAGNOSTIC,    64, -5.993605929705e-01, 2.289563417435e-05, 0.0000e+00, 0.0000e+00, 
*/mnt/lustre/mathdugre/fast-interpolate/datasets/ds004513/derivatives/flint/antsRegistration/r7-p21/sub-s035/Stage1_level1_Iter0065.nii.gz
2DIAGNOSTIC,    65, -5.993619085922e-01, 1.931935548782e-05, 0.0000e+00, 0.0000e+00, 
*/mnt/lustre/mathdugre/fast-interpolate/datasets/ds004513/derivatives/flint/antsRegistration/r7-p21/sub-s035/Stage1_level1_Iter0066.nii.gz
2DIAGNOSTIC,    66, -5.993640117084e-01, 1.528114080429e-05, 0.0000e+00, 0.0000e+00, 
*/mnt/lustre/mathdugre/fast-interpolate/datasets/ds004513/derivatives/flint/antsRegistration/r7-p21/sub-s035/Stage1_level1_Iter0067.nii.gz
2DIAGNOSTIC,    67, -5.993676828075e-01, 1.117587089539e-05, 0.0000e+00, 0.0000e+00, 
*/mnt/lustre/mathdugre/fast-interpolate/datasets/ds004513/derivatives/flint/antsRegistration/r7-p21/sub-s035/Stage1_level1_Iter0068.nii.gz
2DIAGNOSTIC,    68, -5.993740467733e-01, 7.182359695435e-06, 0.0000e+00, 0.0000e+00, 
*/mnt/lustre/mathdugre/fast-interpolate/datasets/ds004513/derivatives/flint/antsRegistration/r7-p21/sub-s035/Stage1_level1_Iter0069.nii.gz
2DIAGNOSTIC,    69, -5.993841602907e-01, 5.029141902924e-06, 0.0000e+00, 0.0000e+00, 
*/mnt/lustre/mathdugre/fast-interpolate/datasets/ds004513/derivatives/flint/antsRegistration/r7-p21/sub-s035/Stage1_level1_Iter0070.nii.gz
2DIAGNOSTIC,    70, -5.994007972133e-01, 2.615153789520e-06, 0.0000e+00, 0.0000e+00, 
*/mnt/lustre/mathdugre/fast-interpolate/datasets/ds004513/derivatives/flint/antsRegistration/r7-p21/sub-s035/Stage1_level1_Iter0071.nii.gz
2DIAGNOSTIC,    71, -5.994291354968e-01, 1.333653926849e-06, 0.0000e+00, 0.0000e+00, 
*/mnt/lustre/mathdugre/fast-interpolate/datasets/ds004513/derivatives/flint/antsRegistration/r7-p21/sub-s035/Stage1_level1_Iter0072.nii.gz
2DIAGNOSTIC,    72, -5.994753313742e-01, 1.907348632812e-06, 0.0000e+00, 0.0000e+00, 
*/mnt/lustre/mathdugre/fast-interpolate/datasets/ds004513/derivatives/flint/antsRegistration/r7-p21/sub-s035/Stage1_level1_Iter0073.nii.gz
2DIAGNOSTIC,    73, -5.995435777667e-01, 2.764165401459e-06, 0.0000e+00, 0.0000e+00, 
*/mnt/lustre/mathdugre/fast-interpolate/datasets/ds004513/derivatives/flint/antsRegistration/r7-p21/sub-s035/Stage1_level1_Iter0074.nii.gz
2DIAGNOSTIC,    74, -5.996203692155e-01, 3.870576620102e-06, 0.0000e+00, 0.0000e+00, 
*/mnt/lustre/mathdugre/fast-interpolate/datasets/ds004513/derivatives/flint/antsRegistration/r7-p21/sub-s035/Stage1_level1_Iter0075.nii.gz
2DIAGNOSTIC,    75, -5.996335207049e-01, 4.719942808151e-06, 0.0000e+00, 0.0000e+00, 
*/mnt/lustre/mathdugre/fast-interpolate/datasets/ds004513/derivatives/flint/antsRegistration/r7-p21/sub-s035/Stage1_level1_Iter0076.nii.gz
2DIAGNOSTIC,    76, -5.996566549313e-01, 5.289912223816e-06, 0.0000e+00, 0.0000e+00, 
*/mnt/lustre/mathdugre/fast-interpolate/datasets/ds004513/derivatives/flint/antsRegistration/r7-p21/sub-s035/Stage1_level1_Iter0077.nii.gz
2DIAGNOSTIC,    77, -5.998011943478e-01, 6.314367055893e-06, 0.0000e+00, 0.0000e+00, 
*/mnt/lustre/mathdugre/fast-interpolate/datasets/ds004513/derivatives/flint/antsRegistration/r7-p21/sub-s035/Stage1_level1_Iter0078.nii.gz
2DIAGNOSTIC,    78, -6.000802511986e-01, 8.512288331985e-06, 0.0000e+00, 0.0000e+00, 
*/mnt/lustre/mathdugre/fast-interpolate/datasets/ds004513/derivatives/flint/antsRegistration/r7-p21/sub-s035/Stage1_level1_Iter0079.nii.gz
2DIAGNOSTIC,    79, -6.010260072323e-01, 1.572445034981e-05, 0.0000e+00, 0.0000e+00, 
*/mnt/lustre/mathdugre/fast-interpolate/datasets/ds004513/derivatives/flint/antsRegistration/r7-p21/sub-s035/Stage1_level1_Iter0080.nii.gz
2DIAGNOSTIC,    80, -6.020320857615e-01, 2.738460898399e-05, 0.0000e+00, 0.0000e+00, 
*/mnt/lustre/mathdugre/fast-interpolate/datasets/ds004513/derivatives/flint/antsRegistration/r7-p21/sub-s035/Stage1_level1_Iter0081.nii.gz
2DIAGNOSTIC,    81, -6.023825147809e-01, 3.835186362267e-05, 0.0000e+00, 0.0000e+00, 
*/mnt/lustre/mathdugre/fast-interpolate/datasets/ds004513/derivatives/flint/antsRegistration/r7-p21/sub-s035/Stage1_level1_Iter0082.nii.gz
2DIAGNOSTIC,    82, -6.024416822160e-01, 4.607439041138e-05, 0.0000e+00, 0.0000e+00, 
*/mnt/lustre/mathdugre/fast-interpolate/datasets/ds004513/derivatives/flint/antsRegistration/r7-p21/sub-s035/Stage1_level1_Iter0083.nii.gz
2DIAGNOSTIC,    83, -6.027963539045e-01, 5.171820521355e-05, 0.0000e+00, 0.0000e+00, 
*/mnt/lustre/mathdugre/fast-interpolate/datasets/ds004513/derivatives/flint/antsRegistration/r7-p21/sub-s035/Stage1_level1_Iter0084.nii.gz
2DIAGNOSTIC,    84, -6.029330585892e-01, 5.338713526726e-05, 0.0000e+00, 0.0000e+00, 
*/mnt/lustre/mathdugre/fast-interpolate/datasets/ds004513/derivatives/flint/antsRegistration/r7-p21/sub-s035/Stage1_level1_Iter0085.nii.gz
2DIAGNOSTIC,    85, -6.029763707680e-01, 5.012378096581e-05, 0.0000e+00, 0.0000e+00, 
*/mnt/lustre/mathdugre/fast-interpolate/datasets/ds004513/derivatives/flint/antsRegistration/r7-p21/sub-s035/Stage1_level1_Iter0086.nii.gz
2DIAGNOSTIC,    86, -6.030735917912e-01, 4.288181662560e-05, 0.0000e+00, 0.0000e+00, 
*/mnt/lustre/mathdugre/fast-interpolate/datasets/ds004513/derivatives/flint/antsRegistration/r7-p21/sub-s035/Stage1_level1_Iter0087.nii.gz
2DIAGNOSTIC,    87, -6.033860693834e-01, 3.434717655182e-05, 0.0000e+00, 0.0000e+00, 
*/mnt/lustre/mathdugre/fast-interpolate/datasets/ds004513/derivatives/flint/antsRegistration/r7-p21/sub-s035/Stage1_level1_Iter0088.nii.gz
2DIAGNOSTIC,    88, -6.034625296178e-01, 2.455711364746e-05, 0.0000e+00, 0.0000e+00, 
*/mnt/lustre/mathdugre/fast-interpolate/datasets/ds004513/derivatives/flint/antsRegistration/r7-p21/sub-s035/Stage1_level1_Iter0089.nii.gz
2DIAGNOSTIC,    89, -6.036046376139e-01, 1.848489046097e-05, 0.0000e+00, 0.0000e+00, 
*/mnt/lustre/mathdugre/fast-interpolate/datasets/ds004513/derivatives/flint/antsRegistration/r7-p21/sub-s035/Stage1_level1_Iter0090.nii.gz
2DIAGNOSTIC,    90, -6.036586845028e-01, 1.649186015129e-05, 0.0000e+00, 0.0000e+00, 
*/mnt/lustre/mathdugre/fast-interpolate/datasets/ds004513/derivatives/flint/antsRegistration/r7-p21/sub-s035/Stage1_level1_Iter0091.nii.gz
2DIAGNOSTIC,    91, -6.037438332054e-01, 1.534074544907e-05, 0.0000e+00, 0.0000e+00, 
*/mnt/lustre/mathdugre/fast-interpolate/datasets/ds004513/derivatives/flint/antsRegistration/r7-p21/sub-s035/Stage1_level1_Iter0092.nii.gz
2DIAGNOSTIC,    92, -6.037755715819e-01, 1.317262649536e-05, 0.0000e+00, 0.0000e+00, 
*/mnt/lustre/mathdugre/fast-interpolate/datasets/ds004513/derivatives/flint/antsRegistration/r7-p21/sub-s035/Stage1_level1_Iter0093.nii.gz
2DIAGNOSTIC,    93, -6.038528798330e-01, 1.204386353493e-05, 0.0000e+00, 0.0000e+00, 
*/mnt/lustre/mathdugre/fast-interpolate/datasets/ds004513/derivatives/flint/antsRegistration/r7-p21/sub-s035/Stage1_level1_Iter0094.nii.gz
2DIAGNOSTIC,    94, -6.041652268764e-01, 1.213699579239e-05, 0.0000e+00, 0.0000e+00, 
*/mnt/lustre/mathdugre/fast-interpolate/datasets/ds004513/derivatives/flint/antsRegistration/r7-p21/sub-s035/Stage1_level1_Iter0095.nii.gz
2DIAGNOSTIC,    95, -6.043562380839e-01, 1.225247979164e-05, 0.0000e+00, 0.0000e+00, 
*/mnt/lustre/mathdugre/fast-interpolate/datasets/ds004513/derivatives/flint/antsRegistration/r7-p21/sub-s035/Stage1_level1_Iter0096.nii.gz
2DIAGNOSTIC,    96, -6.043563100853e-01, 1.166388392448e-05, 0.0000e+00, 0.0000e+00, 
*/mnt/lustre/mathdugre/fast-interpolate/datasets/ds004513/derivatives/flint/antsRegistration/r7-p21/sub-s035/Stage1_level1_Iter0097.nii.gz
2DIAGNOSTIC,    97, -6.043595066425e-01, 1.159682869911e-05, 0.0000e+00, 0.0000e+00, 
*/mnt/lustre/mathdugre/fast-interpolate/datasets/ds004513/derivatives/flint/antsRegistration/r7-p21/sub-s035/Stage1_level1_Iter0098.nii.gz
2DIAGNOSTIC,    98, -6.043650597088e-01, 1.084804534912e-05, 0.0000e+00, 0.0000e+00, 
*/mnt/lustre/mathdugre/fast-interpolate/datasets/ds004513/derivatives/flint/antsRegistration/r7-p21/sub-s035/Stage1_level1_Iter0099.nii.gz
2DIAGNOSTIC,    99, -6.043744341498e-01, 9.804964065552e-06, 0.0000e+00, 0.0000e+00, 
*/mnt/lustre/mathdugre/fast-interpolate/datasets/ds004513/derivatives/flint/antsRegistration/r7-p21/sub-s035/Stage1_level1_Iter0100.nii.gz
2DIAGNOSTIC,   100, -6.043896860509e-01, 8.173286914825e-06, 0.0000e+00, 0.0000e+00, 
*/mnt/lustre/mathdugre/fast-interpolate/datasets/ds004513/derivatives/flint/antsRegistration/r7-p21/sub-s035/Stage1_level1_Iter0101.nii.gz
2DIAGNOSTIC,   101, -6.044125159315e-01, 6.347894668579e-06, 0.0000e+00, 0.0000e+00, 
*/mnt/lustre/mathdugre/fast-interpolate/datasets/ds004513/derivatives/flint/antsRegistration/r7-p21/sub-s035/Stage1_level1_Iter0102.nii.gz
2DIAGNOSTIC,   102, -6.044265917628e-01, 4.228204488754e-06, 0.0000e+00, 0.0000e+00, 
*/mnt/lustre/mathdugre/fast-interpolate/datasets/ds004513/derivatives/flint/antsRegistration/r7-p21/sub-s035/Stage1_level1_Iter0103.nii.gz
2DIAGNOSTIC,   103, -6.043662601651e-01, 1.803040504456e-06, 0.0000e+00, 0.0000e+00, 
DIAGNOSTIC,Iteration,metricValue,convergenceValue,ITERATION_TIME_INDEX,SINCE_LAST
*/mnt/lustre/mathdugre/fast-interpolate/datasets/ds004513/derivatives/flint/antsRegistration/r7-p21/sub-s035/Stage1_level2_Iter0001.nii.gz
2DIAGNOSTIC,     1, -4.997490417855e-01, 1.797693134862e+308, 0.0000e+00, 0.0000e+00, 
*/mnt/lustre/mathdugre/fast-interpolate/datasets/ds004513/derivatives/flint/antsRegistration/r7-p21/sub-s035/Stage1_level2_Iter0002.nii.gz
2DIAGNOSTIC,     2, -5.000899535615e-01, 1.797693134862e+308, 0.0000e+00, 0.0000e+00, 
*/mnt/lustre/mathdugre/fast-interpolate/datasets/ds004513/derivatives/flint/antsRegistration/r7-p21/sub-s035/Stage1_level2_Iter0003.nii.gz
2DIAGNOSTIC,     3, -5.004322944262e-01, 1.797693134862e+308, 0.0000e+00, 0.0000e+00, 
*/mnt/lustre/mathdugre/fast-interpolate/datasets/ds004513/derivatives/flint/antsRegistration/r7-p21/sub-s035/Stage1_level2_Iter0004.nii.gz
2DIAGNOSTIC,     4, -5.010865945139e-01, 1.797693134862e+308, 0.0000e+00, 0.0000e+00, 
*/mnt/lustre/mathdugre/fast-interpolate/datasets/ds004513/derivatives/flint/antsRegistration/r7-p21/sub-s035/Stage1_level2_Iter0005.nii.gz
2DIAGNOSTIC,     5, -5.021882234163e-01, 1.797693134862e+308, 0.0000e+00, 0.0000e+00, 
*/mnt/lustre/mathdugre/fast-interpolate/datasets/ds004513/derivatives/flint/antsRegistration/r7-p21/sub-s035/Stage1_level2_Iter0006.nii.gz
2DIAGNOSTIC,     6, -5.043875260420e-01, 1.797693134862e+308, 0.0000e+00, 0.0000e+00, 
*/mnt/lustre/mathdugre/fast-interpolate/datasets/ds004513/derivatives/flint/antsRegistration/r7-p21/sub-s035/Stage1_level2_Iter0007.nii.gz
2DIAGNOSTIC,     7, -5.141073862770e-01, 1.797693134862e+308, 0.0000e+00, 0.0000e+00, 
*/mnt/lustre/mathdugre/fast-interpolate/datasets/ds004513/derivatives/flint/antsRegistration/r7-p21/sub-s035/Stage1_level2_Iter0008.nii.gz
2DIAGNOSTIC,     8, -5.165459979290e-01, 1.797693134862e+308, 0.0000e+00, 0.0000e+00, 
*/mnt/lustre/mathdugre/fast-interpolate/datasets/ds004513/derivatives/flint/antsRegistration/r7-p21/sub-s035/Stage1_level2_Iter0009.nii.gz
2DIAGNOSTIC,     9, -5.173632918426e-01, 1.797693134862e+308, 0.0000e+00, 0.0000e+00, 
*/mnt/lustre/mathdugre/fast-interpolate/datasets/ds004513/derivatives/flint/antsRegistration/r7-p21/sub-s035/Stage1_level2_Iter0010.nii.gz
2DIAGNOSTIC,    10, -5.231071867018e-01, 3.148168325424e-03, 0.0000e+00, 0.0000e+00, 
*/mnt/lustre/mathdugre/fast-interpolate/datasets/ds004513/derivatives/flint/antsRegistration/r7-p21/sub-s035/Stage1_level2_Iter0011.nii.gz
2DIAGNOSTIC,    11, -5.289731572237e-01, 3.470808267593e-03, 0.0000e+00, 0.0000e+00, 
*/mnt/lustre/mathdugre/fast-interpolate/datasets/ds004513/derivatives/flint/antsRegistration/r7-p21/sub-s035/Stage1_level2_Iter0012.nii.gz
2DIAGNOSTIC,    12, -5.323349342709e-01, 3.585755825043e-03, 0.0000e+00, 0.0000e+00, 
*/mnt/lustre/mathdugre/fast-interpolate/datasets/ds004513/derivatives/flint/antsRegistration/r7-p21/sub-s035/Stage1_level2_Iter0013.nii.gz
2DIAGNOSTIC,    13, -5.356604136610e-01, 3.515034914017e-03, 0.0000e+00, 0.0000e+00, 
*/mnt/lustre/mathdugre/fast-interpolate/datasets/ds004513/derivatives/flint/antsRegistration/r7-p21/sub-s035/Stage1_level2_Iter0014.nii.gz
2DIAGNOSTIC,    14, -5.372315159325e-01, 3.229677677155e-03, 0.0000e+00, 0.0000e+00, 
*/mnt/lustre/mathdugre/fast-interpolate/datasets/ds004513/derivatives/flint/antsRegistration/r7-p21/sub-s035/Stage1_level2_Iter0015.nii.gz
2DIAGNOSTIC,    15, -5.388360103764e-01, 2.789556980133e-03, 0.0000e+00, 0.0000e+00, 
*/mnt/lustre/mathdugre/fast-interpolate/datasets/ds004513/derivatives/flint/antsRegistration/r7-p21/sub-s035/Stage1_level2_Iter0016.nii.gz
