
##########################
# Experiment information #
##########################

EXPERIMENT_NAME: r7-p21
VFC_BACKENDS: libinterflop_vprec.so --range-binary32=7 --precision-binary32=21 --range-binary64=7 --precision-binary64=21

SIF_IMG: /mnt/lustre/mathdugre/containers/ants-vprec-no_metric.simg

SUBJECT_ID: s014
INPUT_IMG: /mnt/lustre/mathdugre/fast-interpolate/datasets/ds004513/derivatives/flint/antsBrainExtraction/sub-s014/BrainExtractionBrain.nii.gz
OUTPUT_DIR: /mnt/lustre/mathdugre/fast-interpolate/datasets/ds004513/derivatives/flint/antsRegistration/r7-p21/sub-s014

FIXED_IMG: /templateflow/tpl-MNI152NLin2009cAsym/tpl-MNI152NLin2009cAsym_res-01_desc-brain_T1w.nii.gz
DATA_DIR: /mnt/lustre/mathdugre/fast-interpolate/datasets/ds004513
TEMPLATEFLOW_DIR: /home/mathdugre/.cache/templateflow
ITK_GLOBAL_DEFAULT_NUMBER_OF_THREADS: 4
##########################

Info [verificarlo]: loaded backend libinterflop_vprec.so
Info [interflop-vprec]: load backend with: 
Info [interflop-vprec]: precision-binary32 = 21
Info [interflop-vprec]: range-binary32 = 7
Info [interflop-vprec]: precision-binary64 = 21
Info [interflop-vprec]: range-binary64 = 7
Info [interflop-vprec]: mode = ob
Info [interflop-vprec]: error-mode = rel
Info [interflop-vprec]: max-abs-error-exponent = -1022
Info [interflop-vprec]: daz = false
Info [interflop-vprec]: ftz = false
Info [interflop-vprec]: 	instrument = none
Info [interflop-vprec]: 	prec-input-file = (null)
Info [interflop-vprec]: 	prec-output-file = (null)
Info [interflop-vprec]: 	prec-log-file = (null)
All_Command_lines_OK
Using double precision for computations.
=============================================================================
The composite transform comprises the following transforms (in order): 
  1. Center of mass alignment using fixed image: /templateflow/tpl-MNI152NLin2009cAsym/tpl-MNI152NLin2009cAsym_res-01_desc-brain_T1w.nii.gz and moving image: /mnt/lustre/mathdugre/fast-interpolate/datasets/ds004513/derivatives/flint/antsBrainExtraction/sub-s014/BrainExtractionBrain.nii.gz (type = Euler3DTransform)
=============================================================================
  number of levels = 4
  number of levels = 4
  number of levels = 4
  fixed image: /templateflow/tpl-MNI152NLin2009cAsym/tpl-MNI152NLin2009cAsym_res-01_desc-brain_T1w.nii.gz
  moving image: /mnt/lustre/mathdugre/fast-interpolate/datasets/ds004513/derivatives/flint/antsBrainExtraction/sub-s014/BrainExtractionBrain.nii.gz
  fixed image: /templateflow/tpl-MNI152NLin2009cAsym/tpl-MNI152NLin2009cAsym_res-01_desc-brain_T1w.nii.gz
  moving image: /mnt/lustre/mathdugre/fast-interpolate/datasets/ds004513/derivatives/flint/antsBrainExtraction/sub-s014/BrainExtractionBrain.nii.gz
  fixed image: /templateflow/tpl-MNI152NLin2009cAsym/tpl-MNI152NLin2009cAsym_res-01_desc-brain_T1w.nii.gz
  moving image: /mnt/lustre/mathdugre/fast-interpolate/datasets/ds004513/derivatives/flint/antsBrainExtraction/sub-s014/BrainExtractionBrain.nii.gz
Dimension = 3
Number of stages = 3
Use histogram matching = false
Winsorize image intensities = true
  Lower quantile = 0.005
  Upper quantile = 0.995


Stage 1 State
   Image metric = MattesMI
     Fixed image = Image (0x4ef9b30)
  RTTI typeinfo:   itk::Image<double, 3u>
  Reference Count: 2
  Modified Time: 2389
  Debug: Off
  Object Name: 
  Observers: 
    none
  Source: (none)
  Source output name: (none)
  Release Data: Off
  Data Released: False
  Global Release Data: Off
  PipelineMTime: 0
  UpdateMTime: 1998
  RealTimeStamp: 0 seconds 
  LargestPossibleRegion: 
    Dimension: 3
    Index: [0, 0, 0]
    Size: [193, 229, 193]
  BufferedRegion: 
    Dimension: 3
    Index: [0, 0, 0]
    Size: [193, 229, 193]
  RequestedRegion: 
    Dimension: 3
    Index: [0, 0, 0]
    Size: [193, 229, 193]
  Spacing: [1, 1, 1]
  Origin: [96, 132, -78]
  Direction: 
-1 0 0
0 -1 0
0 0 1

  IndexToPointMatrix: 
-1 0 0
0 -1 0
0 0 1

  PointToIndexMatrix: 
-1 0 0
0 -1 0
0 0 1

  Inverse Direction: 
-1 0 0
0 -1 0
0 0 1

  PixelContainer: 
    ImportImageContainer (0x4efea10)
      RTTI typeinfo:   itk::ImportImageContainer<unsigned long, double>
      Reference Count: 1
      Modified Time: 1995
      Debug: Off
      Object Name: 
      Observers: 
        none
      Pointer: 0x7f0f56bd2010
      Container manages memory: true
      Size: 8530021
      Capacity: 8530021

     Moving image = Image (0x4ef5400)
  RTTI typeinfo:   itk::Image<double, 3u>
  Reference Count: 2
  Modified Time: 2390
  Debug: Off
  Object Name: 
  Observers: 
    none
  Source: (none)
  Source output name: (none)
  Release Data: Off
  Data Released: False
  Global Release Data: Off
  PipelineMTime: 0
  UpdateMTime: 2387
  RealTimeStamp: 0 seconds 
  LargestPossibleRegion: 
    Dimension: 3
    Index: [0, 0, 0]
    Size: [160, 240, 256]
  BufferedRegion: 
    Dimension: 3
    Index: [0, 0, 0]
    Size: [160, 240, 256]
  RequestedRegion: 
    Dimension: 3
    Index: [0, 0, 0]
    Size: [160, 240, 256]
  Spacing: [1, 1, 1]
  Origin: [84.1637, 106.709, -120.531]
  Direction: 
-0.999619 -0.0226874 -0.0157033
0.0226846 -0.999743 0.00035635
-0.0157073 -7.8229e-09 0.999876

  IndexToPointMatrix: 
-0.999619 -0.0226874 -0.0157033
0.0226845 -0.999743 0.00035635
-0.0157073 -7.8229e-09 0.999876

  PointToIndexMatrix: 
-0.99962 0.0226846 -0.0157073
-0.0226874 -0.999743 -7.567e-09
-0.0157033 0.00035635 0.999877

  Inverse Direction: 
-0.999619 0.0226846 -0.0157073
-0.0226874 -0.999743 -7.567e-09
-0.0157033 0.00035635 0.999877

  PixelContainer: 
    ImportImageContainer (0x5029550)
      RTTI typeinfo:   itk::ImportImageContainer<unsigned long, double>
      Reference Count: 1
      Modified Time: 2384
      Debug: Off
      Object Name: 
      Observers: 
        none
      Pointer: 0x7f0f520d1010
      Container manages memory: true
      Size: 9830400
      Capacity: 9830400

     Weighting = 1
     Sampling strategy = regular
     Number of bins = 32
     Radius = 4
     Sampling percentage  = 0.25
   Transform = Rigid
     Gradient step = 0.1
     Update field sigma (voxel space) = 0
     Total field sigma (voxel space) = 0
     Update field time sigma = 0
     Total field time sigma  = 0
     Number of time indices = 0
     Number of time point samples = 0
Stage 2 State
   Image metric = MattesMI
     Fixed image = Image (0x4f00660)
  RTTI typeinfo:   itk::Image<double, 3u>
  Reference Count: 2
  Modified Time: 3167
  Debug: Off
  Object Name: 
  Observers: 
    none
  Source: (none)
  Source output name: (none)
  Release Data: Off
  Data Released: False
  Global Release Data: Off
  PipelineMTime: 0
  UpdateMTime: 2776
  RealTimeStamp: 0 seconds 
  LargestPossibleRegion: 
    Dimension: 3
    Index: [0, 0, 0]
    Size: [193, 229, 193]
  BufferedRegion: 
    Dimension: 3
    Index: [0, 0, 0]
    Size: [193, 229, 193]
  RequestedRegion: 
    Dimension: 3
    Index: [0, 0, 0]
    Size: [193, 229, 193]
  Spacing: [1, 1, 1]
  Origin: [96, 132, -78]
  Direction: 
-1 0 0
0 -1 0
0 0 1

  IndexToPointMatrix: 
-1 0 0
0 -1 0
0 0 1

  PointToIndexMatrix: 
-1 0 0
0 -1 0
0 0 1

  Inverse Direction: 
-1 0 0
0 -1 0
0 0 1

  PixelContainer: 
    ImportImageContainer (0x4f1eb80)
      RTTI typeinfo:   itk::ImportImageContainer<unsigned long, double>
      Reference Count: 1
      Modified Time: 2773
      Debug: Off
      Object Name: 
      Observers: 
        none
      Pointer: 0x7f0f4dfbc010
      Container manages memory: true
      Size: 8530021
      Capacity: 8530021

     Moving image = Image (0x4f1c1c0)
  RTTI typeinfo:   itk::Image<double, 3u>
  Reference Count: 2
  Modified Time: 3168
  Debug: Off
  Object Name: 
  Observers: 
    none
  Source: (none)
  Source output name: (none)
  Release Data: Off
  Data Released: False
  Global Release Data: Off
  PipelineMTime: 0
  UpdateMTime: 3165
  RealTimeStamp: 0 seconds 
  LargestPossibleRegion: 
    Dimension: 3
    Index: [0, 0, 0]
    Size: [160, 240, 256]
  BufferedRegion: 
    Dimension: 3
    Index: [0, 0, 0]
    Size: [160, 240, 256]
  RequestedRegion: 
    Dimension: 3
    Index: [0, 0, 0]
    Size: [160, 240, 256]
  Spacing: [1, 1, 1]
  Origin: [84.1637, 106.709, -120.531]
  Direction: 
-0.999619 -0.0226874 -0.0157033
0.0226846 -0.999743 0.00035635
-0.0157073 -7.8229e-09 0.999876

  IndexToPointMatrix: 
-0.999619 -0.0226874 -0.0157033
0.0226845 -0.999743 0.00035635
-0.0157073 -7.8229e-09 0.999876

  PointToIndexMatrix: 
-0.99962 0.0226846 -0.0157073
-0.0226874 -0.999743 -7.567e-09
-0.0157033 0.00035635 0.999877

  Inverse Direction: 
-0.999619 0.0226846 -0.0157073
-0.0226874 -0.999743 -7.567e-09
-0.0157033 0.00035635 0.999877

  PixelContainer: 
    ImportImageContainer (0x51497d0)
      RTTI typeinfo:   itk::ImportImageContainer<unsigned long, double>
      Reference Count: 1
      Modified Time: 3162
      Debug: Off
      Object Name: 
      Observers: 
        none
      Pointer: 0x7f0f494bb010
      Container manages memory: true
      Size: 9830400
      Capacity: 9830400

     Weighting = 1
     Sampling strategy = regular
     Number of bins = 32
     Radius = 4
     Sampling percentage  = 0.25
   Transform = Affine
     Gradient step = 0.1
     Update field sigma (voxel space) = 0
     Total field sigma (voxel space) = 0
     Update field time sigma = 0
     Total field time sigma  = 0
     Number of time indices = 0
     Number of time point samples = 0
Stage 3 State
   Image metric = CC
     Fixed image = Image (0x4f002c0)
  RTTI typeinfo:   itk::Image<double, 3u>
  Reference Count: 2
  Modified Time: 3945
  Debug: Off
  Object Name: 
  Observers: 
    none
  Source: (none)
  Source output name: (none)
  Release Data: Off
  Data Released: False
  Global Release Data: Off
  PipelineMTime: 0
  UpdateMTime: 3554
  RealTimeStamp: 0 seconds 
  LargestPossibleRegion: 
    Dimension: 3
    Index: [0, 0, 0]
    Size: [193, 229, 193]
  BufferedRegion: 
    Dimension: 3
    Index: [0, 0, 0]
    Size: [193, 229, 193]
  RequestedRegion: 
    Dimension: 3
    Index: [0, 0, 0]
    Size: [193, 229, 193]
  Spacing: [1, 1, 1]
  Origin: [96, 132, -78]
  Direction: 
-1 0 0
0 -1 0
0 0 1

  IndexToPointMatrix: 
-1 0 0
0 -1 0
0 0 1

  PointToIndexMatrix: 
-1 0 0
0 -1 0
0 0 1

  Inverse Direction: 
-1 0 0
0 -1 0
0 0 1

  PixelContainer: 
    ImportImageContainer (0x4f1cd40)
      RTTI typeinfo:   itk::ImportImageContainer<unsigned long, double>
      Reference Count: 1
      Modified Time: 3551
      Debug: Off
      Object Name: 
      Observers: 
        none
      Pointer: 0x7f0f453a6010
      Container manages memory: true
      Size: 8530021
      Capacity: 8530021

     Moving image = Image (0x4f1dbd0)
  RTTI typeinfo:   itk::Image<double, 3u>
  Reference Count: 2
  Modified Time: 3946
  Debug: Off
  Object Name: 
  Observers: 
    none
  Source: (none)
  Source output name: (none)
  Release Data: Off
  Data Released: False
  Global Release Data: Off
  PipelineMTime: 0
  UpdateMTime: 3943
  RealTimeStamp: 0 seconds 
  LargestPossibleRegion: 
    Dimension: 3
    Index: [0, 0, 0]
    Size: [160, 240, 256]
  BufferedRegion: 
    Dimension: 3
    Index: [0, 0, 0]
    Size: [160, 240, 256]
  RequestedRegion: 
    Dimension: 3
    Index: [0, 0, 0]
    Size: [160, 240, 256]
  Spacing: [1, 1, 1]
  Origin: [84.1637, 106.709, -120.531]
  Direction: 
-0.999619 -0.0226874 -0.0157033
0.0226846 -0.999743 0.00035635
-0.0157073 -7.8229e-09 0.999876

  IndexToPointMatrix: 
-0.999619 -0.0226874 -0.0157033
0.0226845 -0.999743 0.00035635
-0.0157073 -7.8229e-09 0.999876

  PointToIndexMatrix: 
-0.99962 0.0226846 -0.0157073
-0.0226874 -0.999743 -7.567e-09
-0.0157033 0.00035635 0.999877

  Inverse Direction: 
-0.999619 0.0226846 -0.0157073
-0.0226874 -0.999743 -7.567e-09
-0.0157033 0.00035635 0.999877

  PixelContainer: 
    ImportImageContainer (0x50e97d0)
      RTTI typeinfo:   itk::ImportImageContainer<unsigned long, double>
      Reference Count: 1
      Modified Time: 3940
      Debug: Off
      Object Name: 
      Observers: 
        none
      Pointer: 0x7f0f408a5010
      Container manages memory: true
      Size: 9830400
      Capacity: 9830400

     Weighting = 1
     Sampling strategy = none
     Number of bins = 32
     Radius = 4
     Sampling percentage  = 1
   Transform = SyN
     Gradient step = 0.1
     Update field sigma (voxel space) = 3
     Total field sigma (voxel space) = 0
     Update field time sigma = 0
     Total field time sigma  = 0
     Number of time indices = 0
     Number of time point samples = 0
Registration using 3 total stages.

Stage 0
  iterations = 1000x500x250x100
  convergence threshold = 1e-06
  convergence window size = 10
  number of levels = 4
  using the Mattes MI metric (number of bins = 32, weight = 1, use gradient filter = 0)
  preprocessing:  winsorizing the image intensities
  Shrink factors (level 1 out of 4): [8, 8, 8]
  Shrink factors (level 2 out of 4): [4, 4, 4]
  Shrink factors (level 3 out of 4): [2, 2, 2]
  Shrink factors (level 4 out of 4): [1, 1, 1]
  smoothing sigmas per level: [3, 2, 1, 0]
  regular sampling (percentage = 0.25)

*** Running Euler3DTransform registration ***

DIAGNOSTIC,Iteration,metricValue,convergenceValue,ITERATION_TIME_INDEX,SINCE_LAST
*/mnt/lustre/mathdugre/fast-interpolate/datasets/ds004513/derivatives/flint/antsRegistration/r7-p21/sub-s014/Stage1_level1_Iter0001.nii.gz
2DIAGNOSTIC,     1, -4.759574114022e-01, 1.797693134862e+308, 0.0000e+00, 0.0000e+00, 
*/mnt/lustre/mathdugre/fast-interpolate/datasets/ds004513/derivatives/flint/antsRegistration/r7-p21/sub-s014/Stage1_level1_Iter0002.nii.gz
2DIAGNOSTIC,     2, -4.771977536841e-01, 1.797693134862e+308, 0.0000e+00, 0.0000e+00, 
*/mnt/lustre/mathdugre/fast-interpolate/datasets/ds004513/derivatives/flint/antsRegistration/r7-p21/sub-s014/Stage1_level1_Iter0003.nii.gz
2DIAGNOSTIC,     3, -4.793768977957e-01, 1.797693134862e+308, 0.0000e+00, 0.0000e+00, 
*/mnt/lustre/mathdugre/fast-interpolate/datasets/ds004513/derivatives/flint/antsRegistration/r7-p21/sub-s014/Stage1_level1_Iter0004.nii.gz
2DIAGNOSTIC,     4, -4.826386282321e-01, 1.797693134862e+308, 0.0000e+00, 0.0000e+00, 
*/mnt/lustre/mathdugre/fast-interpolate/datasets/ds004513/derivatives/flint/antsRegistration/r7-p21/sub-s014/Stage1_level1_Iter0005.nii.gz
2DIAGNOSTIC,     5, -4.880108330525e-01, 1.797693134862e+308, 0.0000e+00, 0.0000e+00, 
*/mnt/lustre/mathdugre/fast-interpolate/datasets/ds004513/derivatives/flint/antsRegistration/r7-p21/sub-s014/Stage1_level1_Iter0006.nii.gz
2DIAGNOSTIC,     6, -4.959021875700e-01, 1.797693134862e+308, 0.0000e+00, 0.0000e+00, 
*/mnt/lustre/mathdugre/fast-interpolate/datasets/ds004513/derivatives/flint/antsRegistration/r7-p21/sub-s014/Stage1_level1_Iter0007.nii.gz
2DIAGNOSTIC,     7, -4.995534280531e-01, 1.797693134862e+308, 0.0000e+00, 0.0000e+00, 
*/mnt/lustre/mathdugre/fast-interpolate/datasets/ds004513/derivatives/flint/antsRegistration/r7-p21/sub-s014/Stage1_level1_Iter0008.nii.gz
2DIAGNOSTIC,     8, -5.010536638382e-01, 1.797693134862e+308, 0.0000e+00, 0.0000e+00, 
*/mnt/lustre/mathdugre/fast-interpolate/datasets/ds004513/derivatives/flint/antsRegistration/r7-p21/sub-s014/Stage1_level1_Iter0009.nii.gz
2DIAGNOSTIC,     9, -5.039967692499e-01, 1.797693134862e+308, 0.0000e+00, 0.0000e+00, 
*/mnt/lustre/mathdugre/fast-interpolate/datasets/ds004513/derivatives/flint/antsRegistration/r7-p21/sub-s014/Stage1_level1_Iter0010.nii.gz
2DIAGNOSTIC,    10, -5.064192008956e-01, 4.534959793091e-03, 0.0000e+00, 0.0000e+00, 
*/mnt/lustre/mathdugre/fast-interpolate/datasets/ds004513/derivatives/flint/antsRegistration/r7-p21/sub-s014/Stage1_level1_Iter0011.nii.gz
2DIAGNOSTIC,    11, -5.073034595742e-01, 3.959536552429e-03, 0.0000e+00, 0.0000e+00, 
*/mnt/lustre/mathdugre/fast-interpolate/datasets/ds004513/derivatives/flint/antsRegistration/r7-p21/sub-s014/Stage1_level1_Iter0012.nii.gz
2DIAGNOSTIC,    12, -5.077786403196e-01, 3.211677074432e-03, 0.0000e+00, 0.0000e+00, 
*/mnt/lustre/mathdugre/fast-interpolate/datasets/ds004513/derivatives/flint/antsRegistration/r7-p21/sub-s014/Stage1_level1_Iter0013.nii.gz
2DIAGNOSTIC,    13, -5.088662003362e-01, 2.440512180328e-03, 0.0000e+00, 0.0000e+00, 
*/mnt/lustre/mathdugre/fast-interpolate/datasets/ds004513/derivatives/flint/antsRegistration/r7-p21/sub-s014/Stage1_level1_Iter0014.nii.gz
2DIAGNOSTIC,    14, -5.126475625716e-01, 1.845628023148e-03, 0.0000e+00, 0.0000e+00, 
*/mnt/lustre/mathdugre/fast-interpolate/datasets/ds004513/derivatives/flint/antsRegistration/r7-p21/sub-s014/Stage1_level1_Iter0015.nii.gz
2DIAGNOSTIC,    15, -5.135964663583e-01, 1.393795013428e-03, 0.0000e+00, 0.0000e+00, 
*/mnt/lustre/mathdugre/fast-interpolate/datasets/ds004513/derivatives/flint/antsRegistration/r7-p21/sub-s014/Stage1_level1_Iter0016.nii.gz
2DIAGNOSTIC,    16, -5.139509769052e-01, 1.165688037872e-03, 0.0000e+00, 0.0000e+00, 
*/mnt/lustre/mathdugre/fast-interpolate/datasets/ds004513/derivatives/flint/antsRegistration/r7-p21/sub-s014/Stage1_level1_Iter0017.nii.gz
2DIAGNOSTIC,    17, -5.145772593243e-01, 1.004099845886e-03, 0.0000e+00, 0.0000e+00, 
*/mnt/lustre/mathdugre/fast-interpolate/datasets/ds004513/derivatives/flint/antsRegistration/r7-p21/sub-s014/Stage1_level1_Iter0018.nii.gz
2DIAGNOSTIC,    18, -5.149944735914e-01, 8.267015218735e-04, 0.0000e+00, 0.0000e+00, 
*/mnt/lustre/mathdugre/fast-interpolate/datasets/ds004513/derivatives/flint/antsRegistration/r7-p21/sub-s014/Stage1_level1_Iter0019.nii.gz
2DIAGNOSTIC,    19, -5.155371887615e-01, 6.925761699677e-04, 0.0000e+00, 0.0000e+00, 
*/mnt/lustre/mathdugre/fast-interpolate/datasets/ds004513/derivatives/flint/antsRegistration/r7-p21/sub-s014/Stage1_level1_Iter0020.nii.gz
2DIAGNOSTIC,    20, -5.191606705785e-01, 6.782263517380e-04, 0.0000e+00, 0.0000e+00, 
*/mnt/lustre/mathdugre/fast-interpolate/datasets/ds004513/derivatives/flint/antsRegistration/r7-p21/sub-s014/Stage1_level1_Iter0021.nii.gz
2DIAGNOSTIC,    21, -5.203650419914e-01, 6.573349237442e-04, 0.0000e+00, 0.0000e+00, 
*/mnt/lustre/mathdugre/fast-interpolate/datasets/ds004513/derivatives/flint/antsRegistration/r7-p21/sub-s014/Stage1_level1_Iter0022.nii.gz
2DIAGNOSTIC,    22, -5.240373570452e-01, 6.843507289886e-04, 0.0000e+00, 0.0000e+00, 
*/mnt/lustre/mathdugre/fast-interpolate/datasets/ds004513/derivatives/flint/antsRegistration/r7-p21/sub-s014/Stage1_level1_Iter0023.nii.gz
2DIAGNOSTIC,    23, -5.271361882280e-01, 7.442235946655e-04, 0.0000e+00, 0.0000e+00, 
*/mnt/lustre/mathdugre/fast-interpolate/datasets/ds004513/derivatives/flint/antsRegistration/r7-p21/sub-s014/Stage1_level1_Iter0024.nii.gz
2DIAGNOSTIC,    24, -5.302141306766e-01, 8.882582187653e-04, 0.0000e+00, 0.0000e+00, 
*/mnt/lustre/mathdugre/fast-interpolate/datasets/ds004513/derivatives/flint/antsRegistration/r7-p21/sub-s014/Stage1_level1_Iter0025.nii.gz
2DIAGNOSTIC,    25, -5.304974223431e-01, 9.635686874390e-04, 0.0000e+00, 0.0000e+00, 
*/mnt/lustre/mathdugre/fast-interpolate/datasets/ds004513/derivatives/flint/antsRegistration/r7-p21/sub-s014/Stage1_level1_Iter0026.nii.gz
2DIAGNOSTIC,    26, -5.310788460668e-01, 9.631365537643e-04, 0.0000e+00, 0.0000e+00, 
*/mnt/lustre/mathdugre/fast-interpolate/datasets/ds004513/derivatives/flint/antsRegistration/r7-p21/sub-s014/Stage1_level1_Iter0027.nii.gz
2DIAGNOSTIC,    27, -5.312739055448e-01, 8.895993232727e-04, 0.0000e+00, 0.0000e+00, 
*/mnt/lustre/mathdugre/fast-interpolate/datasets/ds004513/derivatives/flint/antsRegistration/r7-p21/sub-s014/Stage1_level1_Iter0028.nii.gz
2DIAGNOSTIC,    28, -5.315053058681e-01, 7.502734661102e-04, 0.0000e+00, 0.0000e+00, 
*/mnt/lustre/mathdugre/fast-interpolate/datasets/ds004513/derivatives/flint/antsRegistration/r7-p21/sub-s014/Stage1_level1_Iter0029.nii.gz
2DIAGNOSTIC,    29, -5.315778514887e-01, 5.604326725006e-04, 0.0000e+00, 0.0000e+00, 
*/mnt/lustre/mathdugre/fast-interpolate/datasets/ds004513/derivatives/flint/antsRegistration/r7-p21/sub-s014/Stage1_level1_Iter0030.nii.gz
2DIAGNOSTIC,    30, -5.315590815730e-01, 3.986209630966e-04, 0.0000e+00, 0.0000e+00, 
*/mnt/lustre/mathdugre/fast-interpolate/datasets/ds004513/derivatives/flint/antsRegistration/r7-p21/sub-s014/Stage1_level1_Iter0031.nii.gz
2DIAGNOSTIC,    31, -5.316916659497e-01, 2.336353063583e-04, 0.0000e+00, 0.0000e+00, 
*/mnt/lustre/mathdugre/fast-interpolate/datasets/ds004513/derivatives/flint/antsRegistration/r7-p21/sub-s014/Stage1_level1_Iter0032.nii.gz
2DIAGNOSTIC,    32, -5.319750669757e-01, 1.249313354492e-04, 0.0000e+00, 0.0000e+00, 
*/mnt/lustre/mathdugre/fast-interpolate/datasets/ds004513/derivatives/flint/antsRegistration/r7-p21/sub-s014/Stage1_level1_Iter0033.nii.gz
2DIAGNOSTIC,    33, -5.320891953126e-01, 6.383657455444e-05, 0.0000e+00, 0.0000e+00, 
*/mnt/lustre/mathdugre/fast-interpolate/datasets/ds004513/derivatives/flint/antsRegistration/r7-p21/sub-s014/Stage1_level1_Iter0034.nii.gz
2DIAGNOSTIC,    34, -5.327992880746e-01, 6.219744682312e-05, 0.0000e+00, 0.0000e+00, 
*/mnt/lustre/mathdugre/fast-interpolate/datasets/ds004513/derivatives/flint/antsRegistration/r7-p21/sub-s014/Stage1_level1_Iter0035.nii.gz
2DIAGNOSTIC,    35, -5.337313291616e-01, 7.362663745880e-05, 0.0000e+00, 0.0000e+00, 
*/mnt/lustre/mathdugre/fast-interpolate/datasets/ds004513/derivatives/flint/antsRegistration/r7-p21/sub-s014/Stage1_level1_Iter0036.nii.gz
2DIAGNOSTIC,    36, -5.346719533488e-01, 1.005455851555e-04, 0.0000e+00, 0.0000e+00, 
*/mnt/lustre/mathdugre/fast-interpolate/datasets/ds004513/derivatives/flint/antsRegistration/r7-p21/sub-s014/Stage1_level1_Iter0037.nii.gz
2DIAGNOSTIC,    37, -5.349245674193e-01, 1.229122281075e-04, 0.0000e+00, 0.0000e+00, 
*/mnt/lustre/mathdugre/fast-interpolate/datasets/ds004513/derivatives/flint/antsRegistration/r7-p21/sub-s014/Stage1_level1_Iter0038.nii.gz
2DIAGNOSTIC,    38, -5.351444205176e-01, 1.391693949699e-04, 0.0000e+00, 0.0000e+00, 
*/mnt/lustre/mathdugre/fast-interpolate/datasets/ds004513/derivatives/flint/antsRegistration/r7-p21/sub-s014/Stage1_level1_Iter0039.nii.gz
2DIAGNOSTIC,    39, -5.355722903351e-01, 1.485273241997e-04, 0.0000e+00, 0.0000e+00, 
*/mnt/lustre/mathdugre/fast-interpolate/datasets/ds004513/derivatives/flint/antsRegistration/r7-p21/sub-s014/Stage1_level1_Iter0040.nii.gz
2DIAGNOSTIC,    40, -5.359452779134e-01, 1.478344202042e-04, 0.0000e+00, 0.0000e+00, 
*/mnt/lustre/mathdugre/fast-interpolate/datasets/ds004513/derivatives/flint/antsRegistration/r7-p21/sub-s014/Stage1_level1_Iter0041.nii.gz
2DIAGNOSTIC,    41, -5.361434810498e-01, 1.373440027237e-04, 0.0000e+00, 0.0000e+00, 
*/mnt/lustre/mathdugre/fast-interpolate/datasets/ds004513/derivatives/flint/antsRegistration/r7-p21/sub-s014/Stage1_level1_Iter0042.nii.gz
2DIAGNOSTIC,    42, -5.362230124474e-01, 1.193210482597e-04, 0.0000e+00, 0.0000e+00, 
*/mnt/lustre/mathdugre/fast-interpolate/datasets/ds004513/derivatives/flint/antsRegistration/r7-p21/sub-s014/Stage1_level1_Iter0043.nii.gz
2DIAGNOSTIC,    43, -5.364981024033e-01, 9.587407112122e-05, 0.0000e+00, 0.0000e+00, 
*/mnt/lustre/mathdugre/fast-interpolate/datasets/ds004513/derivatives/flint/antsRegistration/r7-p21/sub-s014/Stage1_level1_Iter0044.nii.gz
2DIAGNOSTIC,    44, -5.366604533811e-01, 7.505714893341e-05, 0.0000e+00, 0.0000e+00, 
*/mnt/lustre/mathdugre/fast-interpolate/datasets/ds004513/derivatives/flint/antsRegistration/r7-p21/sub-s014/Stage1_level1_Iter0045.nii.gz
2DIAGNOSTIC,    45, -5.367863465319e-01, 6.058067083359e-05, 0.0000e+00, 0.0000e+00, 
*/mnt/lustre/mathdugre/fast-interpolate/datasets/ds004513/derivatives/flint/antsRegistration/r7-p21/sub-s014/Stage1_level1_Iter0046.nii.gz
2DIAGNOSTIC,    46, -5.370145331965e-01, 5.496293306351e-05, 0.0000e+00, 0.0000e+00, 
*/mnt/lustre/mathdugre/fast-interpolate/datasets/ds004513/derivatives/flint/antsRegistration/r7-p21/sub-s014/Stage1_level1_Iter0047.nii.gz
2DIAGNOSTIC,    47, -5.385976184047e-01, 6.575137376785e-05, 0.0000e+00, 0.0000e+00, 
*/mnt/lustre/mathdugre/fast-interpolate/datasets/ds004513/derivatives/flint/antsRegistration/r7-p21/sub-s014/Stage1_level1_Iter0048.nii.gz
2DIAGNOSTIC,    48, -5.391956365038e-01, 7.857382297516e-05, 0.0000e+00, 0.0000e+00, 
*/mnt/lustre/mathdugre/fast-interpolate/datasets/ds004513/derivatives/flint/antsRegistration/r7-p21/sub-s014/Stage1_level1_Iter0049.nii.gz
2DIAGNOSTIC,    49, -5.392259286960e-01, 8.845329284668e-05, 0.0000e+00, 0.0000e+00, 
*/mnt/lustre/mathdugre/fast-interpolate/datasets/ds004513/derivatives/flint/antsRegistration/r7-p21/sub-s014/Stage1_level1_Iter0050.nii.gz
2DIAGNOSTIC,    50, -5.392472581699e-01, 9.409338235855e-05, 0.0000e+00, 0.0000e+00, 
*/mnt/lustre/mathdugre/fast-interpolate/datasets/ds004513/derivatives/flint/antsRegistration/r7-p21/sub-s014/Stage1_level1_Iter0051.nii.gz
2DIAGNOSTIC,    51, -5.392520935921e-01, 9.278953075409e-05, 0.0000e+00, 0.0000e+00, 
*/mnt/lustre/mathdugre/fast-interpolate/datasets/ds004513/derivatives/flint/antsRegistration/r7-p21/sub-s014/Stage1_level1_Iter0052.nii.gz
2DIAGNOSTIC,    52, -5.392648170171e-01, 8.330494165421e-05, 0.0000e+00, 0.0000e+00, 
*/mnt/lustre/mathdugre/fast-interpolate/datasets/ds004513/derivatives/flint/antsRegistration/r7-p21/sub-s014/Stage1_level1_Iter0053.nii.gz
2DIAGNOSTIC,    53, -5.390537656014e-01, 6.676465272903e-05, 0.0000e+00, 0.0000e+00, 
*/mnt/lustre/mathdugre/fast-interpolate/datasets/ds004513/derivatives/flint/antsRegistration/r7-p21/sub-s014/Stage1_level1_Iter0054.nii.gz
2DIAGNOSTIC,    54, -5.391518903874e-01, 4.743784666061e-05, 0.0000e+00, 0.0000e+00, 
*/mnt/lustre/mathdugre/fast-interpolate/datasets/ds004513/derivatives/flint/antsRegistration/r7-p21/sub-s014/Stage1_level1_Iter0055.nii.gz
2DIAGNOSTIC,    55, -5.391623961773e-01, 2.583116292953e-05, 0.0000e+00, 0.0000e+00, 
*/mnt/lustre/mathdugre/fast-interpolate/datasets/ds004513/derivatives/flint/antsRegistration/r7-p21/sub-s014/Stage1_level1_Iter0056.nii.gz
2DIAGNOSTIC,    56, -5.390955050269e-01, 3.777444362640e-06, 0.0000e+00, 0.0000e+00, 
DIAGNOSTIC,Iteration,metricValue,convergenceValue,ITERATION_TIME_INDEX,SINCE_LAST
*/mnt/lustre/mathdugre/fast-interpolate/datasets/ds004513/derivatives/flint/antsRegistration/r7-p21/sub-s014/Stage1_level2_Iter0001.nii.gz
2DIAGNOSTIC,     1, -4.408496638031e-01, 1.797693134862e+308, 0.0000e+00, 0.0000e+00, 
*/mnt/lustre/mathdugre/fast-interpolate/datasets/ds004513/derivatives/flint/antsRegistration/r7-p21/sub-s014/Stage1_level2_Iter0002.nii.gz
2DIAGNOSTIC,     2, -4.411270500925e-01, 1.797693134862e+308, 0.0000e+00, 0.0000e+00, 
*/mnt/lustre/mathdugre/fast-interpolate/datasets/ds004513/derivatives/flint/antsRegistration/r7-p21/sub-s014/Stage1_level2_Iter0003.nii.gz
2DIAGNOSTIC,     3, -4.414747913025e-01, 1.797693134862e+308, 0.0000e+00, 0.0000e+00, 
*/mnt/lustre/mathdugre/fast-interpolate/datasets/ds004513/derivatives/flint/antsRegistration/r7-p21/sub-s014/Stage1_level2_Iter0004.nii.gz
2DIAGNOSTIC,     4, -4.417960849435e-01, 1.797693134862e+308, 0.0000e+00, 0.0000e+00, 
*/mnt/lustre/mathdugre/fast-interpolate/datasets/ds004513/derivatives/flint/antsRegistration/r7-p21/sub-s014/Stage1_level2_Iter0005.nii.gz
2DIAGNOSTIC,     5, -4.422618791401e-01, 1.797693134862e+308, 0.0000e+00, 0.0000e+00, 
*/mnt/lustre/mathdugre/fast-interpolate/datasets/ds004513/derivatives/flint/antsRegistration/r7-p21/sub-s014/Stage1_level2_Iter0006.nii.gz
2DIAGNOSTIC,     6, -4.430294753013e-01, 1.797693134862e+308, 0.0000e+00, 0.0000e+00, 
*/mnt/lustre/mathdugre/fast-interpolate/datasets/ds004513/derivatives/flint/antsRegistration/r7-p21/sub-s014/Stage1_level2_Iter0007.nii.gz
2DIAGNOSTIC,     7, -4.430727324181e-01, 1.797693134862e+308, 0.0000e+00, 0.0000e+00, 
*/mnt/lustre/mathdugre/fast-interpolate/datasets/ds004513/derivatives/flint/antsRegistration/r7-p21/sub-s014/Stage1_level2_Iter0008.nii.gz
2DIAGNOSTIC,     8, -4.431955041284e-01, 1.797693134862e+308, 0.0000e+00, 0.0000e+00, 
*/mnt/lustre/mathdugre/fast-interpolate/datasets/ds004513/derivatives/flint/antsRegistration/r7-p21/sub-s014/Stage1_level2_Iter0009.nii.gz
2DIAGNOSTIC,     9, -4.433559823098e-01, 1.797693134862e+308, 0.0000e+00, 0.0000e+00, 
*/mnt/lustre/mathdugre/fast-interpolate/datasets/ds004513/derivatives/flint/antsRegistration/r7-p21/sub-s014/Stage1_level2_Iter0010.nii.gz
2DIAGNOSTIC,    10, -4.433900344854e-01, 4.155933856964e-04, 0.0000e+00, 0.0000e+00, 
*/mnt/lustre/mathdugre/fast-interpolate/datasets/ds004513/derivatives/flint/antsRegistration/r7-p21/sub-s014/Stage1_level2_Iter0011.nii.gz
2DIAGNOSTIC,    11, -4.434480122664e-01, 3.259479999542e-04, 0.0000e+00, 0.0000e+00, 
*/mnt/lustre/mathdugre/fast-interpolate/datasets/ds004513/derivatives/flint/antsRegistration/r7-p21/sub-s014/Stage1_level2_Iter0012.nii.gz
2DIAGNOSTIC,    12, -4.435562735876e-01, 2.429485321045e-04, 0.0000e+00, 0.0000e+00, 
*/mnt/lustre/mathdugre/fast-interpolate/datasets/ds004513/derivatives/flint/antsRegistration/r7-p21/sub-s014/Stage1_level2_Iter0013.nii.gz
2DIAGNOSTIC,    13, -4.438688983594e-01, 1.837909221649e-04, 0.0000e+00, 0.0000e+00, 
*/mnt/lustre/mathdugre/fast-interpolate/datasets/ds004513/derivatives/flint/antsRegistration/r7-p21/sub-s014/Stage1_level2_Iter0014.nii.gz
2DIAGNOSTIC,    14, -4.442578624505e-01, 1.486241817474e-04, 0.0000e+00, 0.0000e+00, 
*/mnt/lustre/mathdugre/fast-interpolate/datasets/ds004513/derivatives/flint/antsRegistration/r7-p21/sub-s014/Stage1_level2_Iter0015.nii.gz
2DIAGNOSTIC,    15, -4.455441419821e-01, 1.785755157471e-04, 0.0000e+00, 0.0000e+00, 
*/mnt/lustre/mathdugre/fast-interpolate/datasets/ds004513/derivatives/flint/antsRegistration/r7-p21/sub-s014/Stage1_level2_Iter0016.nii.gz
2DIAGNOSTIC,    16, -4.456021401078e-01, 2.207159996033e-04, 0.0000e+00, 0.0000e+00, 
*/mnt/lustre/mathdugre/fast-interpolate/datasets/ds004513/derivatives/flint/antsRegistration/r7-p21/sub-s014/Stage1_level2_Iter0017.nii.gz
2DIAGNOSTIC,    17, -4.456951067756e-01, 2.434104681015e-04, 0.0000e+00, 0.0000e+00, 
*/mnt/lustre/mathdugre/fast-interpolate/datasets/ds004513/derivatives/flint/antsRegistration/r7-p21/sub-s014/Stage1_level2_Iter0018.nii.gz
2DIAGNOSTIC,    18, -4.457745444833e-01, 2.487897872925e-04, 0.0000e+00, 0.0000e+00, 
*/mnt/lustre/mathdugre/fast-interpolate/datasets/ds004513/derivatives/flint/antsRegistration/r7-p21/sub-s014/Stage1_level2_Iter0019.nii.gz
2DIAGNOSTIC,    19, -4.457895697320e-01, 2.362728118896e-04, 0.0000e+00, 0.0000e+00, 
*/mnt/lustre/mathdugre/fast-interpolate/datasets/ds004513/derivatives/flint/antsRegistration/r7-p21/sub-s014/Stage1_level2_Iter0020.nii.gz
2DIAGNOSTIC,    20, -4.459589230963e-01, 2.091526985168e-04, 0.0000e+00, 0.0000e+00, 
*/mnt/lustre/mathdugre/fast-interpolate/datasets/ds004513/derivatives/flint/antsRegistration/r7-p21/sub-s014/Stage1_level2_Iter0021.nii.gz
2DIAGNOSTIC,    21, -4.463762365579e-01, 1.797676086426e-04, 0.0000e+00, 0.0000e+00, 
*/mnt/lustre/mathdugre/fast-interpolate/datasets/ds004513/derivatives/flint/antsRegistration/r7-p21/sub-s014/Stage1_level2_Iter0022.nii.gz
2DIAGNOSTIC,    22, -4.465302211327e-01, 1.441538333893e-04, 0.0000e+00, 0.0000e+00, 
*/mnt/lustre/mathdugre/fast-interpolate/datasets/ds004513/derivatives/flint/antsRegistration/r7-p21/sub-s014/Stage1_level2_Iter0023.nii.gz
2DIAGNOSTIC,    23, -4.465420674242e-01, 1.075416803360e-04, 0.0000e+00, 0.0000e+00, 
*/mnt/lustre/mathdugre/fast-interpolate/datasets/ds004513/derivatives/flint/antsRegistration/r7-p21/sub-s014/Stage1_level2_Iter0024.nii.gz
2DIAGNOSTIC,    24, -4.465336559626e-01, 7.347762584686e-05, 0.0000e+00, 0.0000e+00, 
*/mnt/lustre/mathdugre/fast-interpolate/datasets/ds004513/derivatives/flint/antsRegistration/r7-p21/sub-s014/Stage1_level2_Iter0025.nii.gz
2DIAGNOSTIC,    25, -4.465369056023e-01, 6.833672523499e-05, 0.0000e+00, 0.0000e+00, 
*/mnt/lustre/mathdugre/fast-interpolate/datasets/ds004513/derivatives/flint/antsRegistration/r7-p21/sub-s014/Stage1_level2_Iter0026.nii.gz
2DIAGNOSTIC,    26, -4.465570325842e-01, 5.897879600525e-05, 0.0000e+00, 0.0000e+00, 
*/mnt/lustre/mathdugre/fast-interpolate/datasets/ds004513/derivatives/flint/antsRegistration/r7-p21/sub-s014/Stage1_level2_Iter0027.nii.gz
2DIAGNOSTIC,    27, -4.466066835644e-01, 4.819035530090e-05, 0.0000e+00, 0.0000e+00, 
*/mnt/lustre/mathdugre/fast-interpolate/datasets/ds004513/derivatives/flint/antsRegistration/r7-p21/sub-s014/Stage1_level2_Iter0028.nii.gz
2DIAGNOSTIC,    28, -4.466059701105e-01, 3.564357757568e-05, 0.0000e+00, 0.0000e+00, 
*/mnt/lustre/mathdugre/fast-interpolate/datasets/ds004513/derivatives/flint/antsRegistration/r7-p21/sub-s014/Stage1_level2_Iter0029.nii.gz
2DIAGNOSTIC,    29, -4.466679539079e-01, 2.248585224152e-05, 0.0000e+00, 0.0000e+00, 
*/mnt/lustre/mathdugre/fast-interpolate/datasets/ds004513/derivatives/flint/antsRegistration/r7-p21/sub-s014/Stage1_level2_Iter0030.nii.gz
2DIAGNOSTIC,    30, -4.467126318632e-01, 1.253187656403e-05, 0.0000e+00, 0.0000e+00, 
*/mnt/lustre/mathdugre/fast-interpolate/datasets/ds004513/derivatives/flint/antsRegistration/r7-p21/sub-s014/Stage1_level2_Iter0031.nii.gz
2DIAGNOSTIC,    31, -4.467164167521e-01, 1.071393489838e-05, 0.0000e+00, 0.0000e+00, 
*/mnt/lustre/mathdugre/fast-interpolate/datasets/ds004513/derivatives/flint/antsRegistration/r7-p21/sub-s014/Stage1_level2_Iter0032.nii.gz
2DIAGNOSTIC,    32, -4.467207241883e-01, 1.123547554016e-05, 0.0000e+00, 0.0000e+00, 
*/mnt/lustre/mathdugre/fast-interpolate/datasets/ds004513/derivatives/flint/antsRegistration/r7-p21/sub-s014/Stage1_level2_Iter0033.nii.gz
2DIAGNOSTIC,    33, -4.467312329723e-01, 1.122057437897e-05, 0.0000e+00, 0.0000e+00, 
*/mnt/lustre/mathdugre/fast-interpolate/datasets/ds004513/derivatives/flint/antsRegistration/r7-p21/sub-s014/Stage1_level2_Iter0034.nii.gz
2DIAGNOSTIC,    34, -4.467351228469e-01, 1.013278961182e-05, 0.0000e+00, 0.0000e+00, 
*/mnt/lustre/mathdugre/fast-interpolate/datasets/ds004513/derivatives/flint/antsRegistration/r7-p21/sub-s014/Stage1_level2_Iter0035.nii.gz
2DIAGNOSTIC,    35, -4.467284782539e-01, 8.150935173035e-06, 0.0000e+00, 0.0000e+00, 
*/mnt/lustre/mathdugre/fast-interpolate/datasets/ds004513/derivatives/flint/antsRegistration/r7-p21/sub-s014/Stage1_level2_Iter0036.nii.gz
2DIAGNOSTIC,    36, -4.467479145155e-01, 6.288290023804e-06, 0.0000e+00, 0.0000e+00, 
*/mnt/lustre/mathdugre/fast-interpolate/datasets/ds004513/derivatives/flint/antsRegistration/r7-p21/sub-s014/Stage1_level2_Iter0037.nii.gz
2DIAGNOSTIC,    37, -4.467323814316e-01, 4.619359970093e-06, 0.0000e+00, 0.0000e+00, 
*/mnt/lustre/mathdugre/fast-interpolate/datasets/ds004513/derivatives/flint/antsRegistration/r7-p21/sub-s014/Stage1_level2_Iter0038.nii.gz
2DIAGNOSTIC,    38, -4.467870222950e-01, 3.583729267120e-06, 0.0000e+00, 0.0000e+00, 
*/mnt/lustre/mathdugre/fast-interpolate/datasets/ds004513/derivatives/flint/antsRegistration/r7-p21/sub-s014/Stage1_level2_Iter0039.nii.gz
2DIAGNOSTIC,    39, -4.467838480735e-01, 3.226101398468e-06, 0.0000e+00, 0.0000e+00, 
*/mnt/lustre/mathdugre/fast-interpolate/datasets/ds004513/derivatives/flint/antsRegistration/r7-p21/sub-s014/Stage1_level2_Iter0040.nii.gz
2DIAGNOSTIC,    40, -4.468213532393e-01, 4.015862941742e-06, 0.0000e+00, 0.0000e+00, 
*/mnt/lustre/mathdugre/fast-interpolate/datasets/ds004513/derivatives/flint/antsRegistration/r7-p21/sub-s014/Stage1_level2_Iter0041.nii.gz
2DIAGNOSTIC,    41, -4.468271956220e-01, 4.582107067108e-06, 0.0000e+00, 0.0000e+00, 
*/mnt/lustre/mathdugre/fast-interpolate/datasets/ds004513/derivatives/flint/antsRegistration/r7-p21/sub-s014/Stage1_level2_Iter0042.nii.gz
2DIAGNOSTIC,    42, -4.468226980923e-01, 4.760921001434e-06, 0.0000e+00, 0.0000e+00, 
*/mnt/lustre/mathdugre/fast-interpolate/datasets/ds004513/derivatives/flint/antsRegistration/r7-p21/sub-s014/Stage1_level2_Iter0043.nii.gz
2DIAGNOSTIC,    43, -4.468186401676e-01, 4.641711711884e-06, 0.0000e+00, 0.0000e+00, 
*/mnt/lustre/mathdugre/fast-interpolate/datasets/ds004513/derivatives/flint/antsRegistration/r7-p21/sub-s014/Stage1_level2_Iter0044.nii.gz
2DIAGNOSTIC,    44, -4.468193793528e-01, 4.217028617859e-06, 0.0000e+00, 0.0000e+00, 
*/mnt/lustre/mathdugre/fast-interpolate/datasets/ds004513/derivatives/flint/antsRegistration/r7-p21/sub-s014/Stage1_level2_Iter0045.nii.gz
2DIAGNOSTIC,    45, -4.468056285008e-01, 3.203749656677e-06, 0.0000e+00, 0.0000e+00, 
*/mnt/lustre/mathdugre/fast-interpolate/datasets/ds004513/derivatives/flint/antsRegistration/r7-p21/sub-s014/Stage1_level2_Iter0046.nii.gz
2DIAGNOSTIC,    46, -4.468058982690e-01, 2.250075340271e-06, 0.0000e+00, 0.0000e+00, 
DIAGNOSTIC,Iteration,metricValue,convergenceValue,ITERATION_TIME_INDEX,SINCE_LAST
*/mnt/lustre/mathdugre/fast-interpolate/datasets/ds004513/derivatives/flint/antsRegistration/r7-p21/sub-s014/Stage1_level3_Iter0001.nii.gz
2DIAGNOSTIC,     1, -3.916305908823e-01, 1.797693134862e+308, 0.0000e+00, 0.0000e+00, 
*/mnt/lustre/mathdugre/fast-interpolate/datasets/ds004513/derivatives/flint/antsRegistration/r7-p21/sub-s014/Stage1_level3_Iter0002.nii.gz
2DIAGNOSTIC,     2, -3.917466856302e-01, 1.797693134862e+308, 0.0000e+00, 0.0000e+00, 
*/mnt/lustre/mathdugre/fast-interpolate/datasets/ds004513/derivatives/flint/antsRegistration/r7-p21/sub-s014/Stage1_level3_Iter0003.nii.gz
2DIAGNOSTIC,     3, -3.918606406802e-01, 1.797693134862e+308, 0.0000e+00, 0.0000e+00, 
*/mnt/lustre/mathdugre/fast-interpolate/datasets/ds004513/derivatives/flint/antsRegistration/r7-p21/sub-s014/Stage1_level3_Iter0004.nii.gz
2DIAGNOSTIC,     4, -3.919410573221e-01, 1.797693134862e+308, 0.0000e+00, 0.0000e+00, 
*/mnt/lustre/mathdugre/fast-interpolate/datasets/ds004513/derivatives/flint/antsRegistration/r7-p21/sub-s014/Stage1_level3_Iter0005.nii.gz
2DIAGNOSTIC,     5, -3.919632025542e-01, 1.797693134862e+308, 0.0000e+00, 0.0000e+00, 
*/mnt/lustre/mathdugre/fast-interpolate/datasets/ds004513/derivatives/flint/antsRegistration/r7-p21/sub-s014/Stage1_level3_Iter0006.nii.gz
2DIAGNOSTIC,     6, -3.919624287016e-01, 1.797693134862e+308, 0.0000e+00, 0.0000e+00, 
*/mnt/lustre/mathdugre/fast-interpolate/datasets/ds004513/derivatives/flint/antsRegistration/r7-p21/sub-s014/Stage1_level3_Iter0007.nii.gz
2DIAGNOSTIC,     7, -3.919632723926e-01, 1.797693134862e+308, 0.0000e+00, 0.0000e+00, 
*/mnt/lustre/mathdugre/fast-interpolate/datasets/ds004513/derivatives/flint/antsRegistration/r7-p21/sub-s014/Stage1_level3_Iter0008.nii.gz
2DIAGNOSTIC,     8, -3.919610729787e-01, 1.797693134862e+308, 0.0000e+00, 0.0000e+00, 
*/mnt/lustre/mathdugre/fast-interpolate/datasets/ds004513/derivatives/flint/antsRegistration/r7-p21/sub-s014/Stage1_level3_Iter0009.nii.gz
2DIAGNOSTIC,     9, -3.919618236013e-01, 1.797693134862e+308, 0.0000e+00, 0.0000e+00, 
*/mnt/lustre/mathdugre/fast-interpolate/datasets/ds004513/derivatives/flint/antsRegistration/r7-p21/sub-s014/Stage1_level3_Iter0010.nii.gz
2DIAGNOSTIC,    10, -3.919646325584e-01, 4.687905311584e-05, 0.0000e+00, 0.0000e+00, 
*/mnt/lustre/mathdugre/fast-interpolate/datasets/ds004513/derivatives/flint/antsRegistration/r7-p21/sub-s014/Stage1_level3_Iter0011.nii.gz
2DIAGNOSTIC,    11, -3.919649179359e-01, 2.416968345642e-05, 0.0000e+00, 0.0000e+00, 
*/mnt/lustre/mathdugre/fast-interpolate/datasets/ds004513/derivatives/flint/antsRegistration/r7-p21/sub-s014/Stage1_level3_Iter0012.nii.gz
2DIAGNOSTIC,    12, -3.919636757143e-01, 1.013278961182e-05, 0.0000e+00, 0.0000e+00, 
*/mnt/lustre/mathdugre/fast-interpolate/datasets/ds004513/derivatives/flint/antsRegistration/r7-p21/sub-s014/Stage1_level3_Iter0013.nii.gz
2DIAGNOSTIC,    13, -3.919672261762e-01, 4.082918167114e-06, 0.0000e+00, 0.0000e+00, 
*/mnt/lustre/mathdugre/fast-interpolate/datasets/ds004513/derivatives/flint/antsRegistration/r7-p21/sub-s014/Stage1_level3_Iter0014.nii.gz
2DIAGNOSTIC,    14, -3.919752616709e-01, 3.248453140259e-06, 0.0000e+00, 0.0000e+00, 
*/mnt/lustre/mathdugre/fast-interpolate/datasets/ds004513/derivatives/flint/antsRegistration/r7-p21/sub-s014/Stage1_level3_Iter0015.nii.gz
2DIAGNOSTIC,    15, -3.919884672492e-01, 4.172325134277e-06, 0.0000e+00, 0.0000e+00, 
*/mnt/lustre/mathdugre/fast-interpolate/datasets/ds004513/derivatives/flint/antsRegistration/r7-p21/sub-s014/Stage1_level3_Iter0016.nii.gz
2DIAGNOSTIC,    16, -3.920170091022e-01, 5.990266799927e-06, 0.0000e+00, 0.0000e+00, 
