
##########################
# Experiment information #
##########################

EXPERIMENT_NAME: r7-p22
VFC_BACKENDS: libinterflop_vprec.so --range-binary32=7 --precision-binary32=22 --range-binary64=7 --precision-binary64=22

SIF_IMG: /mnt/lustre/mathdugre/containers/ants-vprec-no_metric.simg

SUBJECT_ID: s017
INPUT_IMG: /mnt/lustre/mathdugre/fast-interpolate/datasets/ds004513/derivatives/flint/antsBrainExtraction/sub-s017/BrainExtractionBrain.nii.gz
OUTPUT_DIR: /mnt/lustre/mathdugre/fast-interpolate/datasets/ds004513/derivatives/flint/antsRegistration/r7-p22/sub-s017

FIXED_IMG: /templateflow/tpl-MNI152NLin2009cAsym/tpl-MNI152NLin2009cAsym_res-01_desc-brain_T1w.nii.gz
DATA_DIR: /mnt/lustre/mathdugre/fast-interpolate/datasets/ds004513
TEMPLATEFLOW_DIR: /home/mathdugre/.cache/templateflow
ITK_GLOBAL_DEFAULT_NUMBER_OF_THREADS: 4
##########################

Info [verificarlo]: loaded backend libinterflop_vprec.so
Info [interflop-vprec]: load backend with: 
Info [interflop-vprec]: precision-binary32 = 22
Info [interflop-vprec]: range-binary32 = 7
Info [interflop-vprec]: precision-binary64 = 22
Info [interflop-vprec]: range-binary64 = 7
Info [interflop-vprec]: mode = ob
Info [interflop-vprec]: error-mode = rel
Info [interflop-vprec]: max-abs-error-exponent = -1022
Info [interflop-vprec]: daz = false
Info [interflop-vprec]: ftz = false
Info [interflop-vprec]: 	instrument = none
Info [interflop-vprec]: 	prec-input-file = (null)
Info [interflop-vprec]: 	prec-output-file = (null)
Info [interflop-vprec]: 	prec-log-file = (null)
All_Command_lines_OK
Using double precision for computations.
=============================================================================
The composite transform comprises the following transforms (in order): 
  1. Center of mass alignment using fixed image: /templateflow/tpl-MNI152NLin2009cAsym/tpl-MNI152NLin2009cAsym_res-01_desc-brain_T1w.nii.gz and moving image: /mnt/lustre/mathdugre/fast-interpolate/datasets/ds004513/derivatives/flint/antsBrainExtraction/sub-s017/BrainExtractionBrain.nii.gz (type = Euler3DTransform)
=============================================================================
  number of levels = 4
  number of levels = 4
  number of levels = 4
  fixed image: /templateflow/tpl-MNI152NLin2009cAsym/tpl-MNI152NLin2009cAsym_res-01_desc-brain_T1w.nii.gz
  moving image: /mnt/lustre/mathdugre/fast-interpolate/datasets/ds004513/derivatives/flint/antsBrainExtraction/sub-s017/BrainExtractionBrain.nii.gz
  fixed image: /templateflow/tpl-MNI152NLin2009cAsym/tpl-MNI152NLin2009cAsym_res-01_desc-brain_T1w.nii.gz
  moving image: /mnt/lustre/mathdugre/fast-interpolate/datasets/ds004513/derivatives/flint/antsBrainExtraction/sub-s017/BrainExtractionBrain.nii.gz
  fixed image: /templateflow/tpl-MNI152NLin2009cAsym/tpl-MNI152NLin2009cAsym_res-01_desc-brain_T1w.nii.gz
  moving image: /mnt/lustre/mathdugre/fast-interpolate/datasets/ds004513/derivatives/flint/antsBrainExtraction/sub-s017/BrainExtractionBrain.nii.gz
Dimension = 3
Number of stages = 3
Use histogram matching = false
Winsorize image intensities = true
  Lower quantile = 0.005
  Upper quantile = 0.995


Stage 1 State
   Image metric = MattesMI
     Fixed image = Image (0x34efb30)
  RTTI typeinfo:   itk::Image<double, 3u>
  Reference Count: 2
  Modified Time: 2389
  Debug: Off
  Object Name: 
  Observers: 
    none
  Source: (none)
  Source output name: (none)
  Release Data: Off
  Data Released: False
  Global Release Data: Off
  PipelineMTime: 0
  UpdateMTime: 1998
  RealTimeStamp: 0 seconds 
  LargestPossibleRegion: 
    Dimension: 3
    Index: [0, 0, 0]
    Size: [193, 229, 193]
  BufferedRegion: 
    Dimension: 3
    Index: [0, 0, 0]
    Size: [193, 229, 193]
  RequestedRegion: 
    Dimension: 3
    Index: [0, 0, 0]
    Size: [193, 229, 193]
  Spacing: [1, 1, 1]
  Origin: [96, 132, -78]
  Direction: 
-1 0 0
0 -1 0
0 0 1

  IndexToPointMatrix: 
-1 0 0
0 -1 0
0 0 1

  PointToIndexMatrix: 
-1 0 0
0 -1 0
0 0 1

  Inverse Direction: 
-1 0 0
0 -1 0
0 0 1

  PixelContainer: 
    ImportImageContainer (0x35176b0)
      RTTI typeinfo:   itk::ImportImageContainer<unsigned long, double>
      Reference Count: 1
      Modified Time: 1995
      Debug: Off
      Object Name: 
      Observers: 
        none
      Pointer: 0x7fe71ad65010
      Container manages memory: true
      Size: 8530021
      Capacity: 8530021

     Moving image = Image (0x34eb400)
  RTTI typeinfo:   itk::Image<double, 3u>
  Reference Count: 2
  Modified Time: 2390
  Debug: Off
  Object Name: 
  Observers: 
    none
  Source: (none)
  Source output name: (none)
  Release Data: Off
  Data Released: False
  Global Release Data: Off
  PipelineMTime: 0
  UpdateMTime: 2387
  RealTimeStamp: 0 seconds 
  LargestPossibleRegion: 
    Dimension: 3
    Index: [0, 0, 0]
    Size: [160, 240, 256]
  BufferedRegion: 
    Dimension: 3
    Index: [0, 0, 0]
    Size: [160, 240, 256]
  RequestedRegion: 
    Dimension: 3
    Index: [0, 0, 0]
    Size: [160, 240, 256]
  Spacing: [1, 1, 1]
  Origin: [91.3357, 102.231, -120.042]
  Direction: 
-0.997442 -5.36781e-05 -0.0714818
5.35416e-05 -1 3.82465e-06
-0.0714818 -1.23894e-08 0.997442

  IndexToPointMatrix: 
-0.997444 -5.36781e-05 -0.0714818
5.35417e-05 -1 3.82465e-06
-0.0714819 -1.23894e-08 0.997442

  PointToIndexMatrix: 
-0.99744 5.35415e-05 -0.0714816
-5.3678e-05 -1 -1.36206e-08
-0.0714818 3.82343e-06 0.997442

  Inverse Direction: 
-0.997442 5.35417e-05 -0.0714818
-5.36781e-05 -1 -1.239e-08
-0.0714818 3.82465e-06 0.997442

  PixelContainer: 
    ImportImageContainer (0x36bf6d0)
      RTTI typeinfo:   itk::ImportImageContainer<unsigned long, double>
      Reference Count: 1
      Modified Time: 2384
      Debug: Off
      Object Name: 
      Observers: 
        none
      Pointer: 0x7fe716264010
      Container manages memory: true
      Size: 9830400
      Capacity: 9830400

     Weighting = 1
     Sampling strategy = regular
     Number of bins = 32
     Radius = 4
     Sampling percentage  = 0.25
   Transform = Rigid
     Gradient step = 0.1
     Update field sigma (voxel space) = 0
     Total field sigma (voxel space) = 0
     Update field time sigma = 0
     Total field time sigma  = 0
     Number of time indices = 0
     Number of time point samples = 0
Stage 2 State
   Image metric = MattesMI
     Fixed image = Image (0x350bd50)
  RTTI typeinfo:   itk::Image<double, 3u>
  Reference Count: 2
  Modified Time: 3167
  Debug: Off
  Object Name: 
  Observers: 
    none
  Source: (none)
  Source output name: (none)
  Release Data: Off
  Data Released: False
  Global Release Data: Off
  PipelineMTime: 0
  UpdateMTime: 2776
  RealTimeStamp: 0 seconds 
  LargestPossibleRegion: 
    Dimension: 3
    Index: [0, 0, 0]
    Size: [193, 229, 193]
  BufferedRegion: 
    Dimension: 3
    Index: [0, 0, 0]
    Size: [193, 229, 193]
  RequestedRegion: 
    Dimension: 3
    Index: [0, 0, 0]
    Size: [193, 229, 193]
  Spacing: [1, 1, 1]
  Origin: [96, 132, -78]
  Direction: 
-1 0 0
0 -1 0
0 0 1

  IndexToPointMatrix: 
-1 0 0
0 -1 0
0 0 1

  PointToIndexMatrix: 
-1 0 0
0 -1 0
0 0 1

  Inverse Direction: 
-1 0 0
0 -1 0
0 0 1

  PixelContainer: 
    ImportImageContainer (0x35c7570)
      RTTI typeinfo:   itk::ImportImageContainer<unsigned long, double>
      Reference Count: 1
      Modified Time: 2773
      Debug: Off
      Object Name: 
      Observers: 
        none
      Pointer: 0x7fe71214f010
      Container manages memory: true
      Size: 8530021
      Capacity: 8530021

     Moving image = Image (0x34f5f50)
  RTTI typeinfo:   itk::Image<double, 3u>
  Reference Count: 2
  Modified Time: 3168
  Debug: Off
  Object Name: 
  Observers: 
    none
  Source: (none)
  Source output name: (none)
  Release Data: Off
  Data Released: False
  Global Release Data: Off
  PipelineMTime: 0
  UpdateMTime: 3165
  RealTimeStamp: 0 seconds 
  LargestPossibleRegion: 
    Dimension: 3
    Index: [0, 0, 0]
    Size: [160, 240, 256]
  BufferedRegion: 
    Dimension: 3
    Index: [0, 0, 0]
    Size: [160, 240, 256]
  RequestedRegion: 
    Dimension: 3
    Index: [0, 0, 0]
    Size: [160, 240, 256]
  Spacing: [1, 1, 1]
  Origin: [91.3357, 102.231, -120.042]
  Direction: 
-0.997442 -5.36781e-05 -0.0714818
5.35416e-05 -1 3.82465e-06
-0.0714818 -1.23894e-08 0.997442

  IndexToPointMatrix: 
-0.997444 -5.36781e-05 -0.0714818
5.35417e-05 -1 3.82465e-06
-0.0714819 -1.23894e-08 0.997442

  PointToIndexMatrix: 
-0.99744 5.35415e-05 -0.0714816
-5.3678e-05 -1 -1.36206e-08
-0.0714818 3.82343e-06 0.997442

  Inverse Direction: 
-0.997442 5.35417e-05 -0.0714818
-5.36781e-05 -1 -1.239e-08
-0.0714818 3.82465e-06 0.997442

  PixelContainer: 
    ImportImageContainer (0x369f650)
      RTTI typeinfo:   itk::ImportImageContainer<unsigned long, double>
      Reference Count: 1
      Modified Time: 3162
      Debug: Off
      Object Name: 
      Observers: 
        none
      Pointer: 0x7fe70d64e010
      Container manages memory: true
      Size: 9830400
      Capacity: 9830400

     Weighting = 1
     Sampling strategy = regular
     Number of bins = 32
     Radius = 4
     Sampling percentage  = 0.25
   Transform = Affine
     Gradient step = 0.1
     Update field sigma (voxel space) = 0
     Total field sigma (voxel space) = 0
     Update field time sigma = 0
     Total field time sigma  = 0
     Number of time indices = 0
     Number of time point samples = 0
Stage 3 State
   Image metric = CC
     Fixed image = Image (0x34f6cf0)
  RTTI typeinfo:   itk::Image<double, 3u>
  Reference Count: 2
  Modified Time: 3945
  Debug: Off
  Object Name: 
  Observers: 
    none
  Source: (none)
  Source output name: (none)
  Release Data: Off
  Data Released: False
  Global Release Data: Off
  PipelineMTime: 0
  UpdateMTime: 3554
  RealTimeStamp: 0 seconds 
  LargestPossibleRegion: 
    Dimension: 3
    Index: [0, 0, 0]
    Size: [193, 229, 193]
  BufferedRegion: 
    Dimension: 3
    Index: [0, 0, 0]
    Size: [193, 229, 193]
  RequestedRegion: 
    Dimension: 3
    Index: [0, 0, 0]
    Size: [193, 229, 193]
  Spacing: [1, 1, 1]
  Origin: [96, 132, -78]
  Direction: 
-1 0 0
0 -1 0
0 0 1

  IndexToPointMatrix: 
-1 0 0
0 -1 0
0 0 1

  PointToIndexMatrix: 
-1 0 0
0 -1 0
0 0 1

  Inverse Direction: 
-1 0 0
0 -1 0
0 0 1

  PixelContainer: 
    ImportImageContainer (0x35d76b0)
      RTTI typeinfo:   itk::ImportImageContainer<unsigned long, double>
      Reference Count: 1
      Modified Time: 3551
      Debug: Off
      Object Name: 
      Observers: 
        none
      Pointer: 0x7fe709539010
      Container manages memory: true
      Size: 8530021
      Capacity: 8530021

     Moving image = Image (0x3508480)
  RTTI typeinfo:   itk::Image<double, 3u>
  Reference Count: 2
  Modified Time: 3946
  Debug: Off
  Object Name: 
  Observers: 
    none
  Source: (none)
  Source output name: (none)
  Release Data: Off
  Data Released: False
  Global Release Data: Off
  PipelineMTime: 0
  UpdateMTime: 3943
  RealTimeStamp: 0 seconds 
  LargestPossibleRegion: 
    Dimension: 3
    Index: [0, 0, 0]
    Size: [160, 240, 256]
  BufferedRegion: 
    Dimension: 3
    Index: [0, 0, 0]
    Size: [160, 240, 256]
  RequestedRegion: 
    Dimension: 3
    Index: [0, 0, 0]
    Size: [160, 240, 256]
  Spacing: [1, 1, 1]
  Origin: [91.3357, 102.231, -120.042]
  Direction: 
-0.997442 -5.36781e-05 -0.0714818
5.35416e-05 -1 3.82465e-06
-0.0714818 -1.23894e-08 0.997442

  IndexToPointMatrix: 
-0.997444 -5.36781e-05 -0.0714818
5.35417e-05 -1 3.82465e-06
-0.0714819 -1.23894e-08 0.997442

  PointToIndexMatrix: 
-0.99744 5.35415e-05 -0.0714816
-5.3678e-05 -1 -1.36206e-08
-0.0714818 3.82343e-06 0.997442

  Inverse Direction: 
-0.997442 5.35417e-05 -0.0714818
-5.36781e-05 -1 -1.239e-08
-0.0714818 3.82465e-06 0.997442

  PixelContainer: 
    ImportImageContainer (0x3667750)
      RTTI typeinfo:   itk::ImportImageContainer<unsigned long, double>
      Reference Count: 1
      Modified Time: 3940
      Debug: Off
      Object Name: 
      Observers: 
        none
      Pointer: 0x7fe704a38010
      Container manages memory: true
      Size: 9830400
      Capacity: 9830400

     Weighting = 1
     Sampling strategy = none
     Number of bins = 32
     Radius = 4
     Sampling percentage  = 1
   Transform = SyN
     Gradient step = 0.1
     Update field sigma (voxel space) = 3
     Total field sigma (voxel space) = 0
     Update field time sigma = 0
     Total field time sigma  = 0
     Number of time indices = 0
     Number of time point samples = 0
Registration using 3 total stages.

Stage 0
  iterations = 1000x500x250x100
  convergence threshold = 1e-06
  convergence window size = 10
  number of levels = 4
  using the Mattes MI metric (number of bins = 32, weight = 1, use gradient filter = 0)
  preprocessing:  winsorizing the image intensities
  Shrink factors (level 1 out of 4): [8, 8, 8]
  Shrink factors (level 2 out of 4): [4, 4, 4]
  Shrink factors (level 3 out of 4): [2, 2, 2]
  Shrink factors (level 4 out of 4): [1, 1, 1]
  smoothing sigmas per level: [3, 2, 1, 0]
  regular sampling (percentage = 0.25)

*** Running Euler3DTransform registration ***

DIAGNOSTIC,Iteration,metricValue,convergenceValue,ITERATION_TIME_INDEX,SINCE_LAST
*/mnt/lustre/mathdugre/fast-interpolate/datasets/ds004513/derivatives/flint/antsRegistration/r7-p22/sub-s017/Stage1_level1_Iter0001.nii.gz
2DIAGNOSTIC,     1, -5.574835396606e-01, 1.797693134862e+308, 0.0000e+00, 0.0000e+00, 
*/mnt/lustre/mathdugre/fast-interpolate/datasets/ds004513/derivatives/flint/antsRegistration/r7-p22/sub-s017/Stage1_level1_Iter0002.nii.gz
2DIAGNOSTIC,     2, -5.591523872260e-01, 1.797693134862e+308, 0.0000e+00, 0.0000e+00, 
*/mnt/lustre/mathdugre/fast-interpolate/datasets/ds004513/derivatives/flint/antsRegistration/r7-p22/sub-s017/Stage1_level1_Iter0003.nii.gz
2DIAGNOSTIC,     3, -5.617173305857e-01, 1.797693134862e+308, 0.0000e+00, 0.0000e+00, 
*/mnt/lustre/mathdugre/fast-interpolate/datasets/ds004513/derivatives/flint/antsRegistration/r7-p22/sub-s017/Stage1_level1_Iter0004.nii.gz
2DIAGNOSTIC,     4, -5.644814346690e-01, 1.797693134862e+308, 0.0000e+00, 0.0000e+00, 
*/mnt/lustre/mathdugre/fast-interpolate/datasets/ds004513/derivatives/flint/antsRegistration/r7-p22/sub-s017/Stage1_level1_Iter0005.nii.gz
2DIAGNOSTIC,     5, -5.670088255231e-01, 1.797693134862e+308, 0.0000e+00, 0.0000e+00, 
*/mnt/lustre/mathdugre/fast-interpolate/datasets/ds004513/derivatives/flint/antsRegistration/r7-p22/sub-s017/Stage1_level1_Iter0006.nii.gz
2DIAGNOSTIC,     6, -5.692857454563e-01, 1.797693134862e+308, 0.0000e+00, 0.0000e+00, 
*/mnt/lustre/mathdugre/fast-interpolate/datasets/ds004513/derivatives/flint/antsRegistration/r7-p22/sub-s017/Stage1_level1_Iter0007.nii.gz
2DIAGNOSTIC,     7, -5.704007173084e-01, 1.797693134862e+308, 0.0000e+00, 0.0000e+00, 
*/mnt/lustre/mathdugre/fast-interpolate/datasets/ds004513/derivatives/flint/antsRegistration/r7-p22/sub-s017/Stage1_level1_Iter0008.nii.gz
2DIAGNOSTIC,     8, -5.743990931540e-01, 1.797693134862e+308, 0.0000e+00, 0.0000e+00, 
*/mnt/lustre/mathdugre/fast-interpolate/datasets/ds004513/derivatives/flint/antsRegistration/r7-p22/sub-s017/Stage1_level1_Iter0009.nii.gz
2DIAGNOSTIC,     9, -5.765453899396e-01, 1.797693134862e+308, 0.0000e+00, 0.0000e+00, 
*/mnt/lustre/mathdugre/fast-interpolate/datasets/ds004513/derivatives/flint/antsRegistration/r7-p22/sub-s017/Stage1_level1_Iter0010.nii.gz
2DIAGNOSTIC,    10, -5.775505837984e-01, 2.371057868004e-03, 0.0000e+00, 0.0000e+00, 
*/mnt/lustre/mathdugre/fast-interpolate/datasets/ds004513/derivatives/flint/antsRegistration/r7-p22/sub-s017/Stage1_level1_Iter0011.nii.gz
2DIAGNOSTIC,    11, -5.780167648252e-01, 2.038195729256e-03, 0.0000e+00, 0.0000e+00, 
*/mnt/lustre/mathdugre/fast-interpolate/datasets/ds004513/derivatives/flint/antsRegistration/r7-p22/sub-s017/Stage1_level1_Iter0012.nii.gz
2DIAGNOSTIC,    12, -5.793789723220e-01, 1.704812049866e-03, 0.0000e+00, 0.0000e+00, 
*/mnt/lustre/mathdugre/fast-interpolate/datasets/ds004513/derivatives/flint/antsRegistration/r7-p22/sub-s017/Stage1_level1_Iter0013.nii.gz
2DIAGNOSTIC,    13, -5.801660758465e-01, 1.394227147102e-03, 0.0000e+00, 0.0000e+00, 
*/mnt/lustre/mathdugre/fast-interpolate/datasets/ds004513/derivatives/flint/antsRegistration/r7-p22/sub-s017/Stage1_level1_Iter0014.nii.gz
2DIAGNOSTIC,    14, -5.810744041343e-01, 1.130014657974e-03, 0.0000e+00, 0.0000e+00, 
*/mnt/lustre/mathdugre/fast-interpolate/datasets/ds004513/derivatives/flint/antsRegistration/r7-p22/sub-s017/Stage1_level1_Iter0015.nii.gz
2DIAGNOSTIC,    15, -5.811296150518e-01, 8.840560913086e-04, 0.0000e+00, 0.0000e+00, 
*/mnt/lustre/mathdugre/fast-interpolate/datasets/ds004513/derivatives/flint/antsRegistration/r7-p22/sub-s017/Stage1_level1_Iter0016.nii.gz
2DIAGNOSTIC,    16, -5.824041581031e-01, 7.004141807556e-04, 0.0000e+00, 0.0000e+00, 
*/mnt/lustre/mathdugre/fast-interpolate/datasets/ds004513/derivatives/flint/antsRegistration/r7-p22/sub-s017/Stage1_level1_Iter0017.nii.gz
2DIAGNOSTIC,    17, -5.837317323350e-01, 5.421340465546e-04, 0.0000e+00, 0.0000e+00, 
*/mnt/lustre/mathdugre/fast-interpolate/datasets/ds004513/derivatives/flint/antsRegistration/r7-p22/sub-s017/Stage1_level1_Iter0018.nii.gz
2DIAGNOSTIC,    18, -5.844277142395e-01, 4.786700010300e-04, 0.0000e+00, 0.0000e+00, 
*/mnt/lustre/mathdugre/fast-interpolate/datasets/ds004513/derivatives/flint/antsRegistration/r7-p22/sub-s017/Stage1_level1_Iter0019.nii.gz
2DIAGNOSTIC,    19, -5.846501044600e-01, 4.394799470901e-04, 0.0000e+00, 0.0000e+00, 
*/mnt/lustre/mathdugre/fast-interpolate/datasets/ds004513/derivatives/flint/antsRegistration/r7-p22/sub-s017/Stage1_level1_Iter0020.nii.gz
2DIAGNOSTIC,    20, -5.846302510912e-01, 3.887638449669e-04, 0.0000e+00, 0.0000e+00, 
*/mnt/lustre/mathdugre/fast-interpolate/datasets/ds004513/derivatives/flint/antsRegistration/r7-p22/sub-s017/Stage1_level1_Iter0021.nii.gz
2DIAGNOSTIC,    21, -5.846317661088e-01, 3.172829747200e-04, 0.0000e+00, 0.0000e+00, 
*/mnt/lustre/mathdugre/fast-interpolate/datasets/ds004513/derivatives/flint/antsRegistration/r7-p22/sub-s017/Stage1_level1_Iter0022.nii.gz
2DIAGNOSTIC,    22, -5.847486669588e-01, 2.552717924118e-04, 0.0000e+00, 0.0000e+00, 
*/mnt/lustre/mathdugre/fast-interpolate/datasets/ds004513/derivatives/flint/antsRegistration/r7-p22/sub-s017/Stage1_level1_Iter0023.nii.gz
2DIAGNOSTIC,    23, -5.849700574064e-01, 1.960769295692e-04, 0.0000e+00, 0.0000e+00, 
*/mnt/lustre/mathdugre/fast-interpolate/datasets/ds004513/derivatives/flint/antsRegistration/r7-p22/sub-s017/Stage1_level1_Iter0024.nii.gz
2DIAGNOSTIC,    24, -5.850341956021e-01, 1.441389322281e-04, 0.0000e+00, 0.0000e+00, 
*/mnt/lustre/mathdugre/fast-interpolate/datasets/ds004513/derivatives/flint/antsRegistration/r7-p22/sub-s017/Stage1_level1_Iter0025.nii.gz
2DIAGNOSTIC,    25, -5.853618491156e-01, 9.041279554367e-05, 0.0000e+00, 0.0000e+00, 
*/mnt/lustre/mathdugre/fast-interpolate/datasets/ds004513/derivatives/flint/antsRegistration/r7-p22/sub-s017/Stage1_level1_Iter0026.nii.gz
2DIAGNOSTIC,    26, -5.857016429351e-01, 6.247311830521e-05, 0.0000e+00, 0.0000e+00, 
*/mnt/lustre/mathdugre/fast-interpolate/datasets/ds004513/derivatives/flint/antsRegistration/r7-p22/sub-s017/Stage1_level1_Iter0027.nii.gz
2DIAGNOSTIC,    27, -5.860854006111e-01, 6.161630153656e-05, 0.0000e+00, 0.0000e+00, 
*/mnt/lustre/mathdugre/fast-interpolate/datasets/ds004513/derivatives/flint/antsRegistration/r7-p22/sub-s017/Stage1_level1_Iter0028.nii.gz
2DIAGNOSTIC,    28, -5.862055218738e-01, 6.921589374542e-05, 0.0000e+00, 0.0000e+00, 
*/mnt/lustre/mathdugre/fast-interpolate/datasets/ds004513/derivatives/flint/antsRegistration/r7-p22/sub-s017/Stage1_level1_Iter0029.nii.gz
2DIAGNOSTIC,    29, -5.862374475795e-01, 7.428973913193e-05, 0.0000e+00, 0.0000e+00, 
*/mnt/lustre/mathdugre/fast-interpolate/datasets/ds004513/derivatives/flint/antsRegistration/r7-p22/sub-s017/Stage1_level1_Iter0030.nii.gz
2DIAGNOSTIC,    30, -5.862579564627e-01, 7.216632366180e-05, 0.0000e+00, 0.0000e+00, 
*/mnt/lustre/mathdugre/fast-interpolate/datasets/ds004513/derivatives/flint/antsRegistration/r7-p22/sub-s017/Stage1_level1_Iter0031.nii.gz
2DIAGNOSTIC,    31, -5.870527223771e-01, 7.599592208862e-05, 0.0000e+00, 0.0000e+00, 
*/mnt/lustre/mathdugre/fast-interpolate/datasets/ds004513/derivatives/flint/antsRegistration/r7-p22/sub-s017/Stage1_level1_Iter0032.nii.gz
2DIAGNOSTIC,    32, -5.873815741672e-01, 7.883459329605e-05, 0.0000e+00, 0.0000e+00, 
*/mnt/lustre/mathdugre/fast-interpolate/datasets/ds004513/derivatives/flint/antsRegistration/r7-p22/sub-s017/Stage1_level1_Iter0033.nii.gz
2DIAGNOSTIC,    33, -5.876088850956e-01, 8.087605237961e-05, 0.0000e+00, 0.0000e+00, 
*/mnt/lustre/mathdugre/fast-interpolate/datasets/ds004513/derivatives/flint/antsRegistration/r7-p22/sub-s017/Stage1_level1_Iter0034.nii.gz
2DIAGNOSTIC,    34, -5.877330171116e-01, 7.806718349457e-05, 0.0000e+00, 0.0000e+00, 
*/mnt/lustre/mathdugre/fast-interpolate/datasets/ds004513/derivatives/flint/antsRegistration/r7-p22/sub-s017/Stage1_level1_Iter0035.nii.gz
2DIAGNOSTIC,    35, -5.882393795885e-01, 7.975846529007e-05, 0.0000e+00, 0.0000e+00, 
*/mnt/lustre/mathdugre/fast-interpolate/datasets/ds004513/derivatives/flint/antsRegistration/r7-p22/sub-s017/Stage1_level1_Iter0036.nii.gz
2DIAGNOSTIC,    36, -5.888149128770e-01, 8.584931492805e-05, 0.0000e+00, 0.0000e+00, 
*/mnt/lustre/mathdugre/fast-interpolate/datasets/ds004513/derivatives/flint/antsRegistration/r7-p22/sub-s017/Stage1_level1_Iter0037.nii.gz
2DIAGNOSTIC,    37, -5.889904893130e-01, 9.066984057426e-05, 0.0000e+00, 0.0000e+00, 
*/mnt/lustre/mathdugre/fast-interpolate/datasets/ds004513/derivatives/flint/antsRegistration/r7-p22/sub-s017/Stage1_level1_Iter0038.nii.gz
2DIAGNOSTIC,    38, -5.891066795346e-01, 8.993968367577e-05, 0.0000e+00, 0.0000e+00, 
*/mnt/lustre/mathdugre/fast-interpolate/datasets/ds004513/derivatives/flint/antsRegistration/r7-p22/sub-s017/Stage1_level1_Iter0039.nii.gz
2DIAGNOSTIC,    39, -5.891689438319e-01, 8.216872811317e-05, 0.0000e+00, 0.0000e+00, 
*/mnt/lustre/mathdugre/fast-interpolate/datasets/ds004513/derivatives/flint/antsRegistration/r7-p22/sub-s017/Stage1_level1_Iter0040.nii.gz
2DIAGNOSTIC,    40, -5.892227642885e-01, 6.765499711037e-05, 0.0000e+00, 0.0000e+00, 
*/mnt/lustre/mathdugre/fast-interpolate/datasets/ds004513/derivatives/flint/antsRegistration/r7-p22/sub-s017/Stage1_level1_Iter0041.nii.gz
2DIAGNOSTIC,    41, -5.892959886950e-01, 5.764514207840e-05, 0.0000e+00, 0.0000e+00, 
*/mnt/lustre/mathdugre/fast-interpolate/datasets/ds004513/derivatives/flint/antsRegistration/r7-p22/sub-s017/Stage1_level1_Iter0042.nii.gz
2DIAGNOSTIC,    42, -5.897148496265e-01, 5.136057734489e-05, 0.0000e+00, 0.0000e+00, 
*/mnt/lustre/mathdugre/fast-interpolate/datasets/ds004513/derivatives/flint/antsRegistration/r7-p22/sub-s017/Stage1_level1_Iter0043.nii.gz
2DIAGNOSTIC,    43, -5.898803760536e-01, 4.499778151512e-05, 0.0000e+00, 0.0000e+00, 
*/mnt/lustre/mathdugre/fast-interpolate/datasets/ds004513/derivatives/flint/antsRegistration/r7-p22/sub-s017/Stage1_level1_Iter0044.nii.gz
2DIAGNOSTIC,    44, -5.900319936399e-01, 3.770366311073e-05, 0.0000e+00, 0.0000e+00, 
*/mnt/lustre/mathdugre/fast-interpolate/datasets/ds004513/derivatives/flint/antsRegistration/r7-p22/sub-s017/Stage1_level1_Iter0045.nii.gz
2DIAGNOSTIC,    45, -5.900822290196e-01, 3.313645720482e-05, 0.0000e+00, 0.0000e+00, 
*/mnt/lustre/mathdugre/fast-interpolate/datasets/ds004513/derivatives/flint/antsRegistration/r7-p22/sub-s017/Stage1_level1_Iter0046.nii.gz
2DIAGNOSTIC,    46, -5.901900536517e-01, 3.290921449661e-05, 0.0000e+00, 0.0000e+00, 
*/mnt/lustre/mathdugre/fast-interpolate/datasets/ds004513/derivatives/flint/antsRegistration/r7-p22/sub-s017/Stage1_level1_Iter0047.nii.gz
2DIAGNOSTIC,    47, -5.905824545618e-01, 3.539398312569e-05, 0.0000e+00, 0.0000e+00, 
*/mnt/lustre/mathdugre/fast-interpolate/datasets/ds004513/derivatives/flint/antsRegistration/r7-p22/sub-s017/Stage1_level1_Iter0048.nii.gz
2DIAGNOSTIC,    48, -5.906315791916e-01, 3.600120544434e-05, 0.0000e+00, 0.0000e+00, 
*/mnt/lustre/mathdugre/fast-interpolate/datasets/ds004513/derivatives/flint/antsRegistration/r7-p22/sub-s017/Stage1_level1_Iter0049.nii.gz
2DIAGNOSTIC,    49, -5.907726306369e-01, 3.529340028763e-05, 0.0000e+00, 0.0000e+00, 
*/mnt/lustre/mathdugre/fast-interpolate/datasets/ds004513/derivatives/flint/antsRegistration/r7-p22/sub-s017/Stage1_level1_Iter0050.nii.gz
2DIAGNOSTIC,    50, -5.908145334820e-01, 3.229454159737e-05, 0.0000e+00, 0.0000e+00, 
*/mnt/lustre/mathdugre/fast-interpolate/datasets/ds004513/derivatives/flint/antsRegistration/r7-p22/sub-s017/Stage1_level1_Iter0051.nii.gz
2DIAGNOSTIC,    51, -5.908506524205e-01, 2.733990550041e-05, 0.0000e+00, 0.0000e+00, 
*/mnt/lustre/mathdugre/fast-interpolate/datasets/ds004513/derivatives/flint/antsRegistration/r7-p22/sub-s017/Stage1_level1_Iter0052.nii.gz
2DIAGNOSTIC,    52, -5.908820959406e-01, 2.415850758553e-05, 0.0000e+00, 0.0000e+00, 
*/mnt/lustre/mathdugre/fast-interpolate/datasets/ds004513/derivatives/flint/antsRegistration/r7-p22/sub-s017/Stage1_level1_Iter0053.nii.gz
2DIAGNOSTIC,    53, -5.910995682127e-01, 2.232939004898e-05, 0.0000e+00, 0.0000e+00, 
*/mnt/lustre/mathdugre/fast-interpolate/datasets/ds004513/derivatives/flint/antsRegistration/r7-p22/sub-s017/Stage1_level1_Iter0054.nii.gz
2DIAGNOSTIC,    54, -5.912872759279e-01, 2.152100205421e-05, 0.0000e+00, 0.0000e+00, 
*/mnt/lustre/mathdugre/fast-interpolate/datasets/ds004513/derivatives/flint/antsRegistration/r7-p22/sub-s017/Stage1_level1_Iter0055.nii.gz
2DIAGNOSTIC,    55, -5.913839284130e-01, 2.002716064453e-05, 0.0000e+00, 0.0000e+00, 
*/mnt/lustre/mathdugre/fast-interpolate/datasets/ds004513/derivatives/flint/antsRegistration/r7-p22/sub-s017/Stage1_level1_Iter0056.nii.gz
2DIAGNOSTIC,    56, -5.913138677899e-01, 1.699849963188e-05, 0.0000e+00, 0.0000e+00, 
*/mnt/lustre/mathdugre/fast-interpolate/datasets/ds004513/derivatives/flint/antsRegistration/r7-p22/sub-s017/Stage1_level1_Iter0057.nii.gz
2DIAGNOSTIC,    57, -5.913204656955e-01, 1.594796776772e-05, 0.0000e+00, 0.0000e+00, 
*/mnt/lustre/mathdugre/fast-interpolate/datasets/ds004513/derivatives/flint/antsRegistration/r7-p22/sub-s017/Stage1_level1_Iter0058.nii.gz
2DIAGNOSTIC,    58, -5.914288421443e-01, 1.472607254982e-05, 0.0000e+00, 0.0000e+00, 
*/mnt/lustre/mathdugre/fast-interpolate/datasets/ds004513/derivatives/flint/antsRegistration/r7-p22/sub-s017/Stage1_level1_Iter0059.nii.gz
2DIAGNOSTIC,    59, -5.914422340698e-01, 1.338869333267e-05, 0.0000e+00, 0.0000e+00, 
*/mnt/lustre/mathdugre/fast-interpolate/datasets/ds004513/derivatives/flint/antsRegistration/r7-p22/sub-s017/Stage1_level1_Iter0060.nii.gz
2DIAGNOSTIC,    60, -5.916843224722e-01, 1.317262649536e-05, 0.0000e+00, 0.0000e+00, 
*/mnt/lustre/mathdugre/fast-interpolate/datasets/ds004513/derivatives/flint/antsRegistration/r7-p22/sub-s017/Stage1_level1_Iter0061.nii.gz
2DIAGNOSTIC,    61, -5.916861103363e-01, 1.205876469612e-05, 0.0000e+00, 0.0000e+00, 
*/mnt/lustre/mathdugre/fast-interpolate/datasets/ds004513/derivatives/flint/antsRegistration/r7-p22/sub-s017/Stage1_level1_Iter0062.nii.gz
2DIAGNOSTIC,    62, -5.916883132414e-01, 1.014024019241e-05, 0.0000e+00, 0.0000e+00, 
*/mnt/lustre/mathdugre/fast-interpolate/datasets/ds004513/derivatives/flint/antsRegistration/r7-p22/sub-s017/Stage1_level1_Iter0063.nii.gz
2DIAGNOSTIC,    63, -5.916895134790e-01, 9.015202522278e-06, 0.0000e+00, 0.0000e+00, 
*/mnt/lustre/mathdugre/fast-interpolate/datasets/ds004513/derivatives/flint/antsRegistration/r7-p22/sub-s017/Stage1_level1_Iter0064.nii.gz
2DIAGNOSTIC,    64, -5.916890419107e-01, 8.493661880493e-06, 0.0000e+00, 0.0000e+00, 
*/mnt/lustre/mathdugre/fast-interpolate/datasets/ds004513/derivatives/flint/antsRegistration/r7-p22/sub-s017/Stage1_level1_Iter0065.nii.gz
2DIAGNOSTIC,    65, -5.916896391928e-01, 7.946044206619e-06, 0.0000e+00, 0.0000e+00, 
*/mnt/lustre/mathdugre/fast-interpolate/datasets/ds004513/derivatives/flint/antsRegistration/r7-p22/sub-s017/Stage1_level1_Iter0066.nii.gz
2DIAGNOSTIC,    66, -5.916896869377e-01, 6.180256605148e-06, 0.0000e+00, 0.0000e+00, 
*/mnt/lustre/mathdugre/fast-interpolate/datasets/ds004513/derivatives/flint/antsRegistration/r7-p22/sub-s017/Stage1_level1_Iter0067.nii.gz
2DIAGNOSTIC,    67, -5.916897156828e-01, 3.978610038757e-06, 0.0000e+00, 0.0000e+00, 
*/mnt/lustre/mathdugre/fast-interpolate/datasets/ds004513/derivatives/flint/antsRegistration/r7-p22/sub-s017/Stage1_level1_Iter0068.nii.gz
2DIAGNOSTIC,    68, -5.916898571834e-01, 2.298504114151e-06, 0.0000e+00, 0.0000e+00, 
DIAGNOSTIC,Iteration,metricValue,convergenceValue,ITERATION_TIME_INDEX,SINCE_LAST
*/mnt/lustre/mathdugre/fast-interpolate/datasets/ds004513/derivatives/flint/antsRegistration/r7-p22/sub-s017/Stage1_level2_Iter0001.nii.gz
2DIAGNOSTIC,     1, -4.784215622464e-01, 1.797693134862e+308, 0.0000e+00, 0.0000e+00, 
*/mnt/lustre/mathdugre/fast-interpolate/datasets/ds004513/derivatives/flint/antsRegistration/r7-p22/sub-s017/Stage1_level2_Iter0002.nii.gz
2DIAGNOSTIC,     2, -4.784850188505e-01, 1.797693134862e+308, 0.0000e+00, 0.0000e+00, 
*/mnt/lustre/mathdugre/fast-interpolate/datasets/ds004513/derivatives/flint/antsRegistration/r7-p22/sub-s017/Stage1_level2_Iter0003.nii.gz
2DIAGNOSTIC,     3, -4.786246825865e-01, 1.797693134862e+308, 0.0000e+00, 0.0000e+00, 
*/mnt/lustre/mathdugre/fast-interpolate/datasets/ds004513/derivatives/flint/antsRegistration/r7-p22/sub-s017/Stage1_level2_Iter0004.nii.gz
2DIAGNOSTIC,     4, -4.787261527633e-01, 1.797693134862e+308, 0.0000e+00, 0.0000e+00, 
*/mnt/lustre/mathdugre/fast-interpolate/datasets/ds004513/derivatives/flint/antsRegistration/r7-p22/sub-s017/Stage1_level2_Iter0005.nii.gz
2DIAGNOSTIC,     5, -4.787321616039e-01, 1.797693134862e+308, 0.0000e+00, 0.0000e+00, 
*/mnt/lustre/mathdugre/fast-interpolate/datasets/ds004513/derivatives/flint/antsRegistration/r7-p22/sub-s017/Stage1_level2_Iter0006.nii.gz
2DIAGNOSTIC,     6, -4.787326786506e-01, 1.797693134862e+308, 0.0000e+00, 0.0000e+00, 
*/mnt/lustre/mathdugre/fast-interpolate/datasets/ds004513/derivatives/flint/antsRegistration/r7-p22/sub-s017/Stage1_level2_Iter0007.nii.gz
2DIAGNOSTIC,     7, -4.787299135062e-01, 1.797693134862e+308, 0.0000e+00, 0.0000e+00, 
*/mnt/lustre/mathdugre/fast-interpolate/datasets/ds004513/derivatives/flint/antsRegistration/r7-p22/sub-s017/Stage1_level2_Iter0008.nii.gz
2DIAGNOSTIC,     8, -4.787252879264e-01, 1.797693134862e+308, 0.0000e+00, 0.0000e+00, 
*/mnt/lustre/mathdugre/fast-interpolate/datasets/ds004513/derivatives/flint/antsRegistration/r7-p22/sub-s017/Stage1_level2_Iter0009.nii.gz
2DIAGNOSTIC,     9, -4.787231730055e-01, 1.797693134862e+308, 0.0000e+00, 0.0000e+00, 
*/mnt/lustre/mathdugre/fast-interpolate/datasets/ds004513/derivatives/flint/antsRegistration/r7-p22/sub-s017/Stage1_level2_Iter0010.nii.gz
2DIAGNOSTIC,    10, -4.787174030727e-01, 3.741681575775e-05, 0.0000e+00, 0.0000e+00, 
*/mnt/lustre/mathdugre/fast-interpolate/datasets/ds004513/derivatives/flint/antsRegistration/r7-p22/sub-s017/Stage1_level2_Iter0011.nii.gz
2DIAGNOSTIC,    11, -4.787305919096e-01, 2.019107341766e-05, 0.0000e+00, 0.0000e+00, 
*/mnt/lustre/mathdugre/fast-interpolate/datasets/ds004513/derivatives/flint/antsRegistration/r7-p22/sub-s017/Stage1_level2_Iter0012.nii.gz
2DIAGNOSTIC,    12, -4.787256891129e-01, 7.092952728271e-06, 0.0000e+00, 0.0000e+00, 
DIAGNOSTIC,Iteration,metricValue,convergenceValue,ITERATION_TIME_INDEX,SINCE_LAST
*/mnt/lustre/mathdugre/fast-interpolate/datasets/ds004513/derivatives/flint/antsRegistration/r7-p22/sub-s017/Stage1_level3_Iter0001.nii.gz
2DIAGNOSTIC,     1, -4.133574820231e-01, 1.797693134862e+308, 0.0000e+00, 0.0000e+00, 
*/mnt/lustre/mathdugre/fast-interpolate/datasets/ds004513/derivatives/flint/antsRegistration/r7-p22/sub-s017/Stage1_level3_Iter0002.nii.gz
2DIAGNOSTIC,     2, -4.136018730934e-01, 1.797693134862e+308, 0.0000e+00, 0.0000e+00, 
*/mnt/lustre/mathdugre/fast-interpolate/datasets/ds004513/derivatives/flint/antsRegistration/r7-p22/sub-s017/Stage1_level3_Iter0003.nii.gz
2DIAGNOSTIC,     3, -4.138706178740e-01, 1.797693134862e+308, 0.0000e+00, 0.0000e+00, 
*/mnt/lustre/mathdugre/fast-interpolate/datasets/ds004513/derivatives/flint/antsRegistration/r7-p22/sub-s017/Stage1_level3_Iter0004.nii.gz
2DIAGNOSTIC,     4, -4.140787279261e-01, 1.797693134862e+308, 0.0000e+00, 0.0000e+00, 
*/mnt/lustre/mathdugre/fast-interpolate/datasets/ds004513/derivatives/flint/antsRegistration/r7-p22/sub-s017/Stage1_level3_Iter0005.nii.gz
2DIAGNOSTIC,     5, -4.142177826070e-01, 1.797693134862e+308, 0.0000e+00, 0.0000e+00, 
*/mnt/lustre/mathdugre/fast-interpolate/datasets/ds004513/derivatives/flint/antsRegistration/r7-p22/sub-s017/Stage1_level3_Iter0006.nii.gz
2DIAGNOSTIC,     6, -4.145874896592e-01, 1.797693134862e+308, 0.0000e+00, 0.0000e+00, 
*/mnt/lustre/mathdugre/fast-interpolate/datasets/ds004513/derivatives/flint/antsRegistration/r7-p22/sub-s017/Stage1_level3_Iter0007.nii.gz
2DIAGNOSTIC,     7, -4.153212450840e-01, 1.797693134862e+308, 0.0000e+00, 0.0000e+00, 
*/mnt/lustre/mathdugre/fast-interpolate/datasets/ds004513/derivatives/flint/antsRegistration/r7-p22/sub-s017/Stage1_level3_Iter0008.nii.gz
2DIAGNOSTIC,     8, -4.154560558724e-01, 1.797693134862e+308, 0.0000e+00, 0.0000e+00, 
*/mnt/lustre/mathdugre/fast-interpolate/datasets/ds004513/derivatives/flint/antsRegistration/r7-p22/sub-s017/Stage1_level3_Iter0009.nii.gz
2DIAGNOSTIC,     9, -4.155699878138e-01, 1.797693134862e+308, 0.0000e+00, 0.0000e+00, 
*/mnt/lustre/mathdugre/fast-interpolate/datasets/ds004513/derivatives/flint/antsRegistration/r7-p22/sub-s017/Stage1_level3_Iter0010.nii.gz
2DIAGNOSTIC,    10, -4.156623299405e-01, 3.993362188339e-04, 0.0000e+00, 0.0000e+00, 
*/mnt/lustre/mathdugre/fast-interpolate/datasets/ds004513/derivatives/flint/antsRegistration/r7-p22/sub-s017/Stage1_level3_Iter0011.nii.gz
2DIAGNOSTIC,    11, -4.157025104449e-01, 3.401041030884e-04, 0.0000e+00, 0.0000e+00, 
*/mnt/lustre/mathdugre/fast-interpolate/datasets/ds004513/derivatives/flint/antsRegistration/r7-p22/sub-s017/Stage1_level3_Iter0012.nii.gz
2DIAGNOSTIC,    12, -4.156946032735e-01, 2.731978893280e-04, 0.0000e+00, 0.0000e+00, 
*/mnt/lustre/mathdugre/fast-interpolate/datasets/ds004513/derivatives/flint/antsRegistration/r7-p22/sub-s017/Stage1_level3_Iter0013.nii.gz
2DIAGNOSTIC,    13, -4.156962190465e-01, 2.063512802124e-04, 0.0000e+00, 0.0000e+00, 
*/mnt/lustre/mathdugre/fast-interpolate/datasets/ds004513/derivatives/flint/antsRegistration/r7-p22/sub-s017/Stage1_level3_Iter0014.nii.gz
2DIAGNOSTIC,    14, -4.157011968439e-01, 1.414716243744e-04, 0.0000e+00, 0.0000e+00, 
*/mnt/lustre/mathdugre/fast-interpolate/datasets/ds004513/derivatives/flint/antsRegistration/r7-p22/sub-s017/Stage1_level3_Iter0015.nii.gz
2DIAGNOSTIC,    15, -4.156989302075e-01, 7.870793342590e-05, 0.0000e+00, 0.0000e+00, 
*/mnt/lustre/mathdugre/fast-interpolate/datasets/ds004513/derivatives/flint/antsRegistration/r7-p22/sub-s017/Stage1_level3_Iter0016.nii.gz
2DIAGNOSTIC,    16, -4.156992852515e-01, 3.181397914886e-05, 0.0000e+00, 0.0000e+00, 
*/mnt/lustre/mathdugre/fast-interpolate/datasets/ds004513/derivatives/flint/antsRegistration/r7-p22/sub-s017/Stage1_level3_Iter0017.nii.gz
2DIAGNOSTIC,    17, -4.156952808367e-01, 1.709908246994e-05, 0.0000e+00, 0.0000e+00, 
*/mnt/lustre/mathdugre/fast-interpolate/datasets/ds004513/derivatives/flint/antsRegistration/r7-p22/sub-s017/Stage1_level3_Iter0018.nii.gz
2DIAGNOSTIC,    18, -4.156950734954e-01, 7.644295692444e-06, 2.5600e+02, 2.5600e+02, 
*/mnt/lustre/mathdugre/fast-interpolate/datasets/ds004513/derivatives/flint/antsRegistration/r7-p22/sub-s017/Stage1_level3_Iter0019.nii.gz
2DIAGNOSTIC,    19, -4.156935004051e-01, 2.630054950714e-06, 2.5600e+02, 0.0000e+00, 
*/mnt/lustre/mathdugre/fast-interpolate/datasets/ds004513/derivatives/flint/antsRegistration/r7-p22/sub-s017/Stage1_level3_Iter0020.nii.gz
2DIAGNOSTIC,    20, -4.156944468385e-01, 1.162290573120e-06, 2.5600e+02, 0.0000e+00, 
*/mnt/lustre/mathdugre/fast-interpolate/datasets/ds004513/derivatives/flint/antsRegistration/r7-p22/sub-s017/Stage1_level3_Iter0021.nii.gz
2DIAGNOSTIC,    21, -4.156905735485e-01, 1.065433025360e-06, 2.5600e+02, 0.0000e+00, 
DIAGNOSTIC,Iteration,metricValue,convergenceValue,ITERATION_TIME_INDEX,SINCE_LAST
*/mnt/lustre/mathdugre/fast-interpolate/datasets/ds004513/derivatives/flint/antsRegistration/r7-p22/sub-s017/Stage1_level4_Iter0001.nii.gz
2DIAGNOSTIC,     1, -3.826013855052e-01, 1.797693134862e+308, 2.5600e+02, 0.0000e+00, 
*/mnt/lustre/mathdugre/fast-interpolate/datasets/ds004513/derivatives/flint/antsRegistration/r7-p22/sub-s017/Stage1_level4_Iter0002.nii.gz
2DIAGNOSTIC,     2, -3.827432267983e-01, 1.797693134862e+308, 2.5600e+02, 0.0000e+00, 
*/mnt/lustre/mathdugre/fast-interpolate/datasets/ds004513/derivatives/flint/antsRegistration/r7-p22/sub-s017/Stage1_level4_Iter0003.nii.gz
2DIAGNOSTIC,     3, -3.828802689934e-01, 1.797693134862e+308, 2.5600e+02, 0.0000e+00, 
*/mnt/lustre/mathdugre/fast-interpolate/datasets/ds004513/derivatives/flint/antsRegistration/r7-p22/sub-s017/Stage1_level4_Iter0004.nii.gz
2DIAGNOSTIC,     4, -3.830676246434e-01, 1.797693134862e+308, 2.5600e+02, 0.0000e+00, 
*/mnt/lustre/mathdugre/fast-interpolate/datasets/ds004513/derivatives/flint/antsRegistration/r7-p22/sub-s017/Stage1_level4_Iter0005.nii.gz
2DIAGNOSTIC,     5, -3.832110089429e-01, 1.797693134862e+308, 5.1200e+02, 2.5600e+02, 
*/mnt/lustre/mathdugre/fast-interpolate/datasets/ds004513/derivatives/flint/antsRegistration/r7-p22/sub-s017/Stage1_level4_Iter0006.nii.gz
2DIAGNOSTIC,     6, -3.833524048179e-01, 1.797693134862e+308, 5.1200e+02, 0.0000e+00, 
*/mnt/lustre/mathdugre/fast-interpolate/datasets/ds004513/derivatives/flint/antsRegistration/r7-p22/sub-s017/Stage1_level4_Iter0007.nii.gz
2DIAGNOSTIC,     7, -3.833745044782e-01, 1.797693134862e+308, 5.1200e+02, 0.0000e+00, 
*/mnt/lustre/mathdugre/fast-interpolate/datasets/ds004513/derivatives/flint/antsRegistration/r7-p22/sub-s017/Stage1_level4_Iter0008.nii.gz
2DIAGNOSTIC,     8, -3.834809537008e-01, 1.797693134862e+308, 5.1200e+02, 0.0000e+00, 
*/mnt/lustre/mathdugre/fast-interpolate/datasets/ds004513/derivatives/flint/antsRegistration/r7-p22/sub-s017/Stage1_level4_Iter0009.nii.gz
2DIAGNOSTIC,     9, -3.835405566293e-01, 1.797693134862e+308, 7.6800e+02, 2.5600e+02, 
*/mnt/lustre/mathdugre/fast-interpolate/datasets/ds004513/derivatives/flint/antsRegistration/r7-p22/sub-s017/Stage1_level4_Iter0010.nii.gz
2DIAGNOSTIC,    10, -3.835411225930e-01, 1.681894063950e-04, 7.6800e+02, 0.0000e+00, 
*/mnt/lustre/mathdugre/fast-interpolate/datasets/ds004513/derivatives/flint/antsRegistration/r7-p22/sub-s017/Stage1_level4_Iter0011.nii.gz
2DIAGNOSTIC,    11, -3.835408497029e-01, 1.267641782761e-04, 7.6800e+02, 0.0000e+00, 
*/mnt/lustre/mathdugre/fast-interpolate/datasets/ds004513/derivatives/flint/antsRegistration/r7-p22/sub-s017/Stage1_level4_Iter0012.nii.gz
2DIAGNOSTIC,    12, -3.835404828855e-01, 8.985400199890e-05, 7.6800e+02, 0.0000e+00, 
*/mnt/lustre/mathdugre/fast-interpolate/datasets/ds004513/derivatives/flint/antsRegistration/r7-p22/sub-s017/Stage1_level4_Iter0013.nii.gz
2DIAGNOSTIC,    13, -3.835398665767e-01, 5.836784839630e-05, 7.6800e+02, 0.0000e+00, 
*/mnt/lustre/mathdugre/fast-interpolate/datasets/ds004513/derivatives/flint/antsRegistration/r7-p22/sub-s017/Stage1_level4_Iter0014.nii.gz
2DIAGNOSTIC,    14, -3.835396034614e-01, 3.601610660553e-05, 7.6800e+02, 0.0000e+00, 
*/mnt/lustre/mathdugre/fast-interpolate/datasets/ds004513/derivatives/flint/antsRegistration/r7-p22/sub-s017/Stage1_level4_Iter0015.nii.gz
2DIAGNOSTIC,    15, -3.835396614061e-01, 2.053380012512e-05, 7.6800e+02, 0.0000e+00, 
*/mnt/lustre/mathdugre/fast-interpolate/datasets/ds004513/derivatives/flint/antsRegistration/r7-p22/sub-s017/Stage1_level4_Iter0016.nii.gz
2DIAGNOSTIC,    16, -3.835396255595e-01, 1.196563243866e-05, 7.6800e+02, 0.0000e+00, 
*/mnt/lustre/mathdugre/fast-interpolate/datasets/ds004513/derivatives/flint/antsRegistration/r7-p22/sub-s017/Stage1_level4_Iter0017.nii.gz
2DIAGNOSTIC,    17, -3.835395530919e-01, 4.313886165619e-06, 7.6800e+02, 0.0000e+00, 
