
##########################
# Experiment information #
##########################

EXPERIMENT_NAME: r7-p23
VFC_BACKENDS: libinterflop_vprec.so --range-binary32=7 --precision-binary32=23 --range-binary64=7 --precision-binary64=23

SIF_IMG: /mnt/lustre/mathdugre/containers/ants-vprec-no_metric.simg

SUBJECT_ID: s033
INPUT_IMG: /mnt/lustre/mathdugre/fast-interpolate/datasets/ds004513/derivatives/flint/antsBrainExtraction/sub-s033/BrainExtractionBrain.nii.gz
OUTPUT_DIR: /mnt/lustre/mathdugre/fast-interpolate/datasets/ds004513/derivatives/flint/antsRegistration/r7-p23/sub-s033

FIXED_IMG: /templateflow/tpl-MNI152NLin2009cAsym/tpl-MNI152NLin2009cAsym_res-01_desc-brain_T1w.nii.gz
DATA_DIR: /mnt/lustre/mathdugre/fast-interpolate/datasets/ds004513
TEMPLATEFLOW_DIR: /home/mathdugre/.cache/templateflow
ITK_GLOBAL_DEFAULT_NUMBER_OF_THREADS: 4
##########################

Info [verificarlo]: loaded backend libinterflop_vprec.so
Info [interflop-vprec]: load backend with: 
Info [interflop-vprec]: precision-binary32 = 23
Info [interflop-vprec]: range-binary32 = 7
Info [interflop-vprec]: precision-binary64 = 23
Info [interflop-vprec]: range-binary64 = 7
Info [interflop-vprec]: mode = ob
Info [interflop-vprec]: error-mode = rel
Info [interflop-vprec]: max-abs-error-exponent = -1022
Info [interflop-vprec]: daz = false
Info [interflop-vprec]: ftz = false
Info [interflop-vprec]: 	instrument = none
Info [interflop-vprec]: 	prec-input-file = (null)
Info [interflop-vprec]: 	prec-output-file = (null)
Info [interflop-vprec]: 	prec-log-file = (null)
All_Command_lines_OK
Using double precision for computations.
=============================================================================
The composite transform comprises the following transforms (in order): 
  1. Center of mass alignment using fixed image: /templateflow/tpl-MNI152NLin2009cAsym/tpl-MNI152NLin2009cAsym_res-01_desc-brain_T1w.nii.gz and moving image: /mnt/lustre/mathdugre/fast-interpolate/datasets/ds004513/derivatives/flint/antsBrainExtraction/sub-s033/BrainExtractionBrain.nii.gz (type = Euler3DTransform)
=============================================================================
  number of levels = 4
  number of levels = 4
  number of levels = 4
  fixed image: /templateflow/tpl-MNI152NLin2009cAsym/tpl-MNI152NLin2009cAsym_res-01_desc-brain_T1w.nii.gz
  moving image: /mnt/lustre/mathdugre/fast-interpolate/datasets/ds004513/derivatives/flint/antsBrainExtraction/sub-s033/BrainExtractionBrain.nii.gz
  fixed image: /templateflow/tpl-MNI152NLin2009cAsym/tpl-MNI152NLin2009cAsym_res-01_desc-brain_T1w.nii.gz
  moving image: /mnt/lustre/mathdugre/fast-interpolate/datasets/ds004513/derivatives/flint/antsBrainExtraction/sub-s033/BrainExtractionBrain.nii.gz
  fixed image: /templateflow/tpl-MNI152NLin2009cAsym/tpl-MNI152NLin2009cAsym_res-01_desc-brain_T1w.nii.gz
  moving image: /mnt/lustre/mathdugre/fast-interpolate/datasets/ds004513/derivatives/flint/antsBrainExtraction/sub-s033/BrainExtractionBrain.nii.gz
Dimension = 3
Number of stages = 3
Use histogram matching = false
Winsorize image intensities = true
  Lower quantile = 0.005
  Upper quantile = 0.995


Stage 1 State
   Image metric = MattesMI
     Fixed image = Image (0x45cbb30)
  RTTI typeinfo:   itk::Image<double, 3u>
  Reference Count: 2
  Modified Time: 2385
  Debug: Off
  Object Name: 
  Observers: 
    none
  Source: (none)
  Source output name: (none)
  Release Data: Off
  Data Released: False
  Global Release Data: Off
  PipelineMTime: 0
  UpdateMTime: 1996
  RealTimeStamp: 0 seconds 
  LargestPossibleRegion: 
    Dimension: 3
    Index: [0, 0, 0]
    Size: [193, 229, 193]
  BufferedRegion: 
    Dimension: 3
    Index: [0, 0, 0]
    Size: [193, 229, 193]
  RequestedRegion: 
    Dimension: 3
    Index: [0, 0, 0]
    Size: [193, 229, 193]
  Spacing: [1, 1, 1]
  Origin: [96, 132, -78]
  Direction: 
-1 0 0
0 -1 0
0 0 1

  IndexToPointMatrix: 
-1 0 0
0 -1 0
0 0 1

  PointToIndexMatrix: 
-1 0 0
0 -1 0
0 0 1

  Inverse Direction: 
-1 0 0
0 -1 0
0 0 1

  PixelContainer: 
    ImportImageContainer (0x45d0a10)
      RTTI typeinfo:   itk::ImportImageContainer<unsigned long, double>
      Reference Count: 1
      Modified Time: 1993
      Debug: Off
      Object Name: 
      Observers: 
        none
      Pointer: 0x7f3da224a010
      Container manages memory: true
      Size: 8530021
      Capacity: 8530021

     Moving image = Image (0x45c7400)
  RTTI typeinfo:   itk::Image<double, 3u>
  Reference Count: 2
  Modified Time: 2386
  Debug: Off
  Object Name: 
  Observers: 
    none
  Source: (none)
  Source output name: (none)
  Release Data: Off
  Data Released: False
  Global Release Data: Off
  PipelineMTime: 0
  UpdateMTime: 2383
  RealTimeStamp: 0 seconds 
  LargestPossibleRegion: 
    Dimension: 3
    Index: [0, 0, 0]
    Size: [160, 240, 256]
  BufferedRegion: 
    Dimension: 3
    Index: [0, 0, 0]
    Size: [160, 240, 256]
  RequestedRegion: 
    Dimension: 3
    Index: [0, 0, 0]
    Size: [160, 240, 256]
  Spacing: [1, 1, 1]
  Origin: [91.5134, 94.282, -109.927]
  Direction: 
-0.99591 -0.0698718 -0.0572835
0.0697565 -0.997556 0.00401236
-0.0574239 5.01125e-08 0.99835

  IndexToPointMatrix: 
-0.99591 -0.0698718 -0.0572835
0.0697565 -0.997556 0.00401236
-0.0574239 5.01125e-08 0.99835

  PointToIndexMatrix: 
-0.99591 0.0697565 -0.0574239
-0.0698718 -0.997556 -8.9407e-08
-0.0572835 0.00401232 0.99835

  Inverse Direction: 
-0.99591 0.0697565 -0.0574239
-0.0698718 -0.997556 -8.9407e-08
-0.0572835 0.00401232 0.99835

  PixelContainer: 
    ImportImageContainer (0x479b6d0)
      RTTI typeinfo:   itk::ImportImageContainer<unsigned long, double>
      Reference Count: 1
      Modified Time: 2380
      Debug: Off
      Object Name: 
      Observers: 
        none
      Pointer: 0x7f3d9d749010
      Container manages memory: true
      Size: 9830400
      Capacity: 9830400

     Weighting = 1
     Sampling strategy = regular
     Number of bins = 32
     Radius = 4
     Sampling percentage  = 0.25
   Transform = Rigid
     Gradient step = 0.1
     Update field sigma (voxel space) = 0
     Total field sigma (voxel space) = 0
     Update field time sigma = 0
     Total field time sigma  = 0
     Number of time indices = 0
     Number of time point samples = 0
Stage 2 State
   Image metric = MattesMI
     Fixed image = Image (0x45d2660)
  RTTI typeinfo:   itk::Image<double, 3u>
  Reference Count: 2
  Modified Time: 3161
  Debug: Off
  Object Name: 
  Observers: 
    none
  Source: (none)
  Source output name: (none)
  Release Data: Off
  Data Released: False
  Global Release Data: Off
  PipelineMTime: 0
  UpdateMTime: 2772
  RealTimeStamp: 0 seconds 
  LargestPossibleRegion: 
    Dimension: 3
    Index: [0, 0, 0]
    Size: [193, 229, 193]
  BufferedRegion: 
    Dimension: 3
    Index: [0, 0, 0]
    Size: [193, 229, 193]
  RequestedRegion: 
    Dimension: 3
    Index: [0, 0, 0]
    Size: [193, 229, 193]
  Spacing: [1, 1, 1]
  Origin: [96, 132, -78]
  Direction: 
-1 0 0
0 -1 0
0 0 1

  IndexToPointMatrix: 
-1 0 0
0 -1 0
0 0 1

  PointToIndexMatrix: 
-1 0 0
0 -1 0
0 0 1

  Inverse Direction: 
-1 0 0
0 -1 0
0 0 1

  PixelContainer: 
    ImportImageContainer (0x45f58a0)
      RTTI typeinfo:   itk::ImportImageContainer<unsigned long, double>
      Reference Count: 1
      Modified Time: 2769
      Debug: Off
      Object Name: 
      Observers: 
        none
      Pointer: 0x7f3d99634010
      Container manages memory: true
      Size: 8530021
      Capacity: 8530021

     Moving image = Image (0x45d4d80)
  RTTI typeinfo:   itk::Image<double, 3u>
  Reference Count: 2
  Modified Time: 3162
  Debug: Off
  Object Name: 
  Observers: 
    none
  Source: (none)
  Source output name: (none)
  Release Data: Off
  Data Released: False
  Global Release Data: Off
  PipelineMTime: 0
  UpdateMTime: 3159
  RealTimeStamp: 0 seconds 
  LargestPossibleRegion: 
    Dimension: 3
    Index: [0, 0, 0]
    Size: [160, 240, 256]
  BufferedRegion: 
    Dimension: 3
    Index: [0, 0, 0]
    Size: [160, 240, 256]
  RequestedRegion: 
    Dimension: 3
    Index: [0, 0, 0]
    Size: [160, 240, 256]
  Spacing: [1, 1, 1]
  Origin: [91.5134, 94.282, -109.927]
  Direction: 
-0.99591 -0.0698718 -0.0572835
0.0697565 -0.997556 0.00401236
-0.0574239 5.01125e-08 0.99835

  IndexToPointMatrix: 
-0.99591 -0.0698718 -0.0572835
0.0697565 -0.997556 0.00401236
-0.0574239 5.01125e-08 0.99835

  PointToIndexMatrix: 
-0.99591 0.0697565 -0.0574239
-0.0698718 -0.997556 -8.9407e-08
-0.0572835 0.00401232 0.99835

  Inverse Direction: 
-0.99591 0.0697565 -0.0574239
-0.0698718 -0.997556 -8.9407e-08
-0.0572835 0.00401232 0.99835

  PixelContainer: 
    ImportImageContainer (0x469b4d0)
      RTTI typeinfo:   itk::ImportImageContainer<unsigned long, double>
      Reference Count: 1
      Modified Time: 3156
      Debug: Off
      Object Name: 
      Observers: 
        none
      Pointer: 0x7f3d94b33010
      Container manages memory: true
      Size: 9830400
      Capacity: 9830400

     Weighting = 1
     Sampling strategy = regular
     Number of bins = 32
     Radius = 4
     Sampling percentage  = 0.25
   Transform = Affine
     Gradient step = 0.1
     Update field sigma (voxel space) = 0
     Total field sigma (voxel space) = 0
     Update field time sigma = 0
     Total field time sigma  = 0
     Number of time indices = 0
     Number of time point samples = 0
Stage 3 State
   Image metric = CC
     Fixed image = Image (0x45d3f30)
  RTTI typeinfo:   itk::Image<double, 3u>
  Reference Count: 2
  Modified Time: 3937
  Debug: Off
  Object Name: 
  Observers: 
    none
  Source: (none)
  Source output name: (none)
  Release Data: Off
  Data Released: False
  Global Release Data: Off
  PipelineMTime: 0
  UpdateMTime: 3548
  RealTimeStamp: 0 seconds 
  LargestPossibleRegion: 
    Dimension: 3
    Index: [0, 0, 0]
    Size: [193, 229, 193]
  BufferedRegion: 
    Dimension: 3
    Index: [0, 0, 0]
    Size: [193, 229, 193]
  RequestedRegion: 
    Dimension: 3
    Index: [0, 0, 0]
    Size: [193, 229, 193]
  Spacing: [1, 1, 1]
  Origin: [96, 132, -78]
  Direction: 
-1 0 0
0 -1 0
0 0 1

  IndexToPointMatrix: 
-1 0 0
0 -1 0
0 0 1

  PointToIndexMatrix: 
-1 0 0
0 -1 0
0 0 1

  Inverse Direction: 
-1 0 0
0 -1 0
0 0 1

  PixelContainer: 
    ImportImageContainer (0x47938b0)
      RTTI typeinfo:   itk::ImportImageContainer<unsigned long, double>
      Reference Count: 1
      Modified Time: 3545
      Debug: Off
      Object Name: 
      Observers: 
        none
      Pointer: 0x7f3d90a1e010
      Container manages memory: true
      Size: 8530021
      Capacity: 8530021

     Moving image = Image (0x45d13f0)
  RTTI typeinfo:   itk::Image<double, 3u>
  Reference Count: 2
  Modified Time: 3938
  Debug: Off
  Object Name: 
  Observers: 
    none
  Source: (none)
  Source output name: (none)
  Release Data: Off
  Data Released: False
  Global Release Data: Off
  PipelineMTime: 0
  UpdateMTime: 3935
  RealTimeStamp: 0 seconds 
  LargestPossibleRegion: 
    Dimension: 3
    Index: [0, 0, 0]
    Size: [160, 240, 256]
  BufferedRegion: 
    Dimension: 3
    Index: [0, 0, 0]
    Size: [160, 240, 256]
  RequestedRegion: 
    Dimension: 3
    Index: [0, 0, 0]
    Size: [160, 240, 256]
  Spacing: [1, 1, 1]
  Origin: [91.5134, 94.282, -109.927]
  Direction: 
-0.99591 -0.0698718 -0.0572835
0.0697565 -0.997556 0.00401236
-0.0574239 5.01125e-08 0.99835

  IndexToPointMatrix: 
-0.99591 -0.0698718 -0.0572835
0.0697565 -0.997556 0.00401236
-0.0574239 5.01125e-08 0.99835

  PointToIndexMatrix: 
-0.99591 0.0697565 -0.0574239
-0.0698718 -0.997556 -8.9407e-08
-0.0572835 0.00401232 0.99835

  Inverse Direction: 
-0.99591 0.0697565 -0.0574239
-0.0698718 -0.997556 -8.9407e-08
-0.0572835 0.00401232 0.99835

  PixelContainer: 
    ImportImageContainer (0x475b6d0)
      RTTI typeinfo:   itk::ImportImageContainer<unsigned long, double>
      Reference Count: 1
      Modified Time: 3932
      Debug: Off
      Object Name: 
      Observers: 
        none
      Pointer: 0x7f3d8bf1d010
      Container manages memory: true
      Size: 9830400
      Capacity: 9830400

     Weighting = 1
     Sampling strategy = none
     Number of bins = 32
     Radius = 4
     Sampling percentage  = 1
   Transform = SyN
     Gradient step = 0.1
     Update field sigma (voxel space) = 3
     Total field sigma (voxel space) = 0
     Update field time sigma = 0
     Total field time sigma  = 0
     Number of time indices = 0
     Number of time point samples = 0
Registration using 3 total stages.

Stage 0
  iterations = 1000x500x250x100
  convergence threshold = 1e-06
  convergence window size = 10
  number of levels = 4
  using the Mattes MI metric (number of bins = 32, weight = 1, use gradient filter = 0)
  preprocessing:  winsorizing the image intensities
  Shrink factors (level 1 out of 4): [8, 8, 8]
  Shrink factors (level 2 out of 4): [4, 4, 4]
  Shrink factors (level 3 out of 4): [2, 2, 2]
  Shrink factors (level 4 out of 4): [1, 1, 1]
  smoothing sigmas per level: [3, 2, 1, 0]
  regular sampling (percentage = 0.25)

*** Running Euler3DTransform registration ***

DIAGNOSTIC,Iteration,metricValue,convergenceValue,ITERATION_TIME_INDEX,SINCE_LAST
*/mnt/lustre/mathdugre/fast-interpolate/datasets/ds004513/derivatives/flint/antsRegistration/r7-p23/sub-s033/Stage1_level1_Iter0001.nii.gz
2DIAGNOSTIC,     1, -4.940068542319e-01, 1.797693134862e+308, 0.0000e+00, 0.0000e+00, 
*/mnt/lustre/mathdugre/fast-interpolate/datasets/ds004513/derivatives/flint/antsRegistration/r7-p23/sub-s033/Stage1_level1_Iter0002.nii.gz
2DIAGNOSTIC,     2, -4.956890199530e-01, 1.797693134862e+308, 0.0000e+00, 0.0000e+00, 
*/mnt/lustre/mathdugre/fast-interpolate/datasets/ds004513/derivatives/flint/antsRegistration/r7-p23/sub-s033/Stage1_level1_Iter0003.nii.gz
2DIAGNOSTIC,     3, -4.987676565679e-01, 1.797693134862e+308, 0.0000e+00, 0.0000e+00, 
*/mnt/lustre/mathdugre/fast-interpolate/datasets/ds004513/derivatives/flint/antsRegistration/r7-p23/sub-s033/Stage1_level1_Iter0004.nii.gz
2DIAGNOSTIC,     4, -5.028031718856e-01, 1.797693134862e+308, 0.0000e+00, 0.0000e+00, 
*/mnt/lustre/mathdugre/fast-interpolate/datasets/ds004513/derivatives/flint/antsRegistration/r7-p23/sub-s033/Stage1_level1_Iter0005.nii.gz
2DIAGNOSTIC,     5, -5.058190766916e-01, 1.797693134862e+308, 0.0000e+00, 0.0000e+00, 
*/mnt/lustre/mathdugre/fast-interpolate/datasets/ds004513/derivatives/flint/antsRegistration/r7-p23/sub-s033/Stage1_level1_Iter0006.nii.gz
2DIAGNOSTIC,     6, -5.091784091763e-01, 1.797693134862e+308, 0.0000e+00, 0.0000e+00, 
*/mnt/lustre/mathdugre/fast-interpolate/datasets/ds004513/derivatives/flint/antsRegistration/r7-p23/sub-s033/Stage1_level1_Iter0007.nii.gz
2DIAGNOSTIC,     7, -5.197252757331e-01, 1.797693134862e+308, 0.0000e+00, 0.0000e+00, 
*/mnt/lustre/mathdugre/fast-interpolate/datasets/ds004513/derivatives/flint/antsRegistration/r7-p23/sub-s033/Stage1_level1_Iter0008.nii.gz
2DIAGNOSTIC,     8, -5.231638027612e-01, 1.797693134862e+308, 0.0000e+00, 0.0000e+00, 
*/mnt/lustre/mathdugre/fast-interpolate/datasets/ds004513/derivatives/flint/antsRegistration/r7-p23/sub-s033/Stage1_level1_Iter0009.nii.gz
2DIAGNOSTIC,     9, -5.250741611962e-01, 1.797693134862e+308, 0.0000e+00, 0.0000e+00, 
*/mnt/lustre/mathdugre/fast-interpolate/datasets/ds004513/derivatives/flint/antsRegistration/r7-p23/sub-s033/Stage1_level1_Iter0010.nii.gz
2DIAGNOSTIC,    10, -5.401347995479e-01, 5.414791405201e-03, 0.0000e+00, 0.0000e+00, 
*/mnt/lustre/mathdugre/fast-interpolate/datasets/ds004513/derivatives/flint/antsRegistration/r7-p23/sub-s033/Stage1_level1_Iter0011.nii.gz
2DIAGNOSTIC,    11, -5.531189366897e-01, 5.972623825073e-03, 0.0000e+00, 0.0000e+00, 
*/mnt/lustre/mathdugre/fast-interpolate/datasets/ds004513/derivatives/flint/antsRegistration/r7-p23/sub-s033/Stage1_level1_Iter0012.nii.gz
2DIAGNOSTIC,    12, -5.581862069356e-01, 6.186477839947e-03, 0.0000e+00, 0.0000e+00, 
*/mnt/lustre/mathdugre/fast-interpolate/datasets/ds004513/derivatives/flint/antsRegistration/r7-p23/sub-s033/Stage1_level1_Iter0013.nii.gz
2DIAGNOSTIC,    13, -5.606970159219e-01, 6.047308444977e-03, 0.0000e+00, 0.0000e+00, 
*/mnt/lustre/mathdugre/fast-interpolate/datasets/ds004513/derivatives/flint/antsRegistration/r7-p23/sub-s033/Stage1_level1_Iter0014.nii.gz
2DIAGNOSTIC,    14, -5.616510179238e-01, 5.584239959717e-03, 0.0000e+00, 0.0000e+00, 
*/mnt/lustre/mathdugre/fast-interpolate/datasets/ds004513/derivatives/flint/antsRegistration/r7-p23/sub-s033/Stage1_level1_Iter0015.nii.gz
2DIAGNOSTIC,    15, -5.618069391934e-01, 4.788614809513e-03, 0.0000e+00, 0.0000e+00, 
*/mnt/lustre/mathdugre/fast-interpolate/datasets/ds004513/derivatives/flint/antsRegistration/r7-p23/sub-s033/Stage1_level1_Iter0016.nii.gz
2DIAGNOSTIC,    16, -5.619963347902e-01, 3.764405846596e-03, 0.0000e+00, 0.0000e+00, 
*/mnt/lustre/mathdugre/fast-interpolate/datasets/ds004513/derivatives/flint/antsRegistration/r7-p23/sub-s033/Stage1_level1_Iter0017.nii.gz
2DIAGNOSTIC,    17, -5.622943135971e-01, 2.864792943001e-03, 0.0000e+00, 0.0000e+00, 
*/mnt/lustre/mathdugre/fast-interpolate/datasets/ds004513/derivatives/flint/antsRegistration/r7-p23/sub-s033/Stage1_level1_Iter0018.nii.gz
2DIAGNOSTIC,    18, -5.626977032458e-01, 1.928679645061e-03, 0.0000e+00, 0.0000e+00, 
*/mnt/lustre/mathdugre/fast-interpolate/datasets/ds004513/derivatives/flint/antsRegistration/r7-p23/sub-s033/Stage1_level1_Iter0019.nii.gz
2DIAGNOSTIC,    19, -5.632487746648e-01, 9.807720780373e-04, 0.0000e+00, 0.0000e+00, 
*/mnt/lustre/mathdugre/fast-interpolate/datasets/ds004513/derivatives/flint/antsRegistration/r7-p23/sub-s033/Stage1_level1_Iter0020.nii.gz
2DIAGNOSTIC,    20, -5.641215252267e-01, 4.564784467220e-04, 0.0000e+00, 0.0000e+00, 
*/mnt/lustre/mathdugre/fast-interpolate/datasets/ds004513/derivatives/flint/antsRegistration/r7-p23/sub-s033/Stage1_level1_Iter0021.nii.gz
2DIAGNOSTIC,    21, -5.652417330023e-01, 2.944692969322e-04, 0.0000e+00, 0.0000e+00, 
*/mnt/lustre/mathdugre/fast-interpolate/datasets/ds004513/derivatives/flint/antsRegistration/r7-p23/sub-s033/Stage1_level1_Iter0022.nii.gz
2DIAGNOSTIC,    22, -5.659028892580e-01, 2.560913562775e-04, 0.0000e+00, 0.0000e+00, 
*/mnt/lustre/mathdugre/fast-interpolate/datasets/ds004513/derivatives/flint/antsRegistration/r7-p23/sub-s033/Stage1_level1_Iter0023.nii.gz
2DIAGNOSTIC,    23, -5.663733032540e-01, 2.650916576385e-04, 0.0000e+00, 0.0000e+00, 
*/mnt/lustre/mathdugre/fast-interpolate/datasets/ds004513/derivatives/flint/antsRegistration/r7-p23/sub-s033/Stage1_level1_Iter0024.nii.gz
2DIAGNOSTIC,    24, -5.681990719009e-01, 3.094710409641e-04, 0.0000e+00, 0.0000e+00, 
*/mnt/lustre/mathdugre/fast-interpolate/datasets/ds004513/derivatives/flint/antsRegistration/r7-p23/sub-s033/Stage1_level1_Iter0025.nii.gz
2DIAGNOSTIC,    25, -5.773975141882e-01, 5.158968269825e-04, 0.0000e+00, 0.0000e+00, 
*/mnt/lustre/mathdugre/fast-interpolate/datasets/ds004513/derivatives/flint/antsRegistration/r7-p23/sub-s033/Stage1_level1_Iter0026.nii.gz
2DIAGNOSTIC,    26, -5.792411921087e-01, 6.928592920303e-04, 0.0000e+00, 0.0000e+00, 
*/mnt/lustre/mathdugre/fast-interpolate/datasets/ds004513/derivatives/flint/antsRegistration/r7-p23/sub-s033/Stage1_level1_Iter0027.nii.gz
2DIAGNOSTIC,    27, -5.815542866375e-01, 8.427277207375e-04, 0.0000e+00, 0.0000e+00, 
*/mnt/lustre/mathdugre/fast-interpolate/datasets/ds004513/derivatives/flint/antsRegistration/r7-p23/sub-s033/Stage1_level1_Iter0028.nii.gz
2DIAGNOSTIC,    28, -5.921039092382e-01, 1.106481999159e-03, 0.0000e+00, 0.0000e+00, 
*/mnt/lustre/mathdugre/fast-interpolate/datasets/ds004513/derivatives/flint/antsRegistration/r7-p23/sub-s033/Stage1_level1_Iter0029.nii.gz
2DIAGNOSTIC,    29, -6.024876310658e-01, 1.435313373804e-03, 0.0000e+00, 0.0000e+00, 
*/mnt/lustre/mathdugre/fast-interpolate/datasets/ds004513/derivatives/flint/antsRegistration/r7-p23/sub-s033/Stage1_level1_Iter0030.nii.gz
2DIAGNOSTIC,    30, -6.086901408284e-01, 1.720570027828e-03, 0.0000e+00, 0.0000e+00, 
*/mnt/lustre/mathdugre/fast-interpolate/datasets/ds004513/derivatives/flint/antsRegistration/r7-p23/sub-s033/Stage1_level1_Iter0031.nii.gz
2DIAGNOSTIC,    31, -6.120629820825e-01, 1.898504793644e-03, 0.0000e+00, 0.0000e+00, 
*/mnt/lustre/mathdugre/fast-interpolate/datasets/ds004513/derivatives/flint/antsRegistration/r7-p23/sub-s033/Stage1_level1_Iter0032.nii.gz
2DIAGNOSTIC,    32, -6.139790105778e-01, 1.929547637701e-03, 0.0000e+00, 0.0000e+00, 
*/mnt/lustre/mathdugre/fast-interpolate/datasets/ds004513/derivatives/flint/antsRegistration/r7-p23/sub-s033/Stage1_level1_Iter0033.nii.gz
2DIAGNOSTIC,    33, -6.149903124150e-01, 1.798227429390e-03, 0.0000e+00, 0.0000e+00, 
*/mnt/lustre/mathdugre/fast-interpolate/datasets/ds004513/derivatives/flint/antsRegistration/r7-p23/sub-s033/Stage1_level1_Iter0034.nii.gz
2DIAGNOSTIC,    34, -6.163033860527e-01, 1.546315848827e-03, 0.0000e+00, 0.0000e+00, 
*/mnt/lustre/mathdugre/fast-interpolate/datasets/ds004513/derivatives/flint/antsRegistration/r7-p23/sub-s033/Stage1_level1_Iter0035.nii.gz
2DIAGNOSTIC,    35, -6.250002455024e-01, 1.422584056854e-03, 0.0000e+00, 0.0000e+00, 
*/mnt/lustre/mathdugre/fast-interpolate/datasets/ds004513/derivatives/flint/antsRegistration/r7-p23/sub-s033/Stage1_level1_Iter0036.nii.gz
2DIAGNOSTIC,    36, -6.254065868076e-01, 1.202275976539e-03, 0.0000e+00, 0.0000e+00, 
*/mnt/lustre/mathdugre/fast-interpolate/datasets/ds004513/derivatives/flint/antsRegistration/r7-p23/sub-s033/Stage1_level1_Iter0037.nii.gz
2DIAGNOSTIC,    37, -6.254078427627e-01, 9.125676006079e-04, 0.0000e+00, 0.0000e+00, 
*/mnt/lustre/mathdugre/fast-interpolate/datasets/ds004513/derivatives/flint/antsRegistration/r7-p23/sub-s033/Stage1_level1_Iter0038.nii.gz
2DIAGNOSTIC,    38, -6.255600693938e-01, 6.940141320229e-04, 0.0000e+00, 0.0000e+00, 
*/mnt/lustre/mathdugre/fast-interpolate/datasets/ds004513/derivatives/flint/antsRegistration/r7-p23/sub-s033/Stage1_level1_Iter0039.nii.gz
2DIAGNOSTIC,    39, -6.257788768895e-01, 5.561076104641e-04, 0.0000e+00, 0.0000e+00, 
*/mnt/lustre/mathdugre/fast-interpolate/datasets/ds004513/derivatives/flint/antsRegistration/r7-p23/sub-s033/Stage1_level1_Iter0040.nii.gz
2DIAGNOSTIC,    40, -6.259050395049e-01, 4.493817687035e-04, 0.0000e+00, 0.0000e+00, 
*/mnt/lustre/mathdugre/fast-interpolate/datasets/ds004513/derivatives/flint/antsRegistration/r7-p23/sub-s033/Stage1_level1_Iter0041.nii.gz
2DIAGNOSTIC,    41, -6.261044406646e-01, 3.484021872282e-04, 0.0000e+00, 0.0000e+00, 
*/mnt/lustre/mathdugre/fast-interpolate/datasets/ds004513/derivatives/flint/antsRegistration/r7-p23/sub-s033/Stage1_level1_Iter0042.nii.gz
2DIAGNOSTIC,    42, -6.261121058554e-01, 2.438593655825e-04, 0.0000e+00, 0.0000e+00, 
*/mnt/lustre/mathdugre/fast-interpolate/datasets/ds004513/derivatives/flint/antsRegistration/r7-p23/sub-s033/Stage1_level1_Iter0043.nii.gz
2DIAGNOSTIC,    43, -6.265591719223e-01, 1.391600817442e-04, 0.0000e+00, 0.0000e+00, 
*/mnt/lustre/mathdugre/fast-interpolate/datasets/ds004513/derivatives/flint/antsRegistration/r7-p23/sub-s033/Stage1_level1_Iter0044.nii.gz
2DIAGNOSTIC,    44, -6.268655420446e-01, 4.178099334240e-05, 0.0000e+00, 0.0000e+00, 
*/mnt/lustre/mathdugre/fast-interpolate/datasets/ds004513/derivatives/flint/antsRegistration/r7-p23/sub-s033/Stage1_level1_Iter0045.nii.gz
2DIAGNOSTIC,    45, -6.280332634533e-01, 5.338527262211e-05, 0.0000e+00, 0.0000e+00, 
*/mnt/lustre/mathdugre/fast-interpolate/datasets/ds004513/derivatives/flint/antsRegistration/r7-p23/sub-s033/Stage1_level1_Iter0046.nii.gz
2DIAGNOSTIC,    46, -6.296501061791e-01, 8.087418973446e-05, 0.0000e+00, 0.0000e+00, 
*/mnt/lustre/mathdugre/fast-interpolate/datasets/ds004513/derivatives/flint/antsRegistration/r7-p23/sub-s033/Stage1_level1_Iter0047.nii.gz
2DIAGNOSTIC,    47, -6.299172361906e-01, 1.019407063723e-04, 0.0000e+00, 0.0000e+00, 
*/mnt/lustre/mathdugre/fast-interpolate/datasets/ds004513/derivatives/flint/antsRegistration/r7-p23/sub-s033/Stage1_level1_Iter0048.nii.gz
2DIAGNOSTIC,    48, -6.312066829959e-01, 1.273341476917e-04, 0.0000e+00, 0.0000e+00, 
*/mnt/lustre/mathdugre/fast-interpolate/datasets/ds004513/derivatives/flint/antsRegistration/r7-p23/sub-s033/Stage1_level1_Iter0049.nii.gz
2DIAGNOSTIC,    49, -6.337467056781e-01, 1.668930053711e-04, 0.0000e+00, 0.0000e+00, 
*/mnt/lustre/mathdugre/fast-interpolate/datasets/ds004513/derivatives/flint/antsRegistration/r7-p23/sub-s033/Stage1_level1_Iter0050.nii.gz
2DIAGNOSTIC,    50, -6.347698777162e-01, 1.992974430323e-04, 0.0000e+00, 0.0000e+00, 
*/mnt/lustre/mathdugre/fast-interpolate/datasets/ds004513/derivatives/flint/antsRegistration/r7-p23/sub-s033/Stage1_level1_Iter0051.nii.gz
2DIAGNOSTIC,    51, -6.359673045155e-01, 2.246778458357e-04, 0.0000e+00, 0.0000e+00, 
*/mnt/lustre/mathdugre/fast-interpolate/datasets/ds004513/derivatives/flint/antsRegistration/r7-p23/sub-s033/Stage1_level1_Iter0052.nii.gz
2DIAGNOSTIC,    52, -6.369286839349e-01, 2.367515116930e-04, 0.0000e+00, 0.0000e+00, 
*/mnt/lustre/mathdugre/fast-interpolate/datasets/ds004513/derivatives/flint/antsRegistration/r7-p23/sub-s033/Stage1_level1_Iter0053.nii.gz
2DIAGNOSTIC,    53, -6.379542552521e-01, 2.392586320639e-04, 0.0000e+00, 0.0000e+00, 
*/mnt/lustre/mathdugre/fast-interpolate/datasets/ds004513/derivatives/flint/antsRegistration/r7-p23/sub-s033/Stage1_level1_Iter0054.nii.gz
2DIAGNOSTIC,    54, -6.382330007142e-01, 2.235174179077e-04, 0.0000e+00, 0.0000e+00, 
*/mnt/lustre/mathdugre/fast-interpolate/datasets/ds004513/derivatives/flint/antsRegistration/r7-p23/sub-s033/Stage1_level1_Iter0055.nii.gz
2DIAGNOSTIC,    55, -6.388564845956e-01, 2.025421708822e-04, 0.0000e+00, 0.0000e+00, 
*/mnt/lustre/mathdugre/fast-interpolate/datasets/ds004513/derivatives/flint/antsRegistration/r7-p23/sub-s033/Stage1_level1_Iter0056.nii.gz
2DIAGNOSTIC,    56, -6.393025001915e-01, 1.810565590858e-04, 0.0000e+00, 0.0000e+00, 
*/mnt/lustre/mathdugre/fast-interpolate/datasets/ds004513/derivatives/flint/antsRegistration/r7-p23/sub-s033/Stage1_level1_Iter0057.nii.gz
2DIAGNOSTIC,    57, -6.400064864304e-01, 1.511853188276e-04, 0.0000e+00, 0.0000e+00, 
*/mnt/lustre/mathdugre/fast-interpolate/datasets/ds004513/derivatives/flint/antsRegistration/r7-p23/sub-s033/Stage1_level1_Iter0058.nii.gz
2DIAGNOSTIC,    58, -6.406725610757e-01, 1.236908137798e-04, 0.0000e+00, 0.0000e+00, 
*/mnt/lustre/mathdugre/fast-interpolate/datasets/ds004513/derivatives/flint/antsRegistration/r7-p23/sub-s033/Stage1_level1_Iter0059.nii.gz
2DIAGNOSTIC,    59, -6.406724854760e-01, 1.060385257006e-04, 0.0000e+00, 0.0000e+00, 
*/mnt/lustre/mathdugre/fast-interpolate/datasets/ds004513/derivatives/flint/antsRegistration/r7-p23/sub-s033/Stage1_level1_Iter0060.nii.gz
2DIAGNOSTIC,    60, -6.406726003126e-01, 8.711405098438e-05, 0.0000e+00, 0.0000e+00, 
*/mnt/lustre/mathdugre/fast-interpolate/datasets/ds004513/derivatives/flint/antsRegistration/r7-p23/sub-s033/Stage1_level1_Iter0061.nii.gz
2DIAGNOSTIC,    61, -6.406728358029e-01, 6.988085806370e-05, 0.0000e+00, 0.0000e+00, 
*/mnt/lustre/mathdugre/fast-interpolate/datasets/ds004513/derivatives/flint/antsRegistration/r7-p23/sub-s033/Stage1_level1_Iter0062.nii.gz
2DIAGNOSTIC,    62, -6.406731754333e-01, 5.378760397434e-05, 0.0000e+00, 0.0000e+00, 
*/mnt/lustre/mathdugre/fast-interpolate/datasets/ds004513/derivatives/flint/antsRegistration/r7-p23/sub-s033/Stage1_level1_Iter0063.nii.gz
2DIAGNOSTIC,    63, -6.406736436561e-01, 4.088319838047e-05, 0.0000e+00, 0.0000e+00, 
*/mnt/lustre/mathdugre/fast-interpolate/datasets/ds004513/derivatives/flint/antsRegistration/r7-p23/sub-s033/Stage1_level1_Iter0064.nii.gz
2DIAGNOSTIC,    64, -6.406744968181e-01, 2.660229802132e-05, 0.0000e+00, 0.0000e+00, 
*/mnt/lustre/mathdugre/fast-interpolate/datasets/ds004513/derivatives/flint/antsRegistration/r7-p23/sub-s033/Stage1_level1_Iter0065.nii.gz
2DIAGNOSTIC,    65, -6.406758778943e-01, 1.493282616138e-05, 0.0000e+00, 0.0000e+00, 
*/mnt/lustre/mathdugre/fast-interpolate/datasets/ds004513/derivatives/flint/antsRegistration/r7-p23/sub-s033/Stage1_level1_Iter0066.nii.gz
2DIAGNOSTIC,    66, -6.406783446256e-01, 5.416572093964e-06, 0.0000e+00, 0.0000e+00, 
DIAGNOSTIC,Iteration,metricValue,convergenceValue,ITERATION_TIME_INDEX,SINCE_LAST
*/mnt/lustre/mathdugre/fast-interpolate/datasets/ds004513/derivatives/flint/antsRegistration/r7-p23/sub-s033/Stage1_level2_Iter0001.nii.gz
2DIAGNOSTIC,     1, -5.343646236538e-01, 1.797693134862e+308, 1.2800e+02, 1.2800e+02, 
*/mnt/lustre/mathdugre/fast-interpolate/datasets/ds004513/derivatives/flint/antsRegistration/r7-p23/sub-s033/Stage1_level2_Iter0002.nii.gz
2DIAGNOSTIC,     2, -5.348331715101e-01, 1.797693134862e+308, 1.2800e+02, 0.0000e+00, 
*/mnt/lustre/mathdugre/fast-interpolate/datasets/ds004513/derivatives/flint/antsRegistration/r7-p23/sub-s033/Stage1_level2_Iter0003.nii.gz
2DIAGNOSTIC,     3, -5.355341095699e-01, 1.797693134862e+308, 1.2800e+02, 0.0000e+00, 
*/mnt/lustre/mathdugre/fast-interpolate/datasets/ds004513/derivatives/flint/antsRegistration/r7-p23/sub-s033/Stage1_level2_Iter0004.nii.gz
2DIAGNOSTIC,     4, -5.364994805954e-01, 1.797693134862e+308, 1.2800e+02, 0.0000e+00, 
*/mnt/lustre/mathdugre/fast-interpolate/datasets/ds004513/derivatives/flint/antsRegistration/r7-p23/sub-s033/Stage1_level2_Iter0005.nii.gz
2DIAGNOSTIC,     5, -5.376007255469e-01, 1.797693134862e+308, 1.2800e+02, 0.0000e+00, 
*/mnt/lustre/mathdugre/fast-interpolate/datasets/ds004513/derivatives/flint/antsRegistration/r7-p23/sub-s033/Stage1_level2_Iter0006.nii.gz
2DIAGNOSTIC,     6, -5.384542753625e-01, 1.797693134862e+308, 1.2800e+02, 0.0000e+00, 
*/mnt/lustre/mathdugre/fast-interpolate/datasets/ds004513/derivatives/flint/antsRegistration/r7-p23/sub-s033/Stage1_level2_Iter0007.nii.gz
2DIAGNOSTIC,     7, -5.397861162716e-01, 1.797693134862e+308, 1.2800e+02, 0.0000e+00, 
*/mnt/lustre/mathdugre/fast-interpolate/datasets/ds004513/derivatives/flint/antsRegistration/r7-p23/sub-s033/Stage1_level2_Iter0008.nii.gz
2DIAGNOSTIC,     8, -5.426612290485e-01, 1.797693134862e+308, 1.2800e+02, 0.0000e+00, 
*/mnt/lustre/mathdugre/fast-interpolate/datasets/ds004513/derivatives/flint/antsRegistration/r7-p23/sub-s033/Stage1_level2_Iter0009.nii.gz
2DIAGNOSTIC,     9, -5.439227269469e-01, 1.797693134862e+308, 1.2800e+02, 0.0000e+00, 
*/mnt/lustre/mathdugre/fast-interpolate/datasets/ds004513/derivatives/flint/antsRegistration/r7-p23/sub-s033/Stage1_level2_Iter0010.nii.gz
2DIAGNOSTIC,    10, -5.442596964156e-01, 1.296348869801e-03, 1.2800e+02, 0.0000e+00, 
*/mnt/lustre/mathdugre/fast-interpolate/datasets/ds004513/derivatives/flint/antsRegistration/r7-p23/sub-s033/Stage1_level2_Iter0011.nii.gz
2DIAGNOSTIC,    11, -5.443210400411e-01, 1.196086406708e-03, 1.2800e+02, 0.0000e+00, 
*/mnt/lustre/mathdugre/fast-interpolate/datasets/ds004513/derivatives/flint/antsRegistration/r7-p23/sub-s033/Stage1_level2_Iter0012.nii.gz
2DIAGNOSTIC,    12, -5.444310222662e-01, 1.030951738358e-03, 1.2800e+02, 0.0000e+00, 
*/mnt/lustre/mathdugre/fast-interpolate/datasets/ds004513/derivatives/flint/antsRegistration/r7-p23/sub-s033/Stage1_level2_Iter0013.nii.gz
2DIAGNOSTIC,    13, -5.446698016357e-01, 8.344203233719e-04, 1.2800e+02, 0.0000e+00, 
*/mnt/lustre/mathdugre/fast-interpolate/datasets/ds004513/derivatives/flint/antsRegistration/r7-p23/sub-s033/Stage1_level2_Iter0014.nii.gz
2DIAGNOSTIC,    14, -5.450755701165e-01, 6.407126784325e-04, 1.2800e+02, 0.0000e+00, 
*/mnt/lustre/mathdugre/fast-interpolate/datasets/ds004513/derivatives/flint/antsRegistration/r7-p23/sub-s033/Stage1_level2_Iter0015.nii.gz
2DIAGNOSTIC,    15, -5.450313624559e-01, 4.525557160378e-04, 1.2800e+02, 0.0000e+00, 
*/mnt/lustre/mathdugre/fast-interpolate/datasets/ds004513/derivatives/flint/antsRegistration/r7-p23/sub-s033/Stage1_level2_Iter0016.nii.gz
2DIAGNOSTIC,    16, -5.450483101952e-01, 2.762079238892e-04, 1.2800e+02, 0.0000e+00, 
*/mnt/lustre/mathdugre/fast-interpolate/datasets/ds004513/derivatives/flint/antsRegistration/r7-p23/sub-s033/Stage1_level2_Iter0017.nii.gz
2DIAGNOSTIC,    17, -5.452408703833e-01, 1.407563686371e-04, 1.2800e+02, 0.0000e+00, 
*/mnt/lustre/mathdugre/fast-interpolate/datasets/ds004513/derivatives/flint/antsRegistration/r7-p23/sub-s033/Stage1_level2_Iter0018.nii.gz
2DIAGNOSTIC,    18, -5.452417441371e-01, 9.023770689964e-05, 1.2800e+02, 0.0000e+00, 
*/mnt/lustre/mathdugre/fast-interpolate/datasets/ds004513/derivatives/flint/antsRegistration/r7-p23/sub-s033/Stage1_level2_Iter0019.nii.gz
2DIAGNOSTIC,    19, -5.452471226654e-01, 7.155165076256e-05, 1.2800e+02, 0.0000e+00, 
*/mnt/lustre/mathdugre/fast-interpolate/datasets/ds004513/derivatives/flint/antsRegistration/r7-p23/sub-s033/Stage1_level2_Iter0020.nii.gz
2DIAGNOSTIC,    20, -5.452556289306e-01, 5.743280053139e-05, 1.2800e+02, 0.0000e+00, 
*/mnt/lustre/mathdugre/fast-interpolate/datasets/ds004513/derivatives/flint/antsRegistration/r7-p23/sub-s033/Stage1_level2_Iter0021.nii.gz
2DIAGNOSTIC,    21, -5.452710940205e-01, 4.153698682785e-05, 1.2800e+02, 0.0000e+00, 
*/mnt/lustre/mathdugre/fast-interpolate/datasets/ds004513/derivatives/flint/antsRegistration/r7-p23/sub-s033/Stage1_level2_Iter0022.nii.gz
2DIAGNOSTIC,    22, -5.452906487885e-01, 2.628564834595e-05, 1.2800e+02, 0.0000e+00, 
*/mnt/lustre/mathdugre/fast-interpolate/datasets/ds004513/derivatives/flint/antsRegistration/r7-p23/sub-s033/Stage1_level2_Iter0023.nii.gz
2DIAGNOSTIC,    23, -5.453913828611e-01, 1.749023795128e-05, 1.2800e+02, 0.0000e+00, 
*/mnt/lustre/mathdugre/fast-interpolate/datasets/ds004513/derivatives/flint/antsRegistration/r7-p23/sub-s033/Stage1_level2_Iter0024.nii.gz
2DIAGNOSTIC,    24, -5.455381992565e-01, 2.003833651543e-05, 1.2800e+02, 0.0000e+00, 
*/mnt/lustre/mathdugre/fast-interpolate/datasets/ds004513/derivatives/flint/antsRegistration/r7-p23/sub-s033/Stage1_level2_Iter0025.nii.gz
2DIAGNOSTIC,    25, -5.458324940004e-01, 2.583116292953e-05, 1.2800e+02, 0.0000e+00, 
*/mnt/lustre/mathdugre/fast-interpolate/datasets/ds004513/derivatives/flint/antsRegistration/r7-p23/sub-s033/Stage1_level2_Iter0026.nii.gz
2DIAGNOSTIC,    26, -5.468568635152e-01, 4.962459206581e-05, 1.2800e+02, 0.0000e+00, 
*/mnt/lustre/mathdugre/fast-interpolate/datasets/ds004513/derivatives/flint/antsRegistration/r7-p23/sub-s033/Stage1_level2_Iter0027.nii.gz
2DIAGNOSTIC,    27, -5.469422280946e-01, 7.200986146927e-05, 1.2800e+02, 0.0000e+00, 
*/mnt/lustre/mathdugre/fast-interpolate/datasets/ds004513/derivatives/flint/antsRegistration/r7-p23/sub-s033/Stage1_level2_Iter0028.nii.gz
2DIAGNOSTIC,    28, -5.469752396813e-01, 8.697807788849e-05, 1.2800e+02, 0.0000e+00, 
*/mnt/lustre/mathdugre/fast-interpolate/datasets/ds004513/derivatives/flint/antsRegistration/r7-p23/sub-s033/Stage1_level2_Iter0029.nii.gz
2DIAGNOSTIC,    29, -5.469497150770e-01, 9.267032146454e-05, 1.2800e+02, 0.0000e+00, 
*/mnt/lustre/mathdugre/fast-interpolate/datasets/ds004513/derivatives/flint/antsRegistration/r7-p23/sub-s033/Stage1_level2_Iter0030.nii.gz
2DIAGNOSTIC,    30, -5.469420406718e-01, 8.924677968025e-05, 1.2800e+02, 0.0000e+00, 
*/mnt/lustre/mathdugre/fast-interpolate/datasets/ds004513/derivatives/flint/antsRegistration/r7-p23/sub-s033/Stage1_level2_Iter0031.nii.gz
2DIAGNOSTIC,    31, -5.469335588153e-01, 7.755681872368e-05, 1.2800e+02, 0.0000e+00, 
*/mnt/lustre/mathdugre/fast-interpolate/datasets/ds004513/derivatives/flint/antsRegistration/r7-p23/sub-s033/Stage1_level2_Iter0032.nii.gz
2DIAGNOSTIC,    32, -5.469159421512e-01, 5.935877561569e-05, 1.2800e+02, 0.0000e+00, 
*/mnt/lustre/mathdugre/fast-interpolate/datasets/ds004513/derivatives/flint/antsRegistration/r7-p23/sub-s033/Stage1_level2_Iter0033.nii.gz
2DIAGNOSTIC,    33, -5.469198051109e-01, 3.863498568535e-05, 1.2800e+02, 0.0000e+00, 
*/mnt/lustre/mathdugre/fast-interpolate/datasets/ds004513/derivatives/flint/antsRegistration/r7-p23/sub-s033/Stage1_level2_Iter0034.nii.gz
2DIAGNOSTIC,    34, -5.469138352010e-01, 1.781061291695e-05, 1.2800e+02, 0.0000e+00, 
DIAGNOSTIC,Iteration,metricValue,convergenceValue,ITERATION_TIME_INDEX,SINCE_LAST
*/mnt/lustre/mathdugre/fast-interpolate/datasets/ds004513/derivatives/flint/antsRegistration/r7-p23/sub-s033/Stage1_level3_Iter0001.nii.gz
2DIAGNOSTIC,     1, -4.649589236193e-01, 1.797693134862e+308, 1.2800e+02, 0.0000e+00, 
*/mnt/lustre/mathdugre/fast-interpolate/datasets/ds004513/derivatives/flint/antsRegistration/r7-p23/sub-s033/Stage1_level3_Iter0002.nii.gz
2DIAGNOSTIC,     2, -4.652248151583e-01, 1.797693134862e+308, 1.2800e+02, 0.0000e+00, 
*/mnt/lustre/mathdugre/fast-interpolate/datasets/ds004513/derivatives/flint/antsRegistration/r7-p23/sub-s033/Stage1_level3_Iter0003.nii.gz
2DIAGNOSTIC,     3, -4.654235267129e-01, 1.797693134862e+308, 1.2800e+02, 0.0000e+00, 
*/mnt/lustre/mathdugre/fast-interpolate/datasets/ds004513/derivatives/flint/antsRegistration/r7-p23/sub-s033/Stage1_level3_Iter0004.nii.gz
2DIAGNOSTIC,     4, -4.655479899004e-01, 1.797693134862e+308, 1.2800e+02, 0.0000e+00, 
*/mnt/lustre/mathdugre/fast-interpolate/datasets/ds004513/derivatives/flint/antsRegistration/r7-p23/sub-s033/Stage1_level3_Iter0005.nii.gz
2DIAGNOSTIC,     5, -4.657525223263e-01, 1.797693134862e+308, 2.5600e+02, 1.2800e+02, 
*/mnt/lustre/mathdugre/fast-interpolate/datasets/ds004513/derivatives/flint/antsRegistration/r7-p23/sub-s033/Stage1_level3_Iter0006.nii.gz
2DIAGNOSTIC,     6, -4.660715435701e-01, 1.797693134862e+308, 2.5600e+02, 0.0000e+00, 
*/mnt/lustre/mathdugre/fast-interpolate/datasets/ds004513/derivatives/flint/antsRegistration/r7-p23/sub-s033/Stage1_level3_Iter0007.nii.gz
2DIAGNOSTIC,     7, -4.664542126078e-01, 1.797693134862e+308, 2.5600e+02, 0.0000e+00, 
*/mnt/lustre/mathdugre/fast-interpolate/datasets/ds004513/derivatives/flint/antsRegistration/r7-p23/sub-s033/Stage1_level3_Iter0008.nii.gz
2DIAGNOSTIC,     8, -4.664730482633e-01, 1.797693134862e+308, 2.5600e+02, 0.0000e+00, 
*/mnt/lustre/mathdugre/fast-interpolate/datasets/ds004513/derivatives/flint/antsRegistration/r7-p23/sub-s033/Stage1_level3_Iter0009.nii.gz
2DIAGNOSTIC,     9, -4.665006531370e-01, 1.797693134862e+308, 2.5600e+02, 0.0000e+00, 
*/mnt/lustre/mathdugre/fast-interpolate/datasets/ds004513/derivatives/flint/antsRegistration/r7-p23/sub-s033/Stage1_level3_Iter0010.nii.gz
2DIAGNOSTIC,    10, -4.665921763481e-01, 2.447888255119e-04, 2.5600e+02, 0.0000e+00, 
*/mnt/lustre/mathdugre/fast-interpolate/datasets/ds004513/derivatives/flint/antsRegistration/r7-p23/sub-s033/Stage1_level3_Iter0011.nii.gz
2DIAGNOSTIC,    11, -4.670257512595e-01, 2.185851335526e-04, 2.5600e+02, 0.0000e+00, 
*/mnt/lustre/mathdugre/fast-interpolate/datasets/ds004513/derivatives/flint/antsRegistration/r7-p23/sub-s033/Stage1_level3_Iter0012.nii.gz
2DIAGNOSTIC,    12, -4.674763636125e-01, 2.128407359123e-04, 2.5600e+02, 0.0000e+00, 
*/mnt/lustre/mathdugre/fast-interpolate/datasets/ds004513/derivatives/flint/antsRegistration/r7-p23/sub-s033/Stage1_level3_Iter0013.nii.gz
2DIAGNOSTIC,    13, -4.675059307003e-01, 1.995190978050e-04, 2.5600e+02, 0.0000e+00, 
*/mnt/lustre/mathdugre/fast-interpolate/datasets/ds004513/derivatives/flint/antsRegistration/r7-p23/sub-s033/Stage1_level3_Iter0014.nii.gz
2DIAGNOSTIC,    14, -4.675308874390e-01, 1.773908734322e-04, 2.5600e+02, 0.0000e+00, 
*/mnt/lustre/mathdugre/fast-interpolate/datasets/ds004513/derivatives/flint/antsRegistration/r7-p23/sub-s033/Stage1_level3_Iter0015.nii.gz
2DIAGNOSTIC,    15, -4.675343443729e-01, 1.506358385086e-04, 2.5600e+02, 0.0000e+00, 
*/mnt/lustre/mathdugre/fast-interpolate/datasets/ds004513/derivatives/flint/antsRegistration/r7-p23/sub-s033/Stage1_level3_Iter0016.nii.gz
2DIAGNOSTIC,    16, -4.675312242692e-01, 1.249387860298e-04, 2.5600e+02, 0.0000e+00, 
*/mnt/lustre/mathdugre/fast-interpolate/datasets/ds004513/derivatives/flint/antsRegistration/r7-p23/sub-s033/Stage1_level3_Iter0017.nii.gz
2DIAGNOSTIC,    17, -4.675294047559e-01, 1.043230295181e-04, 3.8400e+02, 1.2800e+02, 
*/mnt/lustre/mathdugre/fast-interpolate/datasets/ds004513/derivatives/flint/antsRegistration/r7-p23/sub-s033/Stage1_level3_Iter0018.nii.gz
2DIAGNOSTIC,    18, -4.675283023999e-01, 7.732212543488e-05, 3.8400e+02, 0.0000e+00, 
