
##########################
# Experiment information #
##########################

EXPERIMENT_NAME: r7-p19
VFC_BACKENDS: libinterflop_vprec.so --range-binary32=7 --precision-binary32=19 --range-binary64=7 --precision-binary64=19

SIF_IMG: /mnt/lustre/mathdugre/containers/ants-vprec-no_metric.simg

SUBJECT_ID: s035
INPUT_IMG: /mnt/lustre/mathdugre/fast-interpolate/datasets/ds004513/derivatives/flint/antsBrainExtraction/sub-s035/BrainExtractionBrain.nii.gz
OUTPUT_DIR: /mnt/lustre/mathdugre/fast-interpolate/datasets/ds004513/derivatives/flint/antsRegistration/r7-p19/sub-s035

FIXED_IMG: /templateflow/tpl-MNI152NLin2009cAsym/tpl-MNI152NLin2009cAsym_res-01_desc-brain_T1w.nii.gz
DATA_DIR: /mnt/lustre/mathdugre/fast-interpolate/datasets/ds004513
TEMPLATEFLOW_DIR: /home/mathdugre/.cache/templateflow
ITK_GLOBAL_DEFAULT_NUMBER_OF_THREADS: 4
##########################

Info [verificarlo]: loaded backend libinterflop_vprec.so
Info [interflop-vprec]: load backend with: 
Info [interflop-vprec]: precision-binary32 = 19
Info [interflop-vprec]: range-binary32 = 7
Info [interflop-vprec]: precision-binary64 = 19
Info [interflop-vprec]: range-binary64 = 7
Info [interflop-vprec]: mode = ob
Info [interflop-vprec]: error-mode = rel
Info [interflop-vprec]: max-abs-error-exponent = -1022
Info [interflop-vprec]: daz = false
Info [interflop-vprec]: ftz = false
Info [interflop-vprec]: 	instrument = none
Info [interflop-vprec]: 	prec-input-file = (null)
Info [interflop-vprec]: 	prec-output-file = (null)
Info [interflop-vprec]: 	prec-log-file = (null)
All_Command_lines_OK
Using double precision for computations.
=============================================================================
The composite transform comprises the following transforms (in order): 
  1. Center of mass alignment using fixed image: /templateflow/tpl-MNI152NLin2009cAsym/tpl-MNI152NLin2009cAsym_res-01_desc-brain_T1w.nii.gz and moving image: /mnt/lustre/mathdugre/fast-interpolate/datasets/ds004513/derivatives/flint/antsBrainExtraction/sub-s035/BrainExtractionBrain.nii.gz (type = Euler3DTransform)
=============================================================================
  number of levels = 4
  number of levels = 4
  number of levels = 4
  fixed image: /templateflow/tpl-MNI152NLin2009cAsym/tpl-MNI152NLin2009cAsym_res-01_desc-brain_T1w.nii.gz
  moving image: /mnt/lustre/mathdugre/fast-interpolate/datasets/ds004513/derivatives/flint/antsBrainExtraction/sub-s035/BrainExtractionBrain.nii.gz
  fixed image: /templateflow/tpl-MNI152NLin2009cAsym/tpl-MNI152NLin2009cAsym_res-01_desc-brain_T1w.nii.gz
  moving image: /mnt/lustre/mathdugre/fast-interpolate/datasets/ds004513/derivatives/flint/antsBrainExtraction/sub-s035/BrainExtractionBrain.nii.gz
  fixed image: /templateflow/tpl-MNI152NLin2009cAsym/tpl-MNI152NLin2009cAsym_res-01_desc-brain_T1w.nii.gz
  moving image: /mnt/lustre/mathdugre/fast-interpolate/datasets/ds004513/derivatives/flint/antsBrainExtraction/sub-s035/BrainExtractionBrain.nii.gz
Dimension = 3
Number of stages = 3
Use histogram matching = false
Winsorize image intensities = true
  Lower quantile = 0.005
  Upper quantile = 0.995


Stage 1 State
   Image metric = MattesMI
     Fixed image = Image (0x48cfb30)
  RTTI typeinfo:   itk::Image<double, 3u>
  Reference Count: 2
  Modified Time: 2385
  Debug: Off
  Object Name: 
  Observers: 
    none
  Source: (none)
  Source output name: (none)
  Release Data: Off
  Data Released: False
  Global Release Data: Off
  PipelineMTime: 0
  UpdateMTime: 1996
  RealTimeStamp: 0 seconds 
  LargestPossibleRegion: 
    Dimension: 3
    Index: [0, 0, 0]
    Size: [193, 229, 193]
  BufferedRegion: 
    Dimension: 3
    Index: [0, 0, 0]
    Size: [193, 229, 193]
  RequestedRegion: 
    Dimension: 3
    Index: [0, 0, 0]
    Size: [193, 229, 193]
  Spacing: [1, 1, 1]
  Origin: [96, 132, -78]
  Direction: 
-1 0 0
0 -1 0
0 0 1

  IndexToPointMatrix: 
-1 0 0
0 -1 0
0 0 1

  PointToIndexMatrix: 
-1 0 0
0 -1 0
0 0 1

  Inverse Direction: 
-1 0 0
0 -1 0
0 0 1

  PixelContainer: 
    ImportImageContainer (0x48d4a10)
      RTTI typeinfo:   itk::ImportImageContainer<unsigned long, double>
      Reference Count: 1
      Modified Time: 1993
      Debug: Off
      Object Name: 
      Observers: 
        none
      Pointer: 0x7f8dccbec010
      Container manages memory: true
      Size: 8530021
      Capacity: 8530021

     Moving image = Image (0x48cb400)
  RTTI typeinfo:   itk::Image<double, 3u>
  Reference Count: 2
  Modified Time: 2386
  Debug: Off
  Object Name: 
  Observers: 
    none
  Source: (none)
  Source output name: (none)
  Release Data: Off
  Data Released: False
  Global Release Data: Off
  PipelineMTime: 0
  UpdateMTime: 2383
  RealTimeStamp: 0 seconds 
  LargestPossibleRegion: 
    Dimension: 3
    Index: [0, 0, 0]
    Size: [160, 240, 256]
  BufferedRegion: 
    Dimension: 3
    Index: [0, 0, 0]
    Size: [160, 240, 256]
  RequestedRegion: 
    Dimension: 3
    Index: [0, 0, 0]
    Size: [160, 240, 256]
  Spacing: [1, 1, 1]
  Origin: [98.6438, 87.6359, -117.989]
  Direction: 
-0.993515 -0.100993 -0.0522355
0.100854 -0.994887 0.00530255
-0.0525039 1.93537e-08 0.998621

  IndexToPointMatrix: 
-0.993515 -0.100993 -0.0522355
0.100854 -0.994887 0.00530255
-0.0525039 1.93537e-08 0.998621

  PointToIndexMatrix: 
-0.993515 0.100854 -0.0525039
-0.100993 -0.994887 -2.00048e-06
-0.0522356 0.00530149 0.998621

  Inverse Direction: 
-0.993515 0.100854 -0.0525039
-0.100993 -0.994887 -2.00048e-06
-0.0522356 0.00530149 0.998621

  PixelContainer: 
    ImportImageContainer (0x4a9f6d0)
      RTTI typeinfo:   itk::ImportImageContainer<unsigned long, double>
      Reference Count: 1
      Modified Time: 2380
      Debug: Off
      Object Name: 
      Observers: 
        none
      Pointer: 0x7f8dc80eb010
      Container manages memory: true
      Size: 9830400
      Capacity: 9830400

     Weighting = 1
     Sampling strategy = regular
     Number of bins = 32
     Radius = 4
     Sampling percentage  = 0.25
   Transform = Rigid
     Gradient step = 0.1
     Update field sigma (voxel space) = 0
     Total field sigma (voxel space) = 0
     Update field time sigma = 0
     Total field time sigma  = 0
     Number of time indices = 0
     Number of time point samples = 0
Stage 2 State
   Image metric = MattesMI
     Fixed image = Image (0x48ebec0)
  RTTI typeinfo:   itk::Image<double, 3u>
  Reference Count: 2
  Modified Time: 3161
  Debug: Off
  Object Name: 
  Observers: 
    none
  Source: (none)
  Source output name: (none)
  Release Data: Off
  Data Released: False
  Global Release Data: Off
  PipelineMTime: 0
  UpdateMTime: 2772
  RealTimeStamp: 0 seconds 
  LargestPossibleRegion: 
    Dimension: 3
    Index: [0, 0, 0]
    Size: [193, 229, 193]
  BufferedRegion: 
    Dimension: 3
    Index: [0, 0, 0]
    Size: [193, 229, 193]
  RequestedRegion: 
    Dimension: 3
    Index: [0, 0, 0]
    Size: [193, 229, 193]
  Spacing: [1, 1, 1]
  Origin: [96, 132, -78]
  Direction: 
-1 0 0
0 -1 0
0 0 1

  IndexToPointMatrix: 
-1 0 0
0 -1 0
0 0 1

  PointToIndexMatrix: 
-1 0 0
0 -1 0
0 0 1

  Inverse Direction: 
-1 0 0
0 -1 0
0 0 1

  PixelContainer: 
    ImportImageContainer (0x48ecc80)
      RTTI typeinfo:   itk::ImportImageContainer<unsigned long, double>
      Reference Count: 1
      Modified Time: 2769
      Debug: Off
      Object Name: 
      Observers: 
        none
      Pointer: 0x7f8dc3fd6010
      Container manages memory: true
      Size: 8530021
      Capacity: 8530021

     Moving image = Image (0x48f4690)
  RTTI typeinfo:   itk::Image<double, 3u>
  Reference Count: 2
  Modified Time: 3162
  Debug: Off
  Object Name: 
  Observers: 
    none
  Source: (none)
  Source output name: (none)
  Release Data: Off
  Data Released: False
  Global Release Data: Off
  PipelineMTime: 0
  UpdateMTime: 3159
  RealTimeStamp: 0 seconds 
  LargestPossibleRegion: 
    Dimension: 3
    Index: [0, 0, 0]
    Size: [160, 240, 256]
  BufferedRegion: 
    Dimension: 3
    Index: [0, 0, 0]
    Size: [160, 240, 256]
  RequestedRegion: 
    Dimension: 3
    Index: [0, 0, 0]
    Size: [160, 240, 256]
  Spacing: [1, 1, 1]
  Origin: [98.6438, 87.6359, -117.989]
  Direction: 
-0.993515 -0.100993 -0.0522355
0.100854 -0.994887 0.00530255
-0.0525039 1.93537e-08 0.998621

  IndexToPointMatrix: 
-0.993515 -0.100993 -0.0522355
0.100854 -0.994887 0.00530255
-0.0525039 1.93537e-08 0.998621

  PointToIndexMatrix: 
-0.993515 0.100854 -0.0525039
-0.100993 -0.994887 -2.00048e-06
-0.0522356 0.00530149 0.998621

  Inverse Direction: 
-0.993515 0.100854 -0.0525039
-0.100993 -0.994887 -2.00048e-06
-0.0522356 0.00530149 0.998621

  PixelContainer: 
    ImportImageContainer (0x4a7f6d0)
      RTTI typeinfo:   itk::ImportImageContainer<unsigned long, double>
      Reference Count: 1
      Modified Time: 3156
      Debug: Off
      Object Name: 
      Observers: 
        none
      Pointer: 0x7f8dbf4d5010
      Container manages memory: true
      Size: 9830400
      Capacity: 9830400

     Weighting = 1
     Sampling strategy = regular
     Number of bins = 32
     Radius = 4
     Sampling percentage  = 0.25
   Transform = Affine
     Gradient step = 0.1
     Update field sigma (voxel space) = 0
     Total field sigma (voxel space) = 0
     Update field time sigma = 0
     Total field time sigma  = 0
     Number of time indices = 0
     Number of time point samples = 0
Stage 3 State
   Image metric = CC
     Fixed image = Image (0x48f4220)
  RTTI typeinfo:   itk::Image<double, 3u>
  Reference Count: 2
  Modified Time: 3937
  Debug: Off
  Object Name: 
  Observers: 
    none
  Source: (none)
  Source output name: (none)
  Release Data: Off
  Data Released: False
  Global Release Data: Off
  PipelineMTime: 0
  UpdateMTime: 3548
  RealTimeStamp: 0 seconds 
  LargestPossibleRegion: 
    Dimension: 3
    Index: [0, 0, 0]
    Size: [193, 229, 193]
  BufferedRegion: 
    Dimension: 3
    Index: [0, 0, 0]
    Size: [193, 229, 193]
  RequestedRegion: 
    Dimension: 3
    Index: [0, 0, 0]
    Size: [193, 229, 193]
  Spacing: [1, 1, 1]
  Origin: [96, 132, -78]
  Direction: 
-1 0 0
0 -1 0
0 0 1

  IndexToPointMatrix: 
-1 0 0
0 -1 0
0 0 1

  PointToIndexMatrix: 
-1 0 0
0 -1 0
0 0 1

  Inverse Direction: 
-1 0 0
0 -1 0
0 0 1

  PixelContainer: 
    ImportImageContainer (0x48f3d40)
      RTTI typeinfo:   itk::ImportImageContainer<unsigned long, double>
      Reference Count: 1
      Modified Time: 3545
      Debug: Off
      Object Name: 
      Observers: 
        none
      Pointer: 0x7f8dbb3c0010
      Container manages memory: true
      Size: 8530021
      Capacity: 8530021

     Moving image = Image (0x48e9a80)
  RTTI typeinfo:   itk::Image<double, 3u>
  Reference Count: 2
  Modified Time: 3938
  Debug: Off
  Object Name: 
  Observers: 
    none
  Source: (none)
  Source output name: (none)
  Release Data: Off
  Data Released: False
  Global Release Data: Off
  PipelineMTime: 0
  UpdateMTime: 3935
  RealTimeStamp: 0 seconds 
  LargestPossibleRegion: 
    Dimension: 3
    Index: [0, 0, 0]
    Size: [160, 240, 256]
  BufferedRegion: 
    Dimension: 3
    Index: [0, 0, 0]
    Size: [160, 240, 256]
  RequestedRegion: 
    Dimension: 3
    Index: [0, 0, 0]
    Size: [160, 240, 256]
  Spacing: [1, 1, 1]
  Origin: [98.6438, 87.6359, -117.989]
  Direction: 
-0.993515 -0.100993 -0.0522355
0.100854 -0.994887 0.00530255
-0.0525039 1.93537e-08 0.998621

  IndexToPointMatrix: 
-0.993515 -0.100993 -0.0522355
0.100854 -0.994887 0.00530255
-0.0525039 1.93537e-08 0.998621

  PointToIndexMatrix: 
-0.993515 0.100854 -0.0525039
-0.100993 -0.994887 -2.00048e-06
-0.0522356 0.00530149 0.998621

  Inverse Direction: 
-0.993515 0.100854 -0.0525039
-0.100993 -0.994887 -2.00048e-06
-0.0522356 0.00530149 0.998621

  PixelContainer: 
    ImportImageContainer (0x4abf750)
      RTTI typeinfo:   itk::ImportImageContainer<unsigned long, double>
      Reference Count: 1
      Modified Time: 3932
      Debug: Off
      Object Name: 
      Observers: 
        none
      Pointer: 0x7f8db68bf010
      Container manages memory: true
      Size: 9830400
      Capacity: 9830400

     Weighting = 1
     Sampling strategy = none
     Number of bins = 32
     Radius = 4
     Sampling percentage  = 1
   Transform = SyN
     Gradient step = 0.1
     Update field sigma (voxel space) = 3
     Total field sigma (voxel space) = 0
     Update field time sigma = 0
     Total field time sigma  = 0
     Number of time indices = 0
     Number of time point samples = 0
Registration using 3 total stages.

Stage 0
  iterations = 1000x500x250x100
  convergence threshold = 1e-06
  convergence window size = 10
  number of levels = 4
  using the Mattes MI metric (number of bins = 32, weight = 1, use gradient filter = 0)
  preprocessing:  winsorizing the image intensities
  Shrink factors (level 1 out of 4): [8, 8, 8]
  Shrink factors (level 2 out of 4): [4, 4, 4]
  Shrink factors (level 3 out of 4): [2, 2, 2]
  Shrink factors (level 4 out of 4): [1, 1, 1]
  smoothing sigmas per level: [3, 2, 1, 0]
  regular sampling (percentage = 0.25)

*** Running Euler3DTransform registration ***

DIAGNOSTIC,Iteration,metricValue,convergenceValue,ITERATION_TIME_INDEX,SINCE_LAST
*/mnt/lustre/mathdugre/fast-interpolate/datasets/ds004513/derivatives/flint/antsRegistration/r7-p19/sub-s035/Stage1_level1_Iter0001.nii.gz
2DIAGNOSTIC,     1, -5.269741725021e-01, 1.797693134862e+308, 0.0000e+00, 0.0000e+00, 
*/mnt/lustre/mathdugre/fast-interpolate/datasets/ds004513/derivatives/flint/antsRegistration/r7-p19/sub-s035/Stage1_level1_Iter0002.nii.gz
2DIAGNOSTIC,     2, -5.288330346813e-01, 1.797693134862e+308, 0.0000e+00, 0.0000e+00, 
*/mnt/lustre/mathdugre/fast-interpolate/datasets/ds004513/derivatives/flint/antsRegistration/r7-p19/sub-s035/Stage1_level1_Iter0003.nii.gz
2DIAGNOSTIC,     3, -5.320574989709e-01, 1.797693134862e+308, 0.0000e+00, 0.0000e+00, 
*/mnt/lustre/mathdugre/fast-interpolate/datasets/ds004513/derivatives/flint/antsRegistration/r7-p19/sub-s035/Stage1_level1_Iter0004.nii.gz
2DIAGNOSTIC,     4, -5.378141032249e-01, 1.797693134862e+308, 0.0000e+00, 0.0000e+00, 
*/mnt/lustre/mathdugre/fast-interpolate/datasets/ds004513/derivatives/flint/antsRegistration/r7-p19/sub-s035/Stage1_level1_Iter0005.nii.gz
2DIAGNOSTIC,     5, -5.474046768457e-01, 1.797693134862e+308, 0.0000e+00, 0.0000e+00, 
*/mnt/lustre/mathdugre/fast-interpolate/datasets/ds004513/derivatives/flint/antsRegistration/r7-p19/sub-s035/Stage1_level1_Iter0006.nii.gz
2DIAGNOSTIC,     6, -5.523415246696e-01, 1.797693134862e+308, 0.0000e+00, 0.0000e+00, 
*/mnt/lustre/mathdugre/fast-interpolate/datasets/ds004513/derivatives/flint/antsRegistration/r7-p19/sub-s035/Stage1_level1_Iter0007.nii.gz
2DIAGNOSTIC,     7, -5.525995695682e-01, 1.797693134862e+308, 0.0000e+00, 0.0000e+00, 
*/mnt/lustre/mathdugre/fast-interpolate/datasets/ds004513/derivatives/flint/antsRegistration/r7-p19/sub-s035/Stage1_level1_Iter0008.nii.gz
2DIAGNOSTIC,     8, -5.527057514833e-01, 1.797693134862e+308, 0.0000e+00, 0.0000e+00, 
*/mnt/lustre/mathdugre/fast-interpolate/datasets/ds004513/derivatives/flint/antsRegistration/r7-p19/sub-s035/Stage1_level1_Iter0009.nii.gz
2DIAGNOSTIC,     9, -5.528436213758e-01, 1.797693134862e+308, 0.0000e+00, 0.0000e+00, 
*/mnt/lustre/mathdugre/fast-interpolate/datasets/ds004513/derivatives/flint/antsRegistration/r7-p19/sub-s035/Stage1_level1_Iter0010.nii.gz
2DIAGNOSTIC,    10, -5.535287993789e-01, 3.648996353149e-03, 0.0000e+00, 0.0000e+00, 
*/mnt/lustre/mathdugre/fast-interpolate/datasets/ds004513/derivatives/flint/antsRegistration/r7-p19/sub-s035/Stage1_level1_Iter0011.nii.gz
2DIAGNOSTIC,    11, -5.580602104824e-01, 2.897500991821e-03, 0.0000e+00, 0.0000e+00, 
*/mnt/lustre/mathdugre/fast-interpolate/datasets/ds004513/derivatives/flint/antsRegistration/r7-p19/sub-s035/Stage1_level1_Iter0012.nii.gz
2DIAGNOSTIC,    12, -5.631874334232e-01, 2.315521240234e-03, 0.0000e+00, 0.0000e+00, 
*/mnt/lustre/mathdugre/fast-interpolate/datasets/ds004513/derivatives/flint/antsRegistration/r7-p19/sub-s035/Stage1_level1_Iter0013.nii.gz
2DIAGNOSTIC,    13, -5.646964891591e-01, 1.803636550903e-03, 0.0000e+00, 0.0000e+00, 
*/mnt/lustre/mathdugre/fast-interpolate/datasets/ds004513/derivatives/flint/antsRegistration/r7-p19/sub-s035/Stage1_level1_Iter0014.nii.gz
2DIAGNOSTIC,    14, -5.654894672636e-01, 1.441359519958e-03, 0.0000e+00, 0.0000e+00, 
*/mnt/lustre/mathdugre/fast-interpolate/datasets/ds004513/derivatives/flint/antsRegistration/r7-p19/sub-s035/Stage1_level1_Iter0015.nii.gz
2DIAGNOSTIC,    15, -5.658592830304e-01, 1.337289810181e-03, 0.0000e+00, 0.0000e+00, 
*/mnt/lustre/mathdugre/fast-interpolate/datasets/ds004513/derivatives/flint/antsRegistration/r7-p19/sub-s035/Stage1_level1_Iter0016.nii.gz
2DIAGNOSTIC,    16, -5.667858041218e-01, 1.310706138611e-03, 0.0000e+00, 0.0000e+00, 
*/mnt/lustre/mathdugre/fast-interpolate/datasets/ds004513/derivatives/flint/antsRegistration/r7-p19/sub-s035/Stage1_level1_Iter0017.nii.gz
2DIAGNOSTIC,    17, -5.693164895427e-01, 1.247882843018e-03, 0.0000e+00, 0.0000e+00, 
*/mnt/lustre/mathdugre/fast-interpolate/datasets/ds004513/derivatives/flint/antsRegistration/r7-p19/sub-s035/Stage1_level1_Iter0018.nii.gz
2DIAGNOSTIC,    18, -5.701483199565e-01, 1.103281974792e-03, 0.0000e+00, 0.0000e+00, 
*/mnt/lustre/mathdugre/fast-interpolate/datasets/ds004513/derivatives/flint/antsRegistration/r7-p19/sub-s035/Stage1_level1_Iter0019.nii.gz
2DIAGNOSTIC,    19, -5.711907770045e-01, 9.073615074158e-04, 0.0000e+00, 0.0000e+00, 
*/mnt/lustre/mathdugre/fast-interpolate/datasets/ds004513/derivatives/flint/antsRegistration/r7-p19/sub-s035/Stage1_level1_Iter0020.nii.gz
2DIAGNOSTIC,    20, -5.718957215079e-01, 6.823539733887e-04, 0.0000e+00, 0.0000e+00, 
*/mnt/lustre/mathdugre/fast-interpolate/datasets/ds004513/derivatives/flint/antsRegistration/r7-p19/sub-s035/Stage1_level1_Iter0021.nii.gz
2DIAGNOSTIC,    21, -5.726345916610e-01, 5.409717559814e-04, 0.0000e+00, 0.0000e+00, 
*/mnt/lustre/mathdugre/fast-interpolate/datasets/ds004513/derivatives/flint/antsRegistration/r7-p19/sub-s035/Stage1_level1_Iter0022.nii.gz
2DIAGNOSTIC,    22, -5.744785299326e-01, 5.225539207458e-04, 0.0000e+00, 0.0000e+00, 
*/mnt/lustre/mathdugre/fast-interpolate/datasets/ds004513/derivatives/flint/antsRegistration/r7-p19/sub-s035/Stage1_level1_Iter0023.nii.gz
2DIAGNOSTIC,    23, -5.929715115348e-01, 8.974671363831e-04, 0.0000e+00, 0.0000e+00, 
*/mnt/lustre/mathdugre/fast-interpolate/datasets/ds004513/derivatives/flint/antsRegistration/r7-p19/sub-s035/Stage1_level1_Iter0024.nii.gz
2DIAGNOSTIC,    24, -6.266482174272e-01, 1.869797706604e-03, 0.0000e+00, 0.0000e+00, 
*/mnt/lustre/mathdugre/fast-interpolate/datasets/ds004513/derivatives/flint/antsRegistration/r7-p19/sub-s035/Stage1_level1_Iter0025.nii.gz
2DIAGNOSTIC,    25, -6.272064799397e-01, 2.585589885712e-03, 0.0000e+00, 0.0000e+00, 
*/mnt/lustre/mathdugre/fast-interpolate/datasets/ds004513/derivatives/flint/antsRegistration/r7-p19/sub-s035/Stage1_level1_Iter0026.nii.gz
2DIAGNOSTIC,    26, -6.283502244836e-01, 3.050088882446e-03, 0.0000e+00, 0.0000e+00, 
*/mnt/lustre/mathdugre/fast-interpolate/datasets/ds004513/derivatives/flint/antsRegistration/r7-p19/sub-s035/Stage1_level1_Iter0027.nii.gz
2DIAGNOSTIC,    27, -6.306389547108e-01, 3.286778926849e-03, 0.0000e+00, 0.0000e+00, 
*/mnt/lustre/mathdugre/fast-interpolate/datasets/ds004513/derivatives/flint/antsRegistration/r7-p19/sub-s035/Stage1_level1_Iter0028.nii.gz
2DIAGNOSTIC,    28, -6.341037386311e-01, 3.263175487518e-03, 0.0000e+00, 0.0000e+00, 
*/mnt/lustre/mathdugre/fast-interpolate/datasets/ds004513/derivatives/flint/antsRegistration/r7-p19/sub-s035/Stage1_level1_Iter0029.nii.gz
2DIAGNOSTIC,    29, -6.369269273986e-01, 2.988517284393e-03, 0.0000e+00, 0.0000e+00, 
*/mnt/lustre/mathdugre/fast-interpolate/datasets/ds004513/derivatives/flint/antsRegistration/r7-p19/sub-s035/Stage1_level1_Iter0030.nii.gz
2DIAGNOSTIC,    30, -6.401490504604e-01, 2.519488334656e-03, 0.0000e+00, 0.0000e+00, 
*/mnt/lustre/mathdugre/fast-interpolate/datasets/ds004513/derivatives/flint/antsRegistration/r7-p19/sub-s035/Stage1_level1_Iter0031.nii.gz
2DIAGNOSTIC,    31, -6.435089321836e-01, 1.921951770782e-03, 0.0000e+00, 0.0000e+00, 
*/mnt/lustre/mathdugre/fast-interpolate/datasets/ds004513/derivatives/flint/antsRegistration/r7-p19/sub-s035/Stage1_level1_Iter0032.nii.gz
2DIAGNOSTIC,    32, -6.455992662812e-01, 1.242041587830e-03, 0.0000e+00, 0.0000e+00, 
*/mnt/lustre/mathdugre/fast-interpolate/datasets/ds004513/derivatives/flint/antsRegistration/r7-p19/sub-s035/Stage1_level1_Iter0033.nii.gz
2DIAGNOSTIC,    33, -6.495348661190e-01, 8.075237274170e-04, 0.0000e+00, 0.0000e+00, 
*/mnt/lustre/mathdugre/fast-interpolate/datasets/ds004513/derivatives/flint/antsRegistration/r7-p19/sub-s035/Stage1_level1_Iter0034.nii.gz
2DIAGNOSTIC,    34, -6.504713426815e-01, 8.196830749512e-04, 0.0000e+00, 0.0000e+00, 
*/mnt/lustre/mathdugre/fast-interpolate/datasets/ds004513/derivatives/flint/antsRegistration/r7-p19/sub-s035/Stage1_level1_Iter0035.nii.gz
2DIAGNOSTIC,    35, -6.536040444202e-01, 8.049607276917e-04, 0.0000e+00, 0.0000e+00, 
*/mnt/lustre/mathdugre/fast-interpolate/datasets/ds004513/derivatives/flint/antsRegistration/r7-p19/sub-s035/Stage1_level1_Iter0036.nii.gz
2DIAGNOSTIC,    36, -6.542339670684e-01, 7.377266883850e-04, 0.0000e+00, 0.0000e+00, 
*/mnt/lustre/mathdugre/fast-interpolate/datasets/ds004513/derivatives/flint/antsRegistration/r7-p19/sub-s035/Stage1_level1_Iter0037.nii.gz
2DIAGNOSTIC,    37, -6.549819370033e-01, 6.436407566071e-04, 0.0000e+00, 0.0000e+00, 
*/mnt/lustre/mathdugre/fast-interpolate/datasets/ds004513/derivatives/flint/antsRegistration/r7-p19/sub-s035/Stage1_level1_Iter0038.nii.gz
2DIAGNOSTIC,    38, -6.554081597760e-01, 5.429685115814e-04, 0.0000e+00, 0.0000e+00, 
*/mnt/lustre/mathdugre/fast-interpolate/datasets/ds004513/derivatives/flint/antsRegistration/r7-p19/sub-s035/Stage1_level1_Iter0039.nii.gz
2DIAGNOSTIC,    39, -6.585991478356e-01, 4.695057868958e-04, 0.0000e+00, 0.0000e+00, 
*/mnt/lustre/mathdugre/fast-interpolate/datasets/ds004513/derivatives/flint/antsRegistration/r7-p19/sub-s035/Stage1_level1_Iter0040.nii.gz
2DIAGNOSTIC,    40, -6.616933739645e-01, 4.293620586395e-04, 0.0000e+00, 0.0000e+00, 
*/mnt/lustre/mathdugre/fast-interpolate/datasets/ds004513/derivatives/flint/antsRegistration/r7-p19/sub-s035/Stage1_level1_Iter0041.nii.gz
2DIAGNOSTIC,    41, -6.639449524945e-01, 4.149973392487e-04, 0.0000e+00, 0.0000e+00, 
*/mnt/lustre/mathdugre/fast-interpolate/datasets/ds004513/derivatives/flint/antsRegistration/r7-p19/sub-s035/Stage1_level1_Iter0042.nii.gz
2DIAGNOSTIC,    42, -6.645787890709e-01, 3.922879695892e-04, 0.0000e+00, 0.0000e+00, 
*/mnt/lustre/mathdugre/fast-interpolate/datasets/ds004513/derivatives/flint/antsRegistration/r7-p19/sub-s035/Stage1_level1_Iter0043.nii.gz
2DIAGNOSTIC,    43, -6.661879064239e-01, 3.951191902161e-04, 0.0000e+00, 0.0000e+00, 
*/mnt/lustre/mathdugre/fast-interpolate/datasets/ds004513/derivatives/flint/antsRegistration/r7-p19/sub-s035/Stage1_level1_Iter0044.nii.gz
2DIAGNOSTIC,    44, -6.667705297645e-01, 3.751218318939e-04, 0.0000e+00, 0.0000e+00, 
*/mnt/lustre/mathdugre/fast-interpolate/datasets/ds004513/derivatives/flint/antsRegistration/r7-p19/sub-s035/Stage1_level1_Iter0045.nii.gz
2DIAGNOSTIC,    45, -6.677562302735e-01, 3.628134727478e-04, 0.0000e+00, 0.0000e+00, 
*/mnt/lustre/mathdugre/fast-interpolate/datasets/ds004513/derivatives/flint/antsRegistration/r7-p19/sub-s035/Stage1_level1_Iter0046.nii.gz
2DIAGNOSTIC,    46, -6.681237805243e-01, 3.266334533691e-04, 0.0000e+00, 0.0000e+00, 
*/mnt/lustre/mathdugre/fast-interpolate/datasets/ds004513/derivatives/flint/antsRegistration/r7-p19/sub-s035/Stage1_level1_Iter0047.nii.gz
2DIAGNOSTIC,    47, -6.683935195471e-01, 2.717971801758e-04, 0.0000e+00, 0.0000e+00, 
*/mnt/lustre/mathdugre/fast-interpolate/datasets/ds004513/derivatives/flint/antsRegistration/r7-p19/sub-s035/Stage1_level1_Iter0048.nii.gz
2DIAGNOSTIC,    48, -6.688279225583e-01, 2.016425132751e-04, 0.0000e+00, 0.0000e+00, 
*/mnt/lustre/mathdugre/fast-interpolate/datasets/ds004513/derivatives/flint/antsRegistration/r7-p19/sub-s035/Stage1_level1_Iter0049.nii.gz
2DIAGNOSTIC,    49, -6.688515238430e-01, 1.453459262848e-04, 0.0000e+00, 0.0000e+00, 
*/mnt/lustre/mathdugre/fast-interpolate/datasets/ds004513/derivatives/flint/antsRegistration/r7-p19/sub-s035/Stage1_level1_Iter0050.nii.gz
2DIAGNOSTIC,    50, -6.690166254644e-01, 1.077353954315e-04, 0.0000e+00, 0.0000e+00, 
*/mnt/lustre/mathdugre/fast-interpolate/datasets/ds004513/derivatives/flint/antsRegistration/r7-p19/sub-s035/Stage1_level1_Iter0051.nii.gz
2DIAGNOSTIC,    51, -6.689827574584e-01, 8.177757263184e-05, 0.0000e+00, 0.0000e+00, 
*/mnt/lustre/mathdugre/fast-interpolate/datasets/ds004513/derivatives/flint/antsRegistration/r7-p19/sub-s035/Stage1_level1_Iter0052.nii.gz
2DIAGNOSTIC,    52, -6.691849576420e-01, 5.632638931274e-05, 0.0000e+00, 0.0000e+00, 
*/mnt/lustre/mathdugre/fast-interpolate/datasets/ds004513/derivatives/flint/antsRegistration/r7-p19/sub-s035/Stage1_level1_Iter0053.nii.gz
2DIAGNOSTIC,    53, -6.692866359062e-01, 4.148483276367e-05, 0.0000e+00, 0.0000e+00, 
*/mnt/lustre/mathdugre/fast-interpolate/datasets/ds004513/derivatives/flint/antsRegistration/r7-p19/sub-s035/Stage1_level1_Iter0054.nii.gz
2DIAGNOSTIC,    54, -6.693430180174e-01, 2.861022949219e-05, 0.0000e+00, 0.0000e+00, 
*/mnt/lustre/mathdugre/fast-interpolate/datasets/ds004513/derivatives/flint/antsRegistration/r7-p19/sub-s035/Stage1_level1_Iter0055.nii.gz
2DIAGNOSTIC,    55, -6.694172068859e-01, 2.241134643555e-05, 0.0000e+00, 0.0000e+00, 
*/mnt/lustre/mathdugre/fast-interpolate/datasets/ds004513/derivatives/flint/antsRegistration/r7-p19/sub-s035/Stage1_level1_Iter0056.nii.gz
2DIAGNOSTIC,    56, -6.697867636374e-01, 2.050399780273e-05, 0.0000e+00, 0.0000e+00, 
*/mnt/lustre/mathdugre/fast-interpolate/datasets/ds004513/derivatives/flint/antsRegistration/r7-p19/sub-s035/Stage1_level1_Iter0057.nii.gz
2DIAGNOSTIC,    57, -6.719398629283e-01, 3.609061241150e-05, 0.0000e+00, 0.0000e+00, 
*/mnt/lustre/mathdugre/fast-interpolate/datasets/ds004513/derivatives/flint/antsRegistration/r7-p19/sub-s035/Stage1_level1_Iter0058.nii.gz
2DIAGNOSTIC,    58, -6.729442268830e-01, 5.868077278137e-05, 0.0000e+00, 0.0000e+00, 
*/mnt/lustre/mathdugre/fast-interpolate/datasets/ds004513/derivatives/flint/antsRegistration/r7-p19/sub-s035/Stage1_level1_Iter0059.nii.gz
2DIAGNOSTIC,    59, -6.732675444944e-01, 7.760524749756e-05, 0.0000e+00, 0.0000e+00, 
*/mnt/lustre/mathdugre/fast-interpolate/datasets/ds004513/derivatives/flint/antsRegistration/r7-p19/sub-s035/Stage1_level1_Iter0060.nii.gz
2DIAGNOSTIC,    60, -6.737920516001e-01, 9.393692016602e-05, 0.0000e+00, 0.0000e+00, 
*/mnt/lustre/mathdugre/fast-interpolate/datasets/ds004513/derivatives/flint/antsRegistration/r7-p19/sub-s035/Stage1_level1_Iter0061.nii.gz
2DIAGNOSTIC,    61, -6.737949127631e-01, 1.004338264465e-04, 0.0000e+00, 0.0000e+00, 
*/mnt/lustre/mathdugre/fast-interpolate/datasets/ds004513/derivatives/flint/antsRegistration/r7-p19/sub-s035/Stage1_level1_Iter0062.nii.gz
2DIAGNOSTIC,    62, -6.741453266800e-01, 1.009106636047e-04, 0.0000e+00, 0.0000e+00, 
*/mnt/lustre/mathdugre/fast-interpolate/datasets/ds004513/derivatives/flint/antsRegistration/r7-p19/sub-s035/Stage1_level1_Iter0063.nii.gz
2DIAGNOSTIC,    63, -6.747444721547e-01, 9.673833847046e-05, 0.0000e+00, 0.0000e+00, 
*/mnt/lustre/mathdugre/fast-interpolate/datasets/ds004513/derivatives/flint/antsRegistration/r7-p19/sub-s035/Stage1_level1_Iter0064.nii.gz
2DIAGNOSTIC,    64, -6.748634282260e-01, 8.469820022583e-05, 0.0000e+00, 0.0000e+00, 
*/mnt/lustre/mathdugre/fast-interpolate/datasets/ds004513/derivatives/flint/antsRegistration/r7-p19/sub-s035/Stage1_level1_Iter0065.nii.gz
2DIAGNOSTIC,    65, -6.753699636758e-01, 6.932020187378e-05, 0.0000e+00, 0.0000e+00, 
*/mnt/lustre/mathdugre/fast-interpolate/datasets/ds004513/derivatives/flint/antsRegistration/r7-p19/sub-s035/Stage1_level1_Iter0066.nii.gz
2DIAGNOSTIC,    66, -6.759626332007e-01, 5.403161048889e-05, 0.0000e+00, 0.0000e+00, 
*/mnt/lustre/mathdugre/fast-interpolate/datasets/ds004513/derivatives/flint/antsRegistration/r7-p19/sub-s035/Stage1_level1_Iter0067.nii.gz
2DIAGNOSTIC,    67, -6.760120181424e-01, 4.884600639343e-05, 0.0000e+00, 0.0000e+00, 
*/mnt/lustre/mathdugre/fast-interpolate/datasets/ds004513/derivatives/flint/antsRegistration/r7-p19/sub-s035/Stage1_level1_Iter0068.nii.gz
2DIAGNOSTIC,    68, -6.762046298395e-01, 4.717707633972e-05, 0.0000e+00, 0.0000e+00, 
*/mnt/lustre/mathdugre/fast-interpolate/datasets/ds004513/derivatives/flint/antsRegistration/r7-p19/sub-s035/Stage1_level1_Iter0069.nii.gz
2DIAGNOSTIC,    69, -6.766812554831e-01, 4.622340202332e-05, 0.0000e+00, 0.0000e+00, 
*/mnt/lustre/mathdugre/fast-interpolate/datasets/ds004513/derivatives/flint/antsRegistration/r7-p19/sub-s035/Stage1_level1_Iter0070.nii.gz
2DIAGNOSTIC,    70, -6.768481488406e-01, 4.529953002930e-05, 0.0000e+00, 0.0000e+00, 
*/mnt/lustre/mathdugre/fast-interpolate/datasets/ds004513/derivatives/flint/antsRegistration/r7-p19/sub-s035/Stage1_level1_Iter0071.nii.gz
2DIAGNOSTIC,    71, -6.768817669840e-01, 4.029273986816e-05, 0.0000e+00, 0.0000e+00, 
*/mnt/lustre/mathdugre/fast-interpolate/datasets/ds004513/derivatives/flint/antsRegistration/r7-p19/sub-s035/Stage1_level1_Iter0072.nii.gz
2DIAGNOSTIC,    72, -6.769086637161e-01, 3.391504287720e-05, 0.0000e+00, 0.0000e+00, 
*/mnt/lustre/mathdugre/fast-interpolate/datasets/ds004513/derivatives/flint/antsRegistration/r7-p19/sub-s035/Stage1_level1_Iter0073.nii.gz
2DIAGNOSTIC,    73, -6.768414219247e-01, 2.790987491608e-05, 0.0000e+00, 0.0000e+00, 
*/mnt/lustre/mathdugre/fast-interpolate/datasets/ds004513/derivatives/flint/antsRegistration/r7-p19/sub-s035/Stage1_level1_Iter0074.nii.gz
2DIAGNOSTIC,    74, -6.767995322831e-01, 1.978874206543e-05, 0.0000e+00, 0.0000e+00, 
*/mnt/lustre/mathdugre/fast-interpolate/datasets/ds004513/derivatives/flint/antsRegistration/r7-p19/sub-s035/Stage1_level1_Iter0075.nii.gz
2DIAGNOSTIC,    75, -6.769064314408e-01, 1.363456249237e-05, 0.0000e+00, 0.0000e+00, 
*/mnt/lustre/mathdugre/fast-interpolate/datasets/ds004513/derivatives/flint/antsRegistration/r7-p19/sub-s035/Stage1_level1_Iter0076.nii.gz
2DIAGNOSTIC,    76, -6.770074445502e-01, 1.049041748047e-05, 0.0000e+00, 0.0000e+00, 
*/mnt/lustre/mathdugre/fast-interpolate/datasets/ds004513/derivatives/flint/antsRegistration/r7-p19/sub-s035/Stage1_level1_Iter0077.nii.gz
2DIAGNOSTIC,    77, -6.770978803480e-01, 7.271766662598e-06, 0.0000e+00, 0.0000e+00, 
*/mnt/lustre/mathdugre/fast-interpolate/datasets/ds004513/derivatives/flint/antsRegistration/r7-p19/sub-s035/Stage1_level1_Iter0078.nii.gz
2DIAGNOSTIC,    78, -6.774570264738e-01, 6.631016731262e-06, 0.0000e+00, 0.0000e+00, 
*/mnt/lustre/mathdugre/fast-interpolate/datasets/ds004513/derivatives/flint/antsRegistration/r7-p19/sub-s035/Stage1_level1_Iter0079.nii.gz
2DIAGNOSTIC,    79, -6.784211486515e-01, 1.354515552521e-05, 0.0000e+00, 0.0000e+00, 
*/mnt/lustre/mathdugre/fast-interpolate/datasets/ds004513/derivatives/flint/antsRegistration/r7-p19/sub-s035/Stage1_level1_Iter0080.nii.gz
2DIAGNOSTIC,    80, -6.794153647487e-01, 2.533197402954e-05, 0.0000e+00, 0.0000e+00, 
*/mnt/lustre/mathdugre/fast-interpolate/datasets/ds004513/derivatives/flint/antsRegistration/r7-p19/sub-s035/Stage1_level1_Iter0081.nii.gz
2DIAGNOSTIC,    81, -6.794211805314e-01, 3.458559513092e-05, 0.0000e+00, 0.0000e+00, 
*/mnt/lustre/mathdugre/fast-interpolate/datasets/ds004513/derivatives/flint/antsRegistration/r7-p19/sub-s035/Stage1_level1_Iter0082.nii.gz
2DIAGNOSTIC,    82, -6.794925467111e-01, 4.093348979950e-05, 0.0000e+00, 0.0000e+00, 
*/mnt/lustre/mathdugre/fast-interpolate/datasets/ds004513/derivatives/flint/antsRegistration/r7-p19/sub-s035/Stage1_level1_Iter0083.nii.gz
2DIAGNOSTIC,    83, -6.795233871242e-01, 4.310905933380e-05, 0.0000e+00, 0.0000e+00, 
*/mnt/lustre/mathdugre/fast-interpolate/datasets/ds004513/derivatives/flint/antsRegistration/r7-p19/sub-s035/Stage1_level1_Iter0084.nii.gz
2DIAGNOSTIC,    84, -6.795480298625e-01, 4.084408283234e-05, 0.0000e+00, 0.0000e+00, 
*/mnt/lustre/mathdugre/fast-interpolate/datasets/ds004513/derivatives/flint/antsRegistration/r7-p19/sub-s035/Stage1_level1_Iter0085.nii.gz
2DIAGNOSTIC,    85, -6.796256091954e-01, 3.564357757568e-05, 0.0000e+00, 0.0000e+00, 
*/mnt/lustre/mathdugre/fast-interpolate/datasets/ds004513/derivatives/flint/antsRegistration/r7-p19/sub-s035/Stage1_level1_Iter0086.nii.gz
2DIAGNOSTIC,    86, -6.796897486186e-01, 2.810359001160e-05, 0.0000e+00, 0.0000e+00, 
*/mnt/lustre/mathdugre/fast-interpolate/datasets/ds004513/derivatives/flint/antsRegistration/r7-p19/sub-s035/Stage1_level1_Iter0087.nii.gz
2DIAGNOSTIC,    87, -6.796569429580e-01, 1.846253871918e-05, 0.0000e+00, 0.0000e+00, 
*/mnt/lustre/mathdugre/fast-interpolate/datasets/ds004513/derivatives/flint/antsRegistration/r7-p19/sub-s035/Stage1_level1_Iter0088.nii.gz
2DIAGNOSTIC,    88, -6.801424265763e-01, 1.142919063568e-05, 0.0000e+00, 0.0000e+00, 
*/mnt/lustre/mathdugre/fast-interpolate/datasets/ds004513/derivatives/flint/antsRegistration/r7-p19/sub-s035/Stage1_level1_Iter0089.nii.gz
2DIAGNOSTIC,    89, -6.805322250959e-01, 1.013278961182e-05, 0.0000e+00, 0.0000e+00, 
*/mnt/lustre/mathdugre/fast-interpolate/datasets/ds004513/derivatives/flint/antsRegistration/r7-p19/sub-s035/Stage1_level1_Iter0090.nii.gz
2DIAGNOSTIC,    90, -6.805911360677e-01, 1.311302185059e-05, 0.0000e+00, 0.0000e+00, 
*/mnt/lustre/mathdugre/fast-interpolate/datasets/ds004513/derivatives/flint/antsRegistration/r7-p19/sub-s035/Stage1_level1_Iter0091.nii.gz
2DIAGNOSTIC,    91, -6.808869099861e-01, 1.625716686249e-05, 0.0000e+00, 0.0000e+00, 
*/mnt/lustre/mathdugre/fast-interpolate/datasets/ds004513/derivatives/flint/antsRegistration/r7-p19/sub-s035/Stage1_level1_Iter0092.nii.gz
2DIAGNOSTIC,    92, -6.810882373926e-01, 1.910328865051e-05, 0.0000e+00, 0.0000e+00, 
*/mnt/lustre/mathdugre/fast-interpolate/datasets/ds004513/derivatives/flint/antsRegistration/r7-p19/sub-s035/Stage1_level1_Iter0093.nii.gz
2DIAGNOSTIC,    93, -6.813537094720e-01, 2.148747444153e-05, 0.0000e+00, 0.0000e+00, 
*/mnt/lustre/mathdugre/fast-interpolate/datasets/ds004513/derivatives/flint/antsRegistration/r7-p19/sub-s035/Stage1_level1_Iter0094.nii.gz
2DIAGNOSTIC,    94, -6.821274134793e-01, 2.545118331909e-05, 0.0000e+00, 0.0000e+00, 
*/mnt/lustre/mathdugre/fast-interpolate/datasets/ds004513/derivatives/flint/antsRegistration/r7-p19/sub-s035/Stage1_level1_Iter0095.nii.gz
2DIAGNOSTIC,    95, -6.826482169846e-01, 2.962350845337e-05, 0.0000e+00, 0.0000e+00, 
*/mnt/lustre/mathdugre/fast-interpolate/datasets/ds004513/derivatives/flint/antsRegistration/r7-p19/sub-s035/Stage1_level1_Iter0096.nii.gz
2DIAGNOSTIC,    96, -6.831402095521e-01, 3.346800804138e-05, 0.0000e+00, 0.0000e+00, 
*/mnt/lustre/mathdugre/fast-interpolate/datasets/ds004513/derivatives/flint/antsRegistration/r7-p19/sub-s035/Stage1_level1_Iter0097.nii.gz
2DIAGNOSTIC,    97, -6.839007714475e-01, 3.732740879059e-05, 0.0000e+00, 0.0000e+00, 
*/mnt/lustre/mathdugre/fast-interpolate/datasets/ds004513/derivatives/flint/antsRegistration/r7-p19/sub-s035/Stage1_level1_Iter0098.nii.gz
2DIAGNOSTIC,    98, -6.839524375501e-01, 3.983080387115e-05, 0.0000e+00, 0.0000e+00, 
*/mnt/lustre/mathdugre/fast-interpolate/datasets/ds004513/derivatives/flint/antsRegistration/r7-p19/sub-s035/Stage1_level1_Iter0099.nii.gz
2DIAGNOSTIC,    99, -6.839423216840e-01, 4.017353057861e-05, 0.0000e+00, 0.0000e+00, 
*/mnt/lustre/mathdugre/fast-interpolate/datasets/ds004513/derivatives/flint/antsRegistration/r7-p19/sub-s035/Stage1_level1_Iter0100.nii.gz
2DIAGNOSTIC,   100, -6.839671947075e-01, 3.702938556671e-05, 0.0000e+00, 0.0000e+00, 
*/mnt/lustre/mathdugre/fast-interpolate/datasets/ds004513/derivatives/flint/antsRegistration/r7-p19/sub-s035/Stage1_level1_Iter0101.nii.gz
2DIAGNOSTIC,   101, -6.838046793044e-01, 3.096461296082e-05, 0.0000e+00, 0.0000e+00, 
*/mnt/lustre/mathdugre/fast-interpolate/datasets/ds004513/derivatives/flint/antsRegistration/r7-p19/sub-s035/Stage1_level1_Iter0102.nii.gz
2DIAGNOSTIC,   102, -6.838390178564e-01, 2.308189868927e-05, 0.0000e+00, 0.0000e+00, 
*/mnt/lustre/mathdugre/fast-interpolate/datasets/ds004513/derivatives/flint/antsRegistration/r7-p19/sub-s035/Stage1_level1_Iter0103.nii.gz
2DIAGNOSTIC,   103, -6.838796609381e-01, 1.439452171326e-05, 0.0000e+00, 0.0000e+00, 
*/mnt/lustre/mathdugre/fast-interpolate/datasets/ds004513/derivatives/flint/antsRegistration/r7-p19/sub-s035/Stage1_level1_Iter0104.nii.gz
2DIAGNOSTIC,   104, -6.839413231699e-01, 8.091330528259e-06, 0.0000e+00, 0.0000e+00, 
*/mnt/lustre/mathdugre/fast-interpolate/datasets/ds004513/derivatives/flint/antsRegistration/r7-p19/sub-s035/Stage1_level1_Iter0105.nii.gz
2DIAGNOSTIC,   105, -6.839238002486e-01, 3.188848495483e-06, 0.0000e+00, 0.0000e+00, 
DIAGNOSTIC,Iteration,metricValue,convergenceValue,ITERATION_TIME_INDEX,SINCE_LAST
*/mnt/lustre/mathdugre/fast-interpolate/datasets/ds004513/derivatives/flint/antsRegistration/r7-p19/sub-s035/Stage1_level2_Iter0001.nii.gz
2DIAGNOSTIC,     1, -5.596968488253e-01, 1.797693134862e+308, 0.0000e+00, 0.0000e+00, 
*/mnt/lustre/mathdugre/fast-interpolate/datasets/ds004513/derivatives/flint/antsRegistration/r7-p19/sub-s035/Stage1_level2_Iter0002.nii.gz
2DIAGNOSTIC,     2, -5.601327613888e-01, 1.797693134862e+308, 0.0000e+00, 0.0000e+00, 
*/mnt/lustre/mathdugre/fast-interpolate/datasets/ds004513/derivatives/flint/antsRegistration/r7-p19/sub-s035/Stage1_level2_Iter0003.nii.gz
2DIAGNOSTIC,     3, -5.606550957391e-01, 1.797693134862e+308, 0.0000e+00, 0.0000e+00, 
*/mnt/lustre/mathdugre/fast-interpolate/datasets/ds004513/derivatives/flint/antsRegistration/r7-p19/sub-s035/Stage1_level2_Iter0004.nii.gz
2DIAGNOSTIC,     4, -5.613125199899e-01, 1.797693134862e+308, 0.0000e+00, 0.0000e+00, 
*/mnt/lustre/mathdugre/fast-interpolate/datasets/ds004513/derivatives/flint/antsRegistration/r7-p19/sub-s035/Stage1_level2_Iter0005.nii.gz
2DIAGNOSTIC,     5, -5.619992301178e-01, 1.797693134862e+308, 0.0000e+00, 0.0000e+00, 
*/mnt/lustre/mathdugre/fast-interpolate/datasets/ds004513/derivatives/flint/antsRegistration/r7-p19/sub-s035/Stage1_level2_Iter0006.nii.gz
2DIAGNOSTIC,     6, -5.623911193546e-01, 1.797693134862e+308, 0.0000e+00, 0.0000e+00, 
*/mnt/lustre/mathdugre/fast-interpolate/datasets/ds004513/derivatives/flint/antsRegistration/r7-p19/sub-s035/Stage1_level2_Iter0007.nii.gz
2DIAGNOSTIC,     7, -5.634435849546e-01, 1.797693134862e+308, 0.0000e+00, 0.0000e+00, 
*/mnt/lustre/mathdugre/fast-interpolate/datasets/ds004513/derivatives/flint/antsRegistration/r7-p19/sub-s035/Stage1_level2_Iter0008.nii.gz
2DIAGNOSTIC,     8, -5.637984815806e-01, 1.797693134862e+308, 0.0000e+00, 0.0000e+00, 
*/mnt/lustre/mathdugre/fast-interpolate/datasets/ds004513/derivatives/flint/antsRegistration/r7-p19/sub-s035/Stage1_level2_Iter0009.nii.gz
2DIAGNOSTIC,     9, -5.639907156048e-01, 1.797693134862e+308, 0.0000e+00, 0.0000e+00, 
*/mnt/lustre/mathdugre/fast-interpolate/datasets/ds004513/derivatives/flint/antsRegistration/r7-p19/sub-s035/Stage1_level2_Iter0010.nii.gz
2DIAGNOSTIC,    10, -5.643087531756e-01, 5.718469619751e-04, 0.0000e+00, 0.0000e+00, 
*/mnt/lustre/mathdugre/fast-interpolate/datasets/ds004513/derivatives/flint/antsRegistration/r7-p19/sub-s035/Stage1_level2_Iter0011.nii.gz
2DIAGNOSTIC,    11, -5.645363372524e-01, 4.845857620239e-04, 0.0000e+00, 0.0000e+00, 
*/mnt/lustre/mathdugre/fast-interpolate/datasets/ds004513/derivatives/flint/antsRegistration/r7-p19/sub-s035/Stage1_level2_Iter0012.nii.gz
2DIAGNOSTIC,    12, -5.645902216737e-01, 3.889799118042e-04, 0.0000e+00, 0.0000e+00, 
*/mnt/lustre/mathdugre/fast-interpolate/datasets/ds004513/derivatives/flint/antsRegistration/r7-p19/sub-s035/Stage1_level2_Iter0013.nii.gz
2DIAGNOSTIC,    13, -5.646905057500e-01, 2.970695495605e-04, 0.0000e+00, 0.0000e+00, 
*/mnt/lustre/mathdugre/fast-interpolate/datasets/ds004513/derivatives/flint/antsRegistration/r7-p19/sub-s035/Stage1_level2_Iter0014.nii.gz
