
##########################
# Experiment information #
##########################

EXPERIMENT_NAME: r8-p18
VFC_BACKENDS: libinterflop_vprec.so --range-binary32=8 --precision-binary32=18 --range-binary64=8 --precision-binary64=18

SIF_IMG: /mnt/lustre/mathdugre/containers/ants-vprec-no_metric.simg

SUBJECT_ID: s035
INPUT_IMG: /mnt/lustre/mathdugre/fast-interpolate/datasets/ds004513/derivatives/flint/antsBrainExtraction/sub-s035/BrainExtractionBrain.nii.gz
OUTPUT_DIR: /mnt/lustre/mathdugre/fast-interpolate/datasets/ds004513/derivatives/flint/antsRegistration/r8-p18/sub-s035

FIXED_IMG: /templateflow/tpl-MNI152NLin2009cAsym/tpl-MNI152NLin2009cAsym_res-01_desc-brain_T1w.nii.gz
DATA_DIR: /mnt/lustre/mathdugre/fast-interpolate/datasets/ds004513
TEMPLATEFLOW_DIR: /home/mathdugre/.cache/templateflow
ITK_GLOBAL_DEFAULT_NUMBER_OF_THREADS: 4
##########################

Info [verificarlo]: loaded backend libinterflop_vprec.so
Info [interflop-vprec]: load backend with: 
Info [interflop-vprec]: precision-binary32 = 18
Info [interflop-vprec]: range-binary32 = 8
Info [interflop-vprec]: precision-binary64 = 18
Info [interflop-vprec]: range-binary64 = 8
Info [interflop-vprec]: mode = ob
Info [interflop-vprec]: error-mode = rel
Info [interflop-vprec]: max-abs-error-exponent = -1022
Info [interflop-vprec]: daz = false
Info [interflop-vprec]: ftz = false
Info [interflop-vprec]: 	instrument = none
Info [interflop-vprec]: 	prec-input-file = (null)
Info [interflop-vprec]: 	prec-output-file = (null)
Info [interflop-vprec]: 	prec-log-file = (null)
All_Command_lines_OK
Using double precision for computations.
=============================================================================
The composite transform comprises the following transforms (in order): 
  1. Center of mass alignment using fixed image: /templateflow/tpl-MNI152NLin2009cAsym/tpl-MNI152NLin2009cAsym_res-01_desc-brain_T1w.nii.gz and moving image: /mnt/lustre/mathdugre/fast-interpolate/datasets/ds004513/derivatives/flint/antsBrainExtraction/sub-s035/BrainExtractionBrain.nii.gz (type = Euler3DTransform)
=============================================================================
  number of levels = 4
  number of levels = 4
  number of levels = 4
  fixed image: /templateflow/tpl-MNI152NLin2009cAsym/tpl-MNI152NLin2009cAsym_res-01_desc-brain_T1w.nii.gz
  moving image: /mnt/lustre/mathdugre/fast-interpolate/datasets/ds004513/derivatives/flint/antsBrainExtraction/sub-s035/BrainExtractionBrain.nii.gz
  fixed image: /templateflow/tpl-MNI152NLin2009cAsym/tpl-MNI152NLin2009cAsym_res-01_desc-brain_T1w.nii.gz
  moving image: /mnt/lustre/mathdugre/fast-interpolate/datasets/ds004513/derivatives/flint/antsBrainExtraction/sub-s035/BrainExtractionBrain.nii.gz
  fixed image: /templateflow/tpl-MNI152NLin2009cAsym/tpl-MNI152NLin2009cAsym_res-01_desc-brain_T1w.nii.gz
  moving image: /mnt/lustre/mathdugre/fast-interpolate/datasets/ds004513/derivatives/flint/antsBrainExtraction/sub-s035/BrainExtractionBrain.nii.gz
Dimension = 3
Number of stages = 3
Use histogram matching = false
Winsorize image intensities = true
  Lower quantile = 0.005
  Upper quantile = 0.995


Stage 1 State
   Image metric = MattesMI
     Fixed image = Image (0x3696b30)
  RTTI typeinfo:   itk::Image<double, 3u>
  Reference Count: 2
  Modified Time: 2385
  Debug: Off
  Object Name: 
  Observers: 
    none
  Source: (none)
  Source output name: (none)
  Release Data: Off
  Data Released: False
  Global Release Data: Off
  PipelineMTime: 0
  UpdateMTime: 1996
  RealTimeStamp: 0 seconds 
  LargestPossibleRegion: 
    Dimension: 3
    Index: [0, 0, 0]
    Size: [193, 229, 193]
  BufferedRegion: 
    Dimension: 3
    Index: [0, 0, 0]
    Size: [193, 229, 193]
  RequestedRegion: 
    Dimension: 3
    Index: [0, 0, 0]
    Size: [193, 229, 193]
  Spacing: [1, 1, 1]
  Origin: [96, 132, -78]
  Direction: 
-1 0 0
0 -1 0
0 0 1

  IndexToPointMatrix: 
-1 0 0
0 -1 0
0 0 1

  PointToIndexMatrix: 
-1 0 0
0 -1 0
0 0 1

  Inverse Direction: 
-1 0 0
0 -1 0
0 0 1

  PixelContainer: 
    ImportImageContainer (0x369ba10)
      RTTI typeinfo:   itk::ImportImageContainer<unsigned long, double>
      Reference Count: 1
      Modified Time: 1993
      Debug: Off
      Object Name: 
      Observers: 
        none
      Pointer: 0x7f6c8b297010
      Container manages memory: true
      Size: 8530021
      Capacity: 8530021

     Moving image = Image (0x3692400)
  RTTI typeinfo:   itk::Image<double, 3u>
  Reference Count: 2
  Modified Time: 2386
  Debug: Off
  Object Name: 
  Observers: 
    none
  Source: (none)
  Source output name: (none)
  Release Data: Off
  Data Released: False
  Global Release Data: Off
  PipelineMTime: 0
  UpdateMTime: 2383
  RealTimeStamp: 0 seconds 
  LargestPossibleRegion: 
    Dimension: 3
    Index: [0, 0, 0]
    Size: [160, 240, 256]
  BufferedRegion: 
    Dimension: 3
    Index: [0, 0, 0]
    Size: [160, 240, 256]
  RequestedRegion: 
    Dimension: 3
    Index: [0, 0, 0]
    Size: [160, 240, 256]
  Spacing: [1, 1, 1]
  Origin: [98.6438, 87.6357, -117.99]
  Direction: 
-0.993515 -0.100993 -0.0522355
0.100854 -0.994886 0.00530255
-0.0525039 1.93537e-08 0.998621

  IndexToPointMatrix: 
-0.993515 -0.100993 -0.0522355
0.100854 -0.994886 0.00530255
-0.0525039 1.93537e-08 0.998621

  PointToIndexMatrix: 
-0.993515 0.100854 -0.0525039
-0.100993 -0.994888 1.90735e-06
-0.0522356 0.00530243 0.998623

  Inverse Direction: 
-0.993515 0.100854 -0.0525039
-0.100993 -0.994888 1.90735e-06
-0.0522356 0.00530243 0.998623

  PixelContainer: 
    ImportImageContainer (0x38666d0)
      RTTI typeinfo:   itk::ImportImageContainer<unsigned long, double>
      Reference Count: 1
      Modified Time: 2380
      Debug: Off
      Object Name: 
      Observers: 
        none
      Pointer: 0x7f6c86796010
      Container manages memory: true
      Size: 9830400
      Capacity: 9830400

     Weighting = 1
     Sampling strategy = regular
     Number of bins = 32
     Radius = 4
     Sampling percentage  = 0.25
   Transform = Rigid
     Gradient step = 0.1
     Update field sigma (voxel space) = 0
     Total field sigma (voxel space) = 0
     Update field time sigma = 0
     Total field time sigma  = 0
     Number of time indices = 0
     Number of time point samples = 0
Stage 2 State
   Image metric = MattesMI
     Fixed image = Image (0x36b2ec0)
  RTTI typeinfo:   itk::Image<double, 3u>
  Reference Count: 2
  Modified Time: 3161
  Debug: Off
  Object Name: 
  Observers: 
    none
  Source: (none)
  Source output name: (none)
  Release Data: Off
  Data Released: False
  Global Release Data: Off
  PipelineMTime: 0
  UpdateMTime: 2772
  RealTimeStamp: 0 seconds 
  LargestPossibleRegion: 
    Dimension: 3
    Index: [0, 0, 0]
    Size: [193, 229, 193]
  BufferedRegion: 
    Dimension: 3
    Index: [0, 0, 0]
    Size: [193, 229, 193]
  RequestedRegion: 
    Dimension: 3
    Index: [0, 0, 0]
    Size: [193, 229, 193]
  Spacing: [1, 1, 1]
  Origin: [96, 132, -78]
  Direction: 
-1 0 0
0 -1 0
0 0 1

  IndexToPointMatrix: 
-1 0 0
0 -1 0
0 0 1

  PointToIndexMatrix: 
-1 0 0
0 -1 0
0 0 1

  Inverse Direction: 
-1 0 0
0 -1 0
0 0 1

  PixelContainer: 
    ImportImageContainer (0x36b3c80)
      RTTI typeinfo:   itk::ImportImageContainer<unsigned long, double>
      Reference Count: 1
      Modified Time: 2769
      Debug: Off
      Object Name: 
      Observers: 
        none
      Pointer: 0x7f6c82681010
      Container manages memory: true
      Size: 8530021
      Capacity: 8530021

     Moving image = Image (0x36bb690)
  RTTI typeinfo:   itk::Image<double, 3u>
  Reference Count: 2
  Modified Time: 3162
  Debug: Off
  Object Name: 
  Observers: 
    none
  Source: (none)
  Source output name: (none)
  Release Data: Off
  Data Released: False
  Global Release Data: Off
  PipelineMTime: 0
  UpdateMTime: 3159
  RealTimeStamp: 0 seconds 
  LargestPossibleRegion: 
    Dimension: 3
    Index: [0, 0, 0]
    Size: [160, 240, 256]
  BufferedRegion: 
    Dimension: 3
    Index: [0, 0, 0]
    Size: [160, 240, 256]
  RequestedRegion: 
    Dimension: 3
    Index: [0, 0, 0]
    Size: [160, 240, 256]
  Spacing: [1, 1, 1]
  Origin: [98.6438, 87.6357, -117.99]
  Direction: 
-0.993515 -0.100993 -0.0522355
0.100854 -0.994886 0.00530255
-0.0525039 1.93537e-08 0.998621

  IndexToPointMatrix: 
-0.993515 -0.100993 -0.0522355
0.100854 -0.994886 0.00530255
-0.0525039 1.93537e-08 0.998621

  PointToIndexMatrix: 
-0.993515 0.100854 -0.0525039
-0.100993 -0.994888 1.90735e-06
-0.0522356 0.00530243 0.998623

  Inverse Direction: 
-0.993515 0.100854 -0.0525039
-0.100993 -0.994888 1.90735e-06
-0.0522356 0.00530243 0.998623

  PixelContainer: 
    ImportImageContainer (0x38466d0)
      RTTI typeinfo:   itk::ImportImageContainer<unsigned long, double>
      Reference Count: 1
      Modified Time: 3156
      Debug: Off
      Object Name: 
      Observers: 
        none
      Pointer: 0x7f6c7db80010
      Container manages memory: true
      Size: 9830400
      Capacity: 9830400

     Weighting = 1
     Sampling strategy = regular
     Number of bins = 32
     Radius = 4
     Sampling percentage  = 0.25
   Transform = Affine
     Gradient step = 0.1
     Update field sigma (voxel space) = 0
     Total field sigma (voxel space) = 0
     Update field time sigma = 0
     Total field time sigma  = 0
     Number of time indices = 0
     Number of time point samples = 0
Stage 3 State
   Image metric = CC
     Fixed image = Image (0x36bb220)
  RTTI typeinfo:   itk::Image<double, 3u>
  Reference Count: 2
  Modified Time: 3937
  Debug: Off
  Object Name: 
  Observers: 
    none
  Source: (none)
  Source output name: (none)
  Release Data: Off
  Data Released: False
  Global Release Data: Off
  PipelineMTime: 0
  UpdateMTime: 3548
  RealTimeStamp: 0 seconds 
  LargestPossibleRegion: 
    Dimension: 3
    Index: [0, 0, 0]
    Size: [193, 229, 193]
  BufferedRegion: 
    Dimension: 3
    Index: [0, 0, 0]
    Size: [193, 229, 193]
  RequestedRegion: 
    Dimension: 3
    Index: [0, 0, 0]
    Size: [193, 229, 193]
  Spacing: [1, 1, 1]
  Origin: [96, 132, -78]
  Direction: 
-1 0 0
0 -1 0
0 0 1

  IndexToPointMatrix: 
-1 0 0
0 -1 0
0 0 1

  PointToIndexMatrix: 
-1 0 0
0 -1 0
0 0 1

  Inverse Direction: 
-1 0 0
0 -1 0
0 0 1

  PixelContainer: 
    ImportImageContainer (0x36bad40)
      RTTI typeinfo:   itk::ImportImageContainer<unsigned long, double>
      Reference Count: 1
      Modified Time: 3545
      Debug: Off
      Object Name: 
      Observers: 
        none
      Pointer: 0x7f6c79a6b010
      Container manages memory: true
      Size: 8530021
      Capacity: 8530021

     Moving image = Image (0x36b0a80)
  RTTI typeinfo:   itk::Image<double, 3u>
  Reference Count: 2
  Modified Time: 3938
  Debug: Off
  Object Name: 
  Observers: 
    none
  Source: (none)
  Source output name: (none)
  Release Data: Off
  Data Released: False
  Global Release Data: Off
  PipelineMTime: 0
  UpdateMTime: 3935
  RealTimeStamp: 0 seconds 
  LargestPossibleRegion: 
    Dimension: 3
    Index: [0, 0, 0]
    Size: [160, 240, 256]
  BufferedRegion: 
    Dimension: 3
    Index: [0, 0, 0]
    Size: [160, 240, 256]
  RequestedRegion: 
    Dimension: 3
    Index: [0, 0, 0]
    Size: [160, 240, 256]
  Spacing: [1, 1, 1]
  Origin: [98.6438, 87.6357, -117.99]
  Direction: 
-0.993515 -0.100993 -0.0522355
0.100854 -0.994886 0.00530255
-0.0525039 1.93537e-08 0.998621

  IndexToPointMatrix: 
-0.993515 -0.100993 -0.0522355
0.100854 -0.994886 0.00530255
-0.0525039 1.93537e-08 0.998621

  PointToIndexMatrix: 
-0.993515 0.100854 -0.0525039
-0.100993 -0.994888 1.90735e-06
-0.0522356 0.00530243 0.998623

  Inverse Direction: 
-0.993515 0.100854 -0.0525039
-0.100993 -0.994888 1.90735e-06
-0.0522356 0.00530243 0.998623

  PixelContainer: 
    ImportImageContainer (0x3886750)
      RTTI typeinfo:   itk::ImportImageContainer<unsigned long, double>
      Reference Count: 1
      Modified Time: 3932
      Debug: Off
      Object Name: 
      Observers: 
        none
      Pointer: 0x7f6c74f6a010
      Container manages memory: true
      Size: 9830400
      Capacity: 9830400

     Weighting = 1
     Sampling strategy = none
     Number of bins = 32
     Radius = 4
     Sampling percentage  = 1
   Transform = SyN
     Gradient step = 0.1
     Update field sigma (voxel space) = 3
     Total field sigma (voxel space) = 0
     Update field time sigma = 0
     Total field time sigma  = 0
     Number of time indices = 0
     Number of time point samples = 0
Registration using 3 total stages.

Stage 0
  iterations = 1000x500x250x100
  convergence threshold = 1e-06
  convergence window size = 10
  number of levels = 4
  using the Mattes MI metric (number of bins = 32, weight = 1, use gradient filter = 0)
  preprocessing:  winsorizing the image intensities
  Shrink factors (level 1 out of 4): [8, 8, 8]
  Shrink factors (level 2 out of 4): [4, 4, 4]
  Shrink factors (level 3 out of 4): [2, 2, 2]
  Shrink factors (level 4 out of 4): [1, 1, 1]
  smoothing sigmas per level: [3, 2, 1, 0]
  regular sampling (percentage = 0.25)

*** Running Euler3DTransform registration ***

DIAGNOSTIC,Iteration,metricValue,convergenceValue,ITERATION_TIME_INDEX,SINCE_LAST
*/mnt/lustre/mathdugre/fast-interpolate/datasets/ds004513/derivatives/flint/antsRegistration/r8-p18/sub-s035/Stage1_level1_Iter0001.nii.gz
2DIAGNOSTIC,     1, -4.595627607132e-01, 1.797693134862e+308, 0.0000e+00, 0.0000e+00, 
*/mnt/lustre/mathdugre/fast-interpolate/datasets/ds004513/derivatives/flint/antsRegistration/r8-p18/sub-s035/Stage1_level1_Iter0002.nii.gz
2DIAGNOSTIC,     2, -4.617392207230e-01, 1.797693134862e+308, 0.0000e+00, 0.0000e+00, 
*/mnt/lustre/mathdugre/fast-interpolate/datasets/ds004513/derivatives/flint/antsRegistration/r8-p18/sub-s035/Stage1_level1_Iter0003.nii.gz
2DIAGNOSTIC,     3, -4.658860908936e-01, 1.797693134862e+308, 0.0000e+00, 0.0000e+00, 
*/mnt/lustre/mathdugre/fast-interpolate/datasets/ds004513/derivatives/flint/antsRegistration/r8-p18/sub-s035/Stage1_level1_Iter0004.nii.gz
2DIAGNOSTIC,     4, -4.716097475675e-01, 1.797693134862e+308, 0.0000e+00, 0.0000e+00, 
*/mnt/lustre/mathdugre/fast-interpolate/datasets/ds004513/derivatives/flint/antsRegistration/r8-p18/sub-s035/Stage1_level1_Iter0005.nii.gz
2DIAGNOSTIC,     5, -4.792733025564e-01, 1.797693134862e+308, 0.0000e+00, 0.0000e+00, 
*/mnt/lustre/mathdugre/fast-interpolate/datasets/ds004513/derivatives/flint/antsRegistration/r8-p18/sub-s035/Stage1_level1_Iter0006.nii.gz
2DIAGNOSTIC,     6, -4.894078395285e-01, 1.797693134862e+308, 0.0000e+00, 0.0000e+00, 
*/mnt/lustre/mathdugre/fast-interpolate/datasets/ds004513/derivatives/flint/antsRegistration/r8-p18/sub-s035/Stage1_level1_Iter0007.nii.gz
2DIAGNOSTIC,     7, -5.108978013502e-01, 1.797693134862e+308, 0.0000e+00, 0.0000e+00, 
*/mnt/lustre/mathdugre/fast-interpolate/datasets/ds004513/derivatives/flint/antsRegistration/r8-p18/sub-s035/Stage1_level1_Iter0008.nii.gz
2DIAGNOSTIC,     8, -5.579809816002e-01, 1.797693134862e+308, 0.0000e+00, 0.0000e+00, 
*/mnt/lustre/mathdugre/fast-interpolate/datasets/ds004513/derivatives/flint/antsRegistration/r8-p18/sub-s035/Stage1_level1_Iter0009.nii.gz
2DIAGNOSTIC,     9, -5.607120685717e-01, 1.797693134862e+308, 0.0000e+00, 0.0000e+00, 
*/mnt/lustre/mathdugre/fast-interpolate/datasets/ds004513/derivatives/flint/antsRegistration/r8-p18/sub-s035/Stage1_level1_Iter0010.nii.gz
2DIAGNOSTIC,    10, -5.626815289343e-01, 1.553153991699e-02, 0.0000e+00, 0.0000e+00, 
*/mnt/lustre/mathdugre/fast-interpolate/datasets/ds004513/derivatives/flint/antsRegistration/r8-p18/sub-s035/Stage1_level1_Iter0011.nii.gz
2DIAGNOSTIC,    11, -5.635266234035e-01, 1.472449302673e-02, 0.0000e+00, 0.0000e+00, 
*/mnt/lustre/mathdugre/fast-interpolate/datasets/ds004513/derivatives/flint/antsRegistration/r8-p18/sub-s035/Stage1_level1_Iter0012.nii.gz
2DIAGNOSTIC,    12, -5.660087121403e-01, 1.294660568237e-02, 0.0000e+00, 0.0000e+00, 
*/mnt/lustre/mathdugre/fast-interpolate/datasets/ds004513/derivatives/flint/antsRegistration/r8-p18/sub-s035/Stage1_level1_Iter0013.nii.gz
2DIAGNOSTIC,    13, -5.673446331488e-01, 1.050400733948e-02, 0.0000e+00, 0.0000e+00, 
*/mnt/lustre/mathdugre/fast-interpolate/datasets/ds004513/derivatives/flint/antsRegistration/r8-p18/sub-s035/Stage1_level1_Iter0014.nii.gz
2DIAGNOSTIC,    14, -5.692330839941e-01, 7.790565490723e-03, 0.0000e+00, 0.0000e+00, 
*/mnt/lustre/mathdugre/fast-interpolate/datasets/ds004513/derivatives/flint/antsRegistration/r8-p18/sub-s035/Stage1_level1_Iter0015.nii.gz
2DIAGNOSTIC,    15, -5.708439954002e-01, 5.124092102051e-03, 0.0000e+00, 0.0000e+00, 
*/mnt/lustre/mathdugre/fast-interpolate/datasets/ds004513/derivatives/flint/antsRegistration/r8-p18/sub-s035/Stage1_level1_Iter0016.nii.gz
2DIAGNOSTIC,    16, -5.728880731021e-01, 2.759933471680e-03, 0.0000e+00, 0.0000e+00, 
*/mnt/lustre/mathdugre/fast-interpolate/datasets/ds004513/derivatives/flint/antsRegistration/r8-p18/sub-s035/Stage1_level1_Iter0017.nii.gz
2DIAGNOSTIC,    17, -5.730560576420e-01, 1.085758209229e-03, 0.0000e+00, 0.0000e+00, 
*/mnt/lustre/mathdugre/fast-interpolate/datasets/ds004513/derivatives/flint/antsRegistration/r8-p18/sub-s035/Stage1_level1_Iter0018.nii.gz
2DIAGNOSTIC,    18, -5.732028267376e-01, 9.130239486694e-04, 0.0000e+00, 0.0000e+00, 
*/mnt/lustre/mathdugre/fast-interpolate/datasets/ds004513/derivatives/flint/antsRegistration/r8-p18/sub-s035/Stage1_level1_Iter0019.nii.gz
2DIAGNOSTIC,    19, -5.732674689439e-01, 7.534027099609e-04, 0.0000e+00, 0.0000e+00, 
*/mnt/lustre/mathdugre/fast-interpolate/datasets/ds004513/derivatives/flint/antsRegistration/r8-p18/sub-s035/Stage1_level1_Iter0020.nii.gz
2DIAGNOSTIC,    20, -5.733428736756e-01, 5.952119827271e-04, 0.0000e+00, 0.0000e+00, 
*/mnt/lustre/mathdugre/fast-interpolate/datasets/ds004513/derivatives/flint/antsRegistration/r8-p18/sub-s035/Stage1_level1_Iter0021.nii.gz
2DIAGNOSTIC,    21, -5.733691368422e-01, 4.181861877441e-04, 0.0000e+00, 0.0000e+00, 
*/mnt/lustre/mathdugre/fast-interpolate/datasets/ds004513/derivatives/flint/antsRegistration/r8-p18/sub-s035/Stage1_level1_Iter0022.nii.gz
2DIAGNOSTIC,    22, -5.733630994158e-01, 2.790689468384e-04, 0.0000e+00, 0.0000e+00, 
*/mnt/lustre/mathdugre/fast-interpolate/datasets/ds004513/derivatives/flint/antsRegistration/r8-p18/sub-s035/Stage1_level1_Iter0023.nii.gz
2DIAGNOSTIC,    23, -5.735114279625e-01, 1.605749130249e-04, 0.0000e+00, 0.0000e+00, 
*/mnt/lustre/mathdugre/fast-interpolate/datasets/ds004513/derivatives/flint/antsRegistration/r8-p18/sub-s035/Stage1_level1_Iter0024.nii.gz
2DIAGNOSTIC,    24, -5.735762263734e-01, 7.963180541992e-05, 0.0000e+00, 0.0000e+00, 
*/mnt/lustre/mathdugre/fast-interpolate/datasets/ds004513/derivatives/flint/antsRegistration/r8-p18/sub-s035/Stage1_level1_Iter0025.nii.gz
2DIAGNOSTIC,    25, -5.736329135265e-01, 3.206729888916e-05, 0.0000e+00, 0.0000e+00, 
*/mnt/lustre/mathdugre/fast-interpolate/datasets/ds004513/derivatives/flint/antsRegistration/r8-p18/sub-s035/Stage1_level1_Iter0026.nii.gz
2DIAGNOSTIC,    26, -5.736912192593e-01, 2.753734588623e-05, 0.0000e+00, 0.0000e+00, 
*/mnt/lustre/mathdugre/fast-interpolate/datasets/ds004513/derivatives/flint/antsRegistration/r8-p18/sub-s035/Stage1_level1_Iter0027.nii.gz
2DIAGNOSTIC,    27, -5.737184965804e-01, 2.443790435791e-05, 0.0000e+00, 0.0000e+00, 
*/mnt/lustre/mathdugre/fast-interpolate/datasets/ds004513/derivatives/flint/antsRegistration/r8-p18/sub-s035/Stage1_level1_Iter0028.nii.gz
2DIAGNOSTIC,    28, -5.737595681887e-01, 2.324581146240e-05, 0.0000e+00, 0.0000e+00, 
*/mnt/lustre/mathdugre/fast-interpolate/datasets/ds004513/derivatives/flint/antsRegistration/r8-p18/sub-s035/Stage1_level1_Iter0029.nii.gz
2DIAGNOSTIC,    29, -5.739295058948e-01, 2.408027648926e-05, 0.0000e+00, 0.0000e+00, 
*/mnt/lustre/mathdugre/fast-interpolate/datasets/ds004513/derivatives/flint/antsRegistration/r8-p18/sub-s035/Stage1_level1_Iter0030.nii.gz
2DIAGNOSTIC,    30, -5.740810635348e-01, 2.634525299072e-05, 0.0000e+00, 0.0000e+00, 
*/mnt/lustre/mathdugre/fast-interpolate/datasets/ds004513/derivatives/flint/antsRegistration/r8-p18/sub-s035/Stage1_level1_Iter0031.nii.gz
2DIAGNOSTIC,    31, -5.740898256191e-01, 2.658367156982e-05, 0.0000e+00, 0.0000e+00, 
*/mnt/lustre/mathdugre/fast-interpolate/datasets/ds004513/derivatives/flint/antsRegistration/r8-p18/sub-s035/Stage1_level1_Iter0032.nii.gz
2DIAGNOSTIC,    32, -5.741090270678e-01, 2.479553222656e-05, 0.0000e+00, 0.0000e+00, 
*/mnt/lustre/mathdugre/fast-interpolate/datasets/ds004513/derivatives/flint/antsRegistration/r8-p18/sub-s035/Stage1_level1_Iter0033.nii.gz
2DIAGNOSTIC,    33, -5.741451231903e-01, 2.384185791016e-05, 0.0000e+00, 0.0000e+00, 
*/mnt/lustre/mathdugre/fast-interpolate/datasets/ds004513/derivatives/flint/antsRegistration/r8-p18/sub-s035/Stage1_level1_Iter0034.nii.gz
2DIAGNOSTIC,    34, -5.742664935873e-01, 2.348423004150e-05, 0.0000e+00, 0.0000e+00, 
*/mnt/lustre/mathdugre/fast-interpolate/datasets/ds004513/derivatives/flint/antsRegistration/r8-p18/sub-s035/Stage1_level1_Iter0035.nii.gz
2DIAGNOSTIC,    35, -5.742931684176e-01, 2.217292785645e-05, 0.0000e+00, 0.0000e+00, 
*/mnt/lustre/mathdugre/fast-interpolate/datasets/ds004513/derivatives/flint/antsRegistration/r8-p18/sub-s035/Stage1_level1_Iter0036.nii.gz
2DIAGNOSTIC,    36, -5.743084459144e-01, 1.978874206543e-05, 0.0000e+00, 0.0000e+00, 
*/mnt/lustre/mathdugre/fast-interpolate/datasets/ds004513/derivatives/flint/antsRegistration/r8-p18/sub-s035/Stage1_level1_Iter0037.nii.gz
2DIAGNOSTIC,    37, -5.743782355874e-01, 1.740455627441e-05, 0.0000e+00, 0.0000e+00, 
*/mnt/lustre/mathdugre/fast-interpolate/datasets/ds004513/derivatives/flint/antsRegistration/r8-p18/sub-s035/Stage1_level1_Iter0038.nii.gz
2DIAGNOSTIC,    38, -5.747037730768e-01, 1.835823059082e-05, 0.0000e+00, 0.0000e+00, 
*/mnt/lustre/mathdugre/fast-interpolate/datasets/ds004513/derivatives/flint/antsRegistration/r8-p18/sub-s035/Stage1_level1_Iter0039.nii.gz
2DIAGNOSTIC,    39, -5.751903936026e-01, 2.592802047729e-05, 0.0000e+00, 0.0000e+00, 
*/mnt/lustre/mathdugre/fast-interpolate/datasets/ds004513/derivatives/flint/antsRegistration/r8-p18/sub-s035/Stage1_level1_Iter0040.nii.gz
2DIAGNOSTIC,    40, -5.827751900707e-01, 1.296997070312e-04, 0.0000e+00, 0.0000e+00, 
*/mnt/lustre/mathdugre/fast-interpolate/datasets/ds004513/derivatives/flint/antsRegistration/r8-p18/sub-s035/Stage1_level1_Iter0041.nii.gz
2DIAGNOSTIC,    41, -5.872235169420e-01, 2.689361572266e-04, 0.0000e+00, 0.0000e+00, 
*/mnt/lustre/mathdugre/fast-interpolate/datasets/ds004513/derivatives/flint/antsRegistration/r8-p18/sub-s035/Stage1_level1_Iter0042.nii.gz
2DIAGNOSTIC,    42, -5.880028924918e-01, 3.847479820251e-04, 0.0000e+00, 0.0000e+00, 
*/mnt/lustre/mathdugre/fast-interpolate/datasets/ds004513/derivatives/flint/antsRegistration/r8-p18/sub-s035/Stage1_level1_Iter0043.nii.gz
2DIAGNOSTIC,    43, -5.889555528583e-01, 4.717111587524e-04, 0.0000e+00, 0.0000e+00, 
*/mnt/lustre/mathdugre/fast-interpolate/datasets/ds004513/derivatives/flint/antsRegistration/r8-p18/sub-s035/Stage1_level1_Iter0044.nii.gz
2DIAGNOSTIC,    44, -5.955156553401e-01, 5.869269371033e-04, 0.0000e+00, 0.0000e+00, 
*/mnt/lustre/mathdugre/fast-interpolate/datasets/ds004513/derivatives/flint/antsRegistration/r8-p18/sub-s035/Stage1_level1_Iter0045.nii.gz
2DIAGNOSTIC,    45, -6.093409655513e-01, 7.933378219604e-04, 0.0000e+00, 0.0000e+00, 
*/mnt/lustre/mathdugre/fast-interpolate/datasets/ds004513/derivatives/flint/antsRegistration/r8-p18/sub-s035/Stage1_level1_Iter0046.nii.gz
2DIAGNOSTIC,    46, -6.226266708809e-01, 1.055896282196e-03, 0.0000e+00, 0.0000e+00, 
*/mnt/lustre/mathdugre/fast-interpolate/datasets/ds004513/derivatives/flint/antsRegistration/r8-p18/sub-s035/Stage1_level1_Iter0047.nii.gz
2DIAGNOSTIC,    47, -6.225474894339e-01, 1.205027103424e-03, 0.0000e+00, 0.0000e+00, 
*/mnt/lustre/mathdugre/fast-interpolate/datasets/ds004513/derivatives/flint/antsRegistration/r8-p18/sub-s035/Stage1_level1_Iter0048.nii.gz
2DIAGNOSTIC,    48, -6.225932250364e-01, 1.241147518158e-03, 0.0000e+00, 0.0000e+00, 
*/mnt/lustre/mathdugre/fast-interpolate/datasets/ds004513/derivatives/flint/antsRegistration/r8-p18/sub-s035/Stage1_level1_Iter0049.nii.gz
2DIAGNOSTIC,    49, -6.225871359743e-01, 1.161038875580e-03, 0.0000e+00, 0.0000e+00, 
*/mnt/lustre/mathdugre/fast-interpolate/datasets/ds004513/derivatives/flint/antsRegistration/r8-p18/sub-s035/Stage1_level1_Iter0050.nii.gz
2DIAGNOSTIC,    50, -6.227214513753e-01, 1.046776771545e-03, 0.0000e+00, 0.0000e+00, 
*/mnt/lustre/mathdugre/fast-interpolate/datasets/ds004513/derivatives/flint/antsRegistration/r8-p18/sub-s035/Stage1_level1_Iter0051.nii.gz
2DIAGNOSTIC,    51, -6.228576053514e-01, 8.807182312012e-04, 0.0000e+00, 0.0000e+00, 
*/mnt/lustre/mathdugre/fast-interpolate/datasets/ds004513/derivatives/flint/antsRegistration/r8-p18/sub-s035/Stage1_level1_Iter0052.nii.gz
2DIAGNOSTIC,    52, -6.232188928465e-01, 6.504654884338e-04, 0.0000e+00, 0.0000e+00, 
*/mnt/lustre/mathdugre/fast-interpolate/datasets/ds004513/derivatives/flint/antsRegistration/r8-p18/sub-s035/Stage1_level1_Iter0053.nii.gz
2DIAGNOSTIC,    53, -6.238054905143e-01, 3.836750984192e-04, 0.0000e+00, 0.0000e+00, 
*/mnt/lustre/mathdugre/fast-interpolate/datasets/ds004513/derivatives/flint/antsRegistration/r8-p18/sub-s035/Stage1_level1_Iter0054.nii.gz
2DIAGNOSTIC,    54, -6.245775350436e-01, 1.565217971802e-04, 0.0000e+00, 0.0000e+00, 
*/mnt/lustre/mathdugre/fast-interpolate/datasets/ds004513/derivatives/flint/antsRegistration/r8-p18/sub-s035/Stage1_level1_Iter0055.nii.gz
2DIAGNOSTIC,    55, -6.255295119581e-01, 5.352497100830e-05, 0.0000e+00, 0.0000e+00, 
*/mnt/lustre/mathdugre/fast-interpolate/datasets/ds004513/derivatives/flint/antsRegistration/r8-p18/sub-s035/Stage1_level1_Iter0056.nii.gz
2DIAGNOSTIC,    56, -6.269173085203e-01, 7.963180541992e-05, 0.0000e+00, 0.0000e+00, 
*/mnt/lustre/mathdugre/fast-interpolate/datasets/ds004513/derivatives/flint/antsRegistration/r8-p18/sub-s035/Stage1_level1_Iter0057.nii.gz
2DIAGNOSTIC,    57, -6.284048196210e-01, 1.090764999390e-04, 0.0000e+00, 0.0000e+00, 
*/mnt/lustre/mathdugre/fast-interpolate/datasets/ds004513/derivatives/flint/antsRegistration/r8-p18/sub-s035/Stage1_level1_Iter0058.nii.gz
2DIAGNOSTIC,    58, -6.297033872689e-01, 1.384615898132e-04, 0.0000e+00, 0.0000e+00, 
*/mnt/lustre/mathdugre/fast-interpolate/datasets/ds004513/derivatives/flint/antsRegistration/r8-p18/sub-s035/Stage1_level1_Iter0059.nii.gz
2DIAGNOSTIC,    59, -6.303633137046e-01, 1.587271690369e-04, 0.0000e+00, 0.0000e+00, 
*/mnt/lustre/mathdugre/fast-interpolate/datasets/ds004513/derivatives/flint/antsRegistration/r8-p18/sub-s035/Stage1_level1_Iter0060.nii.gz
2DIAGNOSTIC,    60, -6.314324622728e-01, 1.730918884277e-04, 0.0000e+00, 0.0000e+00, 
*/mnt/lustre/mathdugre/fast-interpolate/datasets/ds004513/derivatives/flint/antsRegistration/r8-p18/sub-s035/Stage1_level1_Iter0061.nii.gz
2DIAGNOSTIC,    61, -6.342469190674e-01, 1.938939094543e-04, 0.0000e+00, 0.0000e+00, 
*/mnt/lustre/mathdugre/fast-interpolate/datasets/ds004513/derivatives/flint/antsRegistration/r8-p18/sub-s035/Stage1_level1_Iter0062.nii.gz
2DIAGNOSTIC,    62, -6.460697032037e-01, 2.914071083069e-04, 0.0000e+00, 0.0000e+00, 
*/mnt/lustre/mathdugre/fast-interpolate/datasets/ds004513/derivatives/flint/antsRegistration/r8-p18/sub-s035/Stage1_level1_Iter0063.nii.gz
2DIAGNOSTIC,    63, -6.745943274342e-01, 5.815029144287e-04, 0.0000e+00, 0.0000e+00, 
*/mnt/lustre/mathdugre/fast-interpolate/datasets/ds004513/derivatives/flint/antsRegistration/r8-p18/sub-s035/Stage1_level1_Iter0064.nii.gz
2DIAGNOSTIC,    64, -6.782878227549e-01, 8.342862129211e-04, 0.0000e+00, 0.0000e+00, 
*/mnt/lustre/mathdugre/fast-interpolate/datasets/ds004513/derivatives/flint/antsRegistration/r8-p18/sub-s035/Stage1_level1_Iter0065.nii.gz
2DIAGNOSTIC,    65, -6.783211913367e-01, 1.008391380310e-03, 0.0000e+00, 0.0000e+00, 
*/mnt/lustre/mathdugre/fast-interpolate/datasets/ds004513/derivatives/flint/antsRegistration/r8-p18/sub-s035/Stage1_level1_Iter0066.nii.gz
2DIAGNOSTIC,    66, -6.786607729486e-01, 1.095175743103e-03, 0.0000e+00, 0.0000e+00, 
*/mnt/lustre/mathdugre/fast-interpolate/datasets/ds004513/derivatives/flint/antsRegistration/r8-p18/sub-s035/Stage1_level1_Iter0067.nii.gz
2DIAGNOSTIC,    67, -6.788859900901e-01, 1.084208488464e-03, 0.0000e+00, 0.0000e+00, 
*/mnt/lustre/mathdugre/fast-interpolate/datasets/ds004513/derivatives/flint/antsRegistration/r8-p18/sub-s035/Stage1_level1_Iter0068.nii.gz
2DIAGNOSTIC,    68, -6.790104715632e-01, 9.757876396179e-04, 0.0000e+00, 0.0000e+00, 
*/mnt/lustre/mathdugre/fast-interpolate/datasets/ds004513/derivatives/flint/antsRegistration/r8-p18/sub-s035/Stage1_level1_Iter0069.nii.gz
2DIAGNOSTIC,    69, -6.790588012003e-01, 7.825493812561e-04, 0.0000e+00, 0.0000e+00, 
*/mnt/lustre/mathdugre/fast-interpolate/datasets/ds004513/derivatives/flint/antsRegistration/r8-p18/sub-s035/Stage1_level1_Iter0070.nii.gz
2DIAGNOSTIC,    70, -6.791862910416e-01, 5.322098731995e-04, 0.0000e+00, 0.0000e+00, 
*/mnt/lustre/mathdugre/fast-interpolate/datasets/ds004513/derivatives/flint/antsRegistration/r8-p18/sub-s035/Stage1_level1_Iter0071.nii.gz
2DIAGNOSTIC,    71, -6.793436747302e-01, 2.592206001282e-04, 0.0000e+00, 0.0000e+00, 
*/mnt/lustre/mathdugre/fast-interpolate/datasets/ds004513/derivatives/flint/antsRegistration/r8-p18/sub-s035/Stage1_level1_Iter0072.nii.gz
2DIAGNOSTIC,    72, -6.793616002659e-01, 4.380941390991e-05, 0.0000e+00, 0.0000e+00, 
*/mnt/lustre/mathdugre/fast-interpolate/datasets/ds004513/derivatives/flint/antsRegistration/r8-p18/sub-s035/Stage1_level1_Iter0073.nii.gz
2DIAGNOSTIC,    73, -6.792832410833e-01, 1.704692840576e-05, 0.0000e+00, 0.0000e+00, 
*/mnt/lustre/mathdugre/fast-interpolate/datasets/ds004513/derivatives/flint/antsRegistration/r8-p18/sub-s035/Stage1_level1_Iter0074.nii.gz
2DIAGNOSTIC,    74, -6.792906927565e-01, 1.358985900879e-05, 0.0000e+00, 0.0000e+00, 
*/mnt/lustre/mathdugre/fast-interpolate/datasets/ds004513/derivatives/flint/antsRegistration/r8-p18/sub-s035/Stage1_level1_Iter0075.nii.gz
2DIAGNOSTIC,    75, -6.792929975106e-01, 9.059906005859e-06, 0.0000e+00, 0.0000e+00, 
*/mnt/lustre/mathdugre/fast-interpolate/datasets/ds004513/derivatives/flint/antsRegistration/r8-p18/sub-s035/Stage1_level1_Iter0076.nii.gz
2DIAGNOSTIC,    76, -6.793108115472e-01, 6.020069122314e-06, 0.0000e+00, 0.0000e+00, 
*/mnt/lustre/mathdugre/fast-interpolate/datasets/ds004513/derivatives/flint/antsRegistration/r8-p18/sub-s035/Stage1_level1_Iter0077.nii.gz
2DIAGNOSTIC,    77, -6.794063251779e-01, 4.470348358154e-06, 0.0000e+00, 0.0000e+00, 
*/mnt/lustre/mathdugre/fast-interpolate/datasets/ds004513/derivatives/flint/antsRegistration/r8-p18/sub-s035/Stage1_level1_Iter0078.nii.gz
2DIAGNOSTIC,    78, -6.795089412514e-01, 4.082918167114e-06, 0.0000e+00, 0.0000e+00, 
*/mnt/lustre/mathdugre/fast-interpolate/datasets/ds004513/derivatives/flint/antsRegistration/r8-p18/sub-s035/Stage1_level1_Iter0079.nii.gz
2DIAGNOSTIC,    79, -6.794513109412e-01, 3.159046173096e-06, 0.0000e+00, 0.0000e+00, 
*/mnt/lustre/mathdugre/fast-interpolate/datasets/ds004513/derivatives/flint/antsRegistration/r8-p18/sub-s035/Stage1_level1_Iter0080.nii.gz
2DIAGNOSTIC,    80, -6.795758788151e-01, 3.516674041748e-06, 0.0000e+00, 0.0000e+00, 
*/mnt/lustre/mathdugre/fast-interpolate/datasets/ds004513/derivatives/flint/antsRegistration/r8-p18/sub-s035/Stage1_level1_Iter0081.nii.gz
2DIAGNOSTIC,    81, -6.795877617465e-01, 4.589557647705e-06, 0.0000e+00, 0.0000e+00, 
*/mnt/lustre/mathdugre/fast-interpolate/datasets/ds004513/derivatives/flint/antsRegistration/r8-p18/sub-s035/Stage1_level1_Iter0082.nii.gz
2DIAGNOSTIC,    82, -6.794948277584e-01, 4.708766937256e-06, 0.0000e+00, 0.0000e+00, 
*/mnt/lustre/mathdugre/fast-interpolate/datasets/ds004513/derivatives/flint/antsRegistration/r8-p18/sub-s035/Stage1_level1_Iter0083.nii.gz
2DIAGNOSTIC,    83, -6.794977376639e-01, 4.112720489502e-06, 0.0000e+00, 0.0000e+00, 
*/mnt/lustre/mathdugre/fast-interpolate/datasets/ds004513/derivatives/flint/antsRegistration/r8-p18/sub-s035/Stage1_level1_Iter0084.nii.gz
2DIAGNOSTIC,    84, -6.795048923773e-01, 3.188848495483e-06, 0.0000e+00, 0.0000e+00, 
*/mnt/lustre/mathdugre/fast-interpolate/datasets/ds004513/derivatives/flint/antsRegistration/r8-p18/sub-s035/Stage1_level1_Iter0085.nii.gz
2DIAGNOSTIC,    85, -6.795106958812e-01, 2.026557922363e-06, 0.0000e+00, 0.0000e+00, 
*/mnt/lustre/mathdugre/fast-interpolate/datasets/ds004513/derivatives/flint/antsRegistration/r8-p18/sub-s035/Stage1_level1_Iter0086.nii.gz
2DIAGNOSTIC,    86, -6.796184008894e-01, 1.460313796997e-06, 0.0000e+00, 0.0000e+00, 
*/mnt/lustre/mathdugre/fast-interpolate/datasets/ds004513/derivatives/flint/antsRegistration/r8-p18/sub-s035/Stage1_level1_Iter0087.nii.gz
2DIAGNOSTIC,    87, -6.796281696341e-01, 1.341104507446e-06, 0.0000e+00, 0.0000e+00, 
*/mnt/lustre/mathdugre/fast-interpolate/datasets/ds004513/derivatives/flint/antsRegistration/r8-p18/sub-s035/Stage1_level1_Iter0088.nii.gz
2DIAGNOSTIC,    88, -6.797614811628e-01, 2.473592758179e-06, 0.0000e+00, 0.0000e+00, 
*/mnt/lustre/mathdugre/fast-interpolate/datasets/ds004513/derivatives/flint/antsRegistration/r8-p18/sub-s035/Stage1_level1_Iter0089.nii.gz
2DIAGNOSTIC,    89, -6.798578170742e-01, 3.457069396973e-06, 0.0000e+00, 0.0000e+00, 
*/mnt/lustre/mathdugre/fast-interpolate/datasets/ds004513/derivatives/flint/antsRegistration/r8-p18/sub-s035/Stage1_level1_Iter0090.nii.gz
2DIAGNOSTIC,    90, -6.798730219554e-01, 4.827976226807e-06, 0.0000e+00, 0.0000e+00, 
*/mnt/lustre/mathdugre/fast-interpolate/datasets/ds004513/derivatives/flint/antsRegistration/r8-p18/sub-s035/Stage1_level1_Iter0091.nii.gz
2DIAGNOSTIC,    91, -6.798997370311e-01, 5.960464477539e-06, 0.0000e+00, 0.0000e+00, 
*/mnt/lustre/mathdugre/fast-interpolate/datasets/ds004513/derivatives/flint/antsRegistration/r8-p18/sub-s035/Stage1_level1_Iter0092.nii.gz
2DIAGNOSTIC,    92, -6.799103975578e-01, 6.228685379028e-06, 0.0000e+00, 0.0000e+00, 
*/mnt/lustre/mathdugre/fast-interpolate/datasets/ds004513/derivatives/flint/antsRegistration/r8-p18/sub-s035/Stage1_level1_Iter0093.nii.gz
2DIAGNOSTIC,    93, -6.799232578641e-01, 5.871057510376e-06, 0.0000e+00, 0.0000e+00, 
*/mnt/lustre/mathdugre/fast-interpolate/datasets/ds004513/derivatives/flint/antsRegistration/r8-p18/sub-s035/Stage1_level1_Iter0094.nii.gz
2DIAGNOSTIC,    94, -6.799818580617e-01, 5.334615707397e-06, 0.0000e+00, 0.0000e+00, 
*/mnt/lustre/mathdugre/fast-interpolate/datasets/ds004513/derivatives/flint/antsRegistration/r8-p18/sub-s035/Stage1_level1_Iter0095.nii.gz
2DIAGNOSTIC,    95, -6.800538686323e-01, 4.708766937256e-06, 0.0000e+00, 0.0000e+00, 
*/mnt/lustre/mathdugre/fast-interpolate/datasets/ds004513/derivatives/flint/antsRegistration/r8-p18/sub-s035/Stage1_level1_Iter0096.nii.gz
2DIAGNOSTIC,    96, -6.801619954528e-01, 4.768371582031e-06, 0.0000e+00, 0.0000e+00, 
*/mnt/lustre/mathdugre/fast-interpolate/datasets/ds004513/derivatives/flint/antsRegistration/r8-p18/sub-s035/Stage1_level1_Iter0097.nii.gz
2DIAGNOSTIC,    97, -6.802251556549e-01, 4.589557647705e-06, 0.0000e+00, 0.0000e+00, 
*/mnt/lustre/mathdugre/fast-interpolate/datasets/ds004513/derivatives/flint/antsRegistration/r8-p18/sub-s035/Stage1_level1_Iter0098.nii.gz
2DIAGNOSTIC,    98, -6.802301418491e-01, 4.768371582031e-06, 0.0000e+00, 0.0000e+00, 
*/mnt/lustre/mathdugre/fast-interpolate/datasets/ds004513/derivatives/flint/antsRegistration/r8-p18/sub-s035/Stage1_level1_Iter0099.nii.gz
2DIAGNOSTIC,    99, -6.802712005291e-01, 5.215406417847e-06, 0.0000e+00, 0.0000e+00, 
*/mnt/lustre/mathdugre/fast-interpolate/datasets/ds004513/derivatives/flint/antsRegistration/r8-p18/sub-s035/Stage1_level1_Iter0100.nii.gz
2DIAGNOSTIC,   100, -6.803080812729e-01, 5.245208740234e-06, 0.0000e+00, 0.0000e+00, 
*/mnt/lustre/mathdugre/fast-interpolate/datasets/ds004513/derivatives/flint/antsRegistration/r8-p18/sub-s035/Stage1_level1_Iter0101.nii.gz
2DIAGNOSTIC,   101, -6.803235453346e-01, 5.125999450684e-06, 0.0000e+00, 0.0000e+00, 
*/mnt/lustre/mathdugre/fast-interpolate/datasets/ds004513/derivatives/flint/antsRegistration/r8-p18/sub-s035/Stage1_level1_Iter0102.nii.gz
2DIAGNOSTIC,   102, -6.803532570694e-01, 4.678964614868e-06, 0.0000e+00, 0.0000e+00, 
*/mnt/lustre/mathdugre/fast-interpolate/datasets/ds004513/derivatives/flint/antsRegistration/r8-p18/sub-s035/Stage1_level1_Iter0103.nii.gz
2DIAGNOSTIC,   103, -6.805298508260e-01, 4.619359970093e-06, 0.0000e+00, 0.0000e+00, 
*/mnt/lustre/mathdugre/fast-interpolate/datasets/ds004513/derivatives/flint/antsRegistration/r8-p18/sub-s035/Stage1_level1_Iter0104.nii.gz
2DIAGNOSTIC,   104, -6.806213855452e-01, 4.798173904419e-06, 0.0000e+00, 0.0000e+00, 
*/mnt/lustre/mathdugre/fast-interpolate/datasets/ds004513/derivatives/flint/antsRegistration/r8-p18/sub-s035/Stage1_level1_Iter0105.nii.gz
2DIAGNOSTIC,   105, -6.809961138126e-01, 6.586313247681e-06, 0.0000e+00, 0.0000e+00, 
*/mnt/lustre/mathdugre/fast-interpolate/datasets/ds004513/derivatives/flint/antsRegistration/r8-p18/sub-s035/Stage1_level1_Iter0106.nii.gz
2DIAGNOSTIC,   106, -6.811012670044e-01, 8.523464202881e-06, 0.0000e+00, 0.0000e+00, 
*/mnt/lustre/mathdugre/fast-interpolate/datasets/ds004513/derivatives/flint/antsRegistration/r8-p18/sub-s035/Stage1_level1_Iter0107.nii.gz
2DIAGNOSTIC,   107, -6.811310513751e-01, 1.013278961182e-05, 0.0000e+00, 0.0000e+00, 
*/mnt/lustre/mathdugre/fast-interpolate/datasets/ds004513/derivatives/flint/antsRegistration/r8-p18/sub-s035/Stage1_level1_Iter0108.nii.gz
2DIAGNOSTIC,   108, -6.813884602934e-01, 1.174211502075e-05, 0.0000e+00, 0.0000e+00, 
*/mnt/lustre/mathdugre/fast-interpolate/datasets/ds004513/derivatives/flint/antsRegistration/r8-p18/sub-s035/Stage1_level1_Iter0109.nii.gz
2DIAGNOSTIC,   109, -6.815059254017e-01, 1.296401023865e-05, 0.0000e+00, 0.0000e+00, 
*/mnt/lustre/mathdugre/fast-interpolate/datasets/ds004513/derivatives/flint/antsRegistration/r8-p18/sub-s035/Stage1_level1_Iter0110.nii.gz
2DIAGNOSTIC,   110, -6.814384626050e-01, 1.269578933716e-05, 0.0000e+00, 0.0000e+00, 
*/mnt/lustre/mathdugre/fast-interpolate/datasets/ds004513/derivatives/flint/antsRegistration/r8-p18/sub-s035/Stage1_level1_Iter0111.nii.gz
2DIAGNOSTIC,   111, -6.814564049491e-01, 1.144409179688e-05, 0.0000e+00, 0.0000e+00, 
*/mnt/lustre/mathdugre/fast-interpolate/datasets/ds004513/derivatives/flint/antsRegistration/r8-p18/sub-s035/Stage1_level1_Iter0112.nii.gz
2DIAGNOSTIC,   112, -6.815742104602e-01, 9.715557098389e-06, 0.0000e+00, 0.0000e+00, 
*/mnt/lustre/mathdugre/fast-interpolate/datasets/ds004513/derivatives/flint/antsRegistration/r8-p18/sub-s035/Stage1_level1_Iter0113.nii.gz
2DIAGNOSTIC,   113, -6.816837784019e-01, 8.255243301392e-06, 0.0000e+00, 0.0000e+00, 
*/mnt/lustre/mathdugre/fast-interpolate/datasets/ds004513/derivatives/flint/antsRegistration/r8-p18/sub-s035/Stage1_level1_Iter0114.nii.gz
2DIAGNOSTIC,   114, -6.816871120541e-01, 6.377696990967e-06, 0.0000e+00, 0.0000e+00, 
*/mnt/lustre/mathdugre/fast-interpolate/datasets/ds004513/derivatives/flint/antsRegistration/r8-p18/sub-s035/Stage1_level1_Iter0115.nii.gz
2DIAGNOSTIC,   115, -6.816930879591e-01, 5.573034286499e-06, 0.0000e+00, 0.0000e+00, 
*/mnt/lustre/mathdugre/fast-interpolate/datasets/ds004513/derivatives/flint/antsRegistration/r8-p18/sub-s035/Stage1_level1_Iter0116.nii.gz
2DIAGNOSTIC,   116, -6.816999916202e-01, 4.619359970093e-06, 0.0000e+00, 0.0000e+00, 
*/mnt/lustre/mathdugre/fast-interpolate/datasets/ds004513/derivatives/flint/antsRegistration/r8-p18/sub-s035/Stage1_level1_Iter0117.nii.gz
2DIAGNOSTIC,   117, -6.817152758099e-01, 3.427267074585e-06, 0.0000e+00, 0.0000e+00, 
*/mnt/lustre/mathdugre/fast-interpolate/datasets/ds004513/derivatives/flint/antsRegistration/r8-p18/sub-s035/Stage1_level1_Iter0118.nii.gz
2DIAGNOSTIC,   118, -6.817332730478e-01, 3.010034561157e-06, 0.0000e+00, 0.0000e+00, 
*/mnt/lustre/mathdugre/fast-interpolate/datasets/ds004513/derivatives/flint/antsRegistration/r8-p18/sub-s035/Stage1_level1_Iter0119.nii.gz
2DIAGNOSTIC,   119, -6.817832422011e-01, 2.950429916382e-06, 0.0000e+00, 0.0000e+00, 
