
##########################
# Experiment information #
##########################

EXPERIMENT_NAME: r8-p19
VFC_BACKENDS: libinterflop_vprec.so --range-binary32=8 --precision-binary32=19 --range-binary64=8 --precision-binary64=19

SIF_IMG: /mnt/lustre/mathdugre/containers/ants-vprec-no_metric.simg

SUBJECT_ID: s017
INPUT_IMG: /mnt/lustre/mathdugre/fast-interpolate/datasets/ds004513/derivatives/flint/antsBrainExtraction/sub-s017/BrainExtractionBrain.nii.gz
OUTPUT_DIR: /mnt/lustre/mathdugre/fast-interpolate/datasets/ds004513/derivatives/flint/antsRegistration/r8-p19/sub-s017

FIXED_IMG: /templateflow/tpl-MNI152NLin2009cAsym/tpl-MNI152NLin2009cAsym_res-01_desc-brain_T1w.nii.gz
DATA_DIR: /mnt/lustre/mathdugre/fast-interpolate/datasets/ds004513
TEMPLATEFLOW_DIR: /home/mathdugre/.cache/templateflow
ITK_GLOBAL_DEFAULT_NUMBER_OF_THREADS: 4
##########################

Info [verificarlo]: loaded backend libinterflop_vprec.so
Info [interflop-vprec]: load backend with: 
Info [interflop-vprec]: precision-binary32 = 19
Info [interflop-vprec]: range-binary32 = 8
Info [interflop-vprec]: precision-binary64 = 19
Info [interflop-vprec]: range-binary64 = 8
Info [interflop-vprec]: mode = ob
Info [interflop-vprec]: error-mode = rel
Info [interflop-vprec]: max-abs-error-exponent = -1022
Info [interflop-vprec]: daz = false
Info [interflop-vprec]: ftz = false
Info [interflop-vprec]: 	instrument = none
Info [interflop-vprec]: 	prec-input-file = (null)
Info [interflop-vprec]: 	prec-output-file = (null)
Info [interflop-vprec]: 	prec-log-file = (null)
All_Command_lines_OK
Using double precision for computations.
=============================================================================
The composite transform comprises the following transforms (in order): 
  1. Center of mass alignment using fixed image: /templateflow/tpl-MNI152NLin2009cAsym/tpl-MNI152NLin2009cAsym_res-01_desc-brain_T1w.nii.gz and moving image: /mnt/lustre/mathdugre/fast-interpolate/datasets/ds004513/derivatives/flint/antsBrainExtraction/sub-s017/BrainExtractionBrain.nii.gz (type = Euler3DTransform)
=============================================================================
  number of levels = 4
  number of levels = 4
  number of levels = 4
  fixed image: /templateflow/tpl-MNI152NLin2009cAsym/tpl-MNI152NLin2009cAsym_res-01_desc-brain_T1w.nii.gz
  moving image: /mnt/lustre/mathdugre/fast-interpolate/datasets/ds004513/derivatives/flint/antsBrainExtraction/sub-s017/BrainExtractionBrain.nii.gz
  fixed image: /templateflow/tpl-MNI152NLin2009cAsym/tpl-MNI152NLin2009cAsym_res-01_desc-brain_T1w.nii.gz
  moving image: /mnt/lustre/mathdugre/fast-interpolate/datasets/ds004513/derivatives/flint/antsBrainExtraction/sub-s017/BrainExtractionBrain.nii.gz
  fixed image: /templateflow/tpl-MNI152NLin2009cAsym/tpl-MNI152NLin2009cAsym_res-01_desc-brain_T1w.nii.gz
  moving image: /mnt/lustre/mathdugre/fast-interpolate/datasets/ds004513/derivatives/flint/antsBrainExtraction/sub-s017/BrainExtractionBrain.nii.gz
Dimension = 3
Number of stages = 3
Use histogram matching = false
Winsorize image intensities = true
  Lower quantile = 0.005
  Upper quantile = 0.995


Stage 1 State
   Image metric = MattesMI
     Fixed image = Image (0x3586b30)
  RTTI typeinfo:   itk::Image<double, 3u>
  Reference Count: 2
  Modified Time: 2389
  Debug: Off
  Object Name: 
  Observers: 
    none
  Source: (none)
  Source output name: (none)
  Release Data: Off
  Data Released: False
  Global Release Data: Off
  PipelineMTime: 0
  UpdateMTime: 1998
  RealTimeStamp: 0 seconds 
  LargestPossibleRegion: 
    Dimension: 3
    Index: [0, 0, 0]
    Size: [193, 229, 193]
  BufferedRegion: 
    Dimension: 3
    Index: [0, 0, 0]
    Size: [193, 229, 193]
  RequestedRegion: 
    Dimension: 3
    Index: [0, 0, 0]
    Size: [193, 229, 193]
  Spacing: [1, 1, 1]
  Origin: [96, 132, -78]
  Direction: 
-1 0 0
0 -1 0
0 0 1

  IndexToPointMatrix: 
-1 0 0
0 -1 0
0 0 1

  PointToIndexMatrix: 
-1 0 0
0 -1 0
0 0 1

  Inverse Direction: 
-1 0 0
0 -1 0
0 0 1

  PixelContainer: 
    ImportImageContainer (0x35ae6b0)
      RTTI typeinfo:   itk::ImportImageContainer<unsigned long, double>
      Reference Count: 1
      Modified Time: 1995
      Debug: Off
      Object Name: 
      Observers: 
        none
      Pointer: 0x7faa78020010
      Container manages memory: true
      Size: 8530021
      Capacity: 8530021

     Moving image = Image (0x3582400)
  RTTI typeinfo:   itk::Image<double, 3u>
  Reference Count: 2
  Modified Time: 2390
  Debug: Off
  Object Name: 
  Observers: 
    none
  Source: (none)
  Source output name: (none)
  Release Data: Off
  Data Released: False
  Global Release Data: Off
  PipelineMTime: 0
  UpdateMTime: 2387
  RealTimeStamp: 0 seconds 
  LargestPossibleRegion: 
    Dimension: 3
    Index: [0, 0, 0]
    Size: [160, 240, 256]
  BufferedRegion: 
    Dimension: 3
    Index: [0, 0, 0]
    Size: [160, 240, 256]
  RequestedRegion: 
    Dimension: 3
    Index: [0, 0, 0]
    Size: [160, 240, 256]
  Spacing: [1, 1, 1]
  Origin: [91.3357, 102.231, -120.042]
  Direction: 
-0.997442 -5.36781e-05 -0.0714818
5.35416e-05 -1 3.82464e-06
-0.0714818 -1.23894e-08 0.997442

  IndexToPointMatrix: 
-0.997444 -5.36781e-05 -0.0714818
5.35417e-05 -1 3.82464e-06
-0.0714819 -1.23894e-08 0.997442

  PointToIndexMatrix: 
-0.99744 5.35415e-05 -0.0714817
-5.36781e-05 -1 -1.23873e-08
-0.0714818 3.82465e-06 0.997442

  Inverse Direction: 
-0.997442 5.35416e-05 -0.0714818
-5.36781e-05 -1 -1.23873e-08
-0.0714818 3.82465e-06 0.997442

  PixelContainer: 
    ImportImageContainer (0x37566d0)
      RTTI typeinfo:   itk::ImportImageContainer<unsigned long, double>
      Reference Count: 1
      Modified Time: 2384
      Debug: Off
      Object Name: 
      Observers: 
        none
      Pointer: 0x7faa7351f010
      Container manages memory: true
      Size: 9830400
      Capacity: 9830400

     Weighting = 1
     Sampling strategy = regular
     Number of bins = 32
     Radius = 4
     Sampling percentage  = 0.25
   Transform = Rigid
     Gradient step = 0.1
     Update field sigma (voxel space) = 0
     Total field sigma (voxel space) = 0
     Update field time sigma = 0
     Total field time sigma  = 0
     Number of time indices = 0
     Number of time point samples = 0
Stage 2 State
   Image metric = MattesMI
     Fixed image = Image (0x35a2d50)
  RTTI typeinfo:   itk::Image<double, 3u>
  Reference Count: 2
  Modified Time: 3167
  Debug: Off
  Object Name: 
  Observers: 
    none
  Source: (none)
  Source output name: (none)
  Release Data: Off
  Data Released: False
  Global Release Data: Off
  PipelineMTime: 0
  UpdateMTime: 2776
  RealTimeStamp: 0 seconds 
  LargestPossibleRegion: 
    Dimension: 3
    Index: [0, 0, 0]
    Size: [193, 229, 193]
  BufferedRegion: 
    Dimension: 3
    Index: [0, 0, 0]
    Size: [193, 229, 193]
  RequestedRegion: 
    Dimension: 3
    Index: [0, 0, 0]
    Size: [193, 229, 193]
  Spacing: [1, 1, 1]
  Origin: [96, 132, -78]
  Direction: 
-1 0 0
0 -1 0
0 0 1

  IndexToPointMatrix: 
-1 0 0
0 -1 0
0 0 1

  PointToIndexMatrix: 
-1 0 0
0 -1 0
0 0 1

  Inverse Direction: 
-1 0 0
0 -1 0
0 0 1

  PixelContainer: 
    ImportImageContainer (0x365e570)
      RTTI typeinfo:   itk::ImportImageContainer<unsigned long, double>
      Reference Count: 1
      Modified Time: 2773
      Debug: Off
      Object Name: 
      Observers: 
        none
      Pointer: 0x7faa6f40a010
      Container manages memory: true
      Size: 8530021
      Capacity: 8530021

     Moving image = Image (0x358cf50)
  RTTI typeinfo:   itk::Image<double, 3u>
  Reference Count: 2
  Modified Time: 3168
  Debug: Off
  Object Name: 
  Observers: 
    none
  Source: (none)
  Source output name: (none)
  Release Data: Off
  Data Released: False
  Global Release Data: Off
  PipelineMTime: 0
  UpdateMTime: 3165
  RealTimeStamp: 0 seconds 
  LargestPossibleRegion: 
    Dimension: 3
    Index: [0, 0, 0]
    Size: [160, 240, 256]
  BufferedRegion: 
    Dimension: 3
    Index: [0, 0, 0]
    Size: [160, 240, 256]
  RequestedRegion: 
    Dimension: 3
    Index: [0, 0, 0]
    Size: [160, 240, 256]
  Spacing: [1, 1, 1]
  Origin: [91.3357, 102.231, -120.042]
  Direction: 
-0.997442 -5.36781e-05 -0.0714818
5.35416e-05 -1 3.82464e-06
-0.0714818 -1.23894e-08 0.997442

  IndexToPointMatrix: 
-0.997444 -5.36781e-05 -0.0714818
5.35417e-05 -1 3.82464e-06
-0.0714819 -1.23894e-08 0.997442

  PointToIndexMatrix: 
-0.99744 5.35415e-05 -0.0714817
-5.36781e-05 -1 -1.23873e-08
-0.0714818 3.82465e-06 0.997442

  Inverse Direction: 
-0.997442 5.35416e-05 -0.0714818
-5.36781e-05 -1 -1.23873e-08
-0.0714818 3.82465e-06 0.997442

  PixelContainer: 
    ImportImageContainer (0x3736650)
      RTTI typeinfo:   itk::ImportImageContainer<unsigned long, double>
      Reference Count: 1
      Modified Time: 3162
      Debug: Off
      Object Name: 
      Observers: 
        none
      Pointer: 0x7faa6a909010
      Container manages memory: true
      Size: 9830400
      Capacity: 9830400

     Weighting = 1
     Sampling strategy = regular
     Number of bins = 32
     Radius = 4
     Sampling percentage  = 0.25
   Transform = Affine
     Gradient step = 0.1
     Update field sigma (voxel space) = 0
     Total field sigma (voxel space) = 0
     Update field time sigma = 0
     Total field time sigma  = 0
     Number of time indices = 0
     Number of time point samples = 0
Stage 3 State
   Image metric = CC
     Fixed image = Image (0x358dcf0)
  RTTI typeinfo:   itk::Image<double, 3u>
  Reference Count: 2
  Modified Time: 3945
  Debug: Off
  Object Name: 
  Observers: 
    none
  Source: (none)
  Source output name: (none)
  Release Data: Off
  Data Released: False
  Global Release Data: Off
  PipelineMTime: 0
  UpdateMTime: 3554
  RealTimeStamp: 0 seconds 
  LargestPossibleRegion: 
    Dimension: 3
    Index: [0, 0, 0]
    Size: [193, 229, 193]
  BufferedRegion: 
    Dimension: 3
    Index: [0, 0, 0]
    Size: [193, 229, 193]
  RequestedRegion: 
    Dimension: 3
    Index: [0, 0, 0]
    Size: [193, 229, 193]
  Spacing: [1, 1, 1]
  Origin: [96, 132, -78]
  Direction: 
-1 0 0
0 -1 0
0 0 1

  IndexToPointMatrix: 
-1 0 0
0 -1 0
0 0 1

  PointToIndexMatrix: 
-1 0 0
0 -1 0
0 0 1

  Inverse Direction: 
-1 0 0
0 -1 0
0 0 1

  PixelContainer: 
    ImportImageContainer (0x366e6b0)
      RTTI typeinfo:   itk::ImportImageContainer<unsigned long, double>
      Reference Count: 1
      Modified Time: 3551
      Debug: Off
      Object Name: 
      Observers: 
        none
      Pointer: 0x7faa667f4010
      Container manages memory: true
      Size: 8530021
      Capacity: 8530021

     Moving image = Image (0x359f480)
  RTTI typeinfo:   itk::Image<double, 3u>
  Reference Count: 2
  Modified Time: 3946
  Debug: Off
  Object Name: 
  Observers: 
    none
  Source: (none)
  Source output name: (none)
  Release Data: Off
  Data Released: False
  Global Release Data: Off
  PipelineMTime: 0
  UpdateMTime: 3943
  RealTimeStamp: 0 seconds 
  LargestPossibleRegion: 
    Dimension: 3
    Index: [0, 0, 0]
    Size: [160, 240, 256]
  BufferedRegion: 
    Dimension: 3
    Index: [0, 0, 0]
    Size: [160, 240, 256]
  RequestedRegion: 
    Dimension: 3
    Index: [0, 0, 0]
    Size: [160, 240, 256]
  Spacing: [1, 1, 1]
  Origin: [91.3357, 102.231, -120.042]
  Direction: 
-0.997442 -5.36781e-05 -0.0714818
5.35416e-05 -1 3.82464e-06
-0.0714818 -1.23894e-08 0.997442

  IndexToPointMatrix: 
-0.997444 -5.36781e-05 -0.0714818
5.35417e-05 -1 3.82464e-06
-0.0714819 -1.23894e-08 0.997442

  PointToIndexMatrix: 
-0.99744 5.35415e-05 -0.0714817
-5.36781e-05 -1 -1.23873e-08
-0.0714818 3.82465e-06 0.997442

  Inverse Direction: 
-0.997442 5.35416e-05 -0.0714818
-5.36781e-05 -1 -1.23873e-08
-0.0714818 3.82465e-06 0.997442

  PixelContainer: 
    ImportImageContainer (0x36fe750)
      RTTI typeinfo:   itk::ImportImageContainer<unsigned long, double>
      Reference Count: 1
      Modified Time: 3940
      Debug: Off
      Object Name: 
      Observers: 
        none
      Pointer: 0x7faa61cf3010
      Container manages memory: true
      Size: 9830400
      Capacity: 9830400

     Weighting = 1
     Sampling strategy = none
     Number of bins = 32
     Radius = 4
     Sampling percentage  = 1
   Transform = SyN
     Gradient step = 0.1
     Update field sigma (voxel space) = 3
     Total field sigma (voxel space) = 0
     Update field time sigma = 0
     Total field time sigma  = 0
     Number of time indices = 0
     Number of time point samples = 0
Registration using 3 total stages.

Stage 0
  iterations = 1000x500x250x100
  convergence threshold = 1e-06
  convergence window size = 10
  number of levels = 4
  using the Mattes MI metric (number of bins = 32, weight = 1, use gradient filter = 0)
  preprocessing:  winsorizing the image intensities
  Shrink factors (level 1 out of 4): [8, 8, 8]
  Shrink factors (level 2 out of 4): [4, 4, 4]
  Shrink factors (level 3 out of 4): [2, 2, 2]
  Shrink factors (level 4 out of 4): [1, 1, 1]
  smoothing sigmas per level: [3, 2, 1, 0]
  regular sampling (percentage = 0.25)

*** Running Euler3DTransform registration ***

DIAGNOSTIC,Iteration,metricValue,convergenceValue,ITERATION_TIME_INDEX,SINCE_LAST
*/mnt/lustre/mathdugre/fast-interpolate/datasets/ds004513/derivatives/flint/antsRegistration/r8-p19/sub-s017/Stage1_level1_Iter0001.nii.gz
2DIAGNOSTIC,     1, -5.489630514058e-01, 1.797693134862e+308, 0.0000e+00, 0.0000e+00, 
*/mnt/lustre/mathdugre/fast-interpolate/datasets/ds004513/derivatives/flint/antsRegistration/r8-p19/sub-s017/Stage1_level1_Iter0002.nii.gz
2DIAGNOSTIC,     2, -5.503726934607e-01, 1.797693134862e+308, 0.0000e+00, 0.0000e+00, 
*/mnt/lustre/mathdugre/fast-interpolate/datasets/ds004513/derivatives/flint/antsRegistration/r8-p19/sub-s017/Stage1_level1_Iter0003.nii.gz
2DIAGNOSTIC,     3, -5.536773254498e-01, 1.797693134862e+308, 0.0000e+00, 0.0000e+00, 
*/mnt/lustre/mathdugre/fast-interpolate/datasets/ds004513/derivatives/flint/antsRegistration/r8-p19/sub-s017/Stage1_level1_Iter0004.nii.gz
2DIAGNOSTIC,     4, -5.613879658762e-01, 1.797693134862e+308, 0.0000e+00, 0.0000e+00, 
*/mnt/lustre/mathdugre/fast-interpolate/datasets/ds004513/derivatives/flint/antsRegistration/r8-p19/sub-s017/Stage1_level1_Iter0005.nii.gz
2DIAGNOSTIC,     5, -5.641744363326e-01, 1.797693134862e+308, 0.0000e+00, 0.0000e+00, 
*/mnt/lustre/mathdugre/fast-interpolate/datasets/ds004513/derivatives/flint/antsRegistration/r8-p19/sub-s017/Stage1_level1_Iter0006.nii.gz
2DIAGNOSTIC,     6, -5.682211849271e-01, 1.797693134862e+308, 0.0000e+00, 0.0000e+00, 
*/mnt/lustre/mathdugre/fast-interpolate/datasets/ds004513/derivatives/flint/antsRegistration/r8-p19/sub-s017/Stage1_level1_Iter0007.nii.gz
2DIAGNOSTIC,     7, -5.698745755144e-01, 1.797693134862e+308, 0.0000e+00, 0.0000e+00, 
*/mnt/lustre/mathdugre/fast-interpolate/datasets/ds004513/derivatives/flint/antsRegistration/r8-p19/sub-s017/Stage1_level1_Iter0008.nii.gz
2DIAGNOSTIC,     8, -5.726758386033e-01, 1.797693134862e+308, 0.0000e+00, 0.0000e+00, 
*/mnt/lustre/mathdugre/fast-interpolate/datasets/ds004513/derivatives/flint/antsRegistration/r8-p19/sub-s017/Stage1_level1_Iter0009.nii.gz
2DIAGNOSTIC,     9, -5.778014014166e-01, 1.797693134862e+308, 0.0000e+00, 0.0000e+00, 
*/mnt/lustre/mathdugre/fast-interpolate/datasets/ds004513/derivatives/flint/antsRegistration/r8-p19/sub-s017/Stage1_level1_Iter0010.nii.gz
2DIAGNOSTIC,    10, -5.789794850266e-01, 3.624916076660e-03, 0.0000e+00, 0.0000e+00, 
*/mnt/lustre/mathdugre/fast-interpolate/datasets/ds004513/derivatives/flint/antsRegistration/r8-p19/sub-s017/Stage1_level1_Iter0011.nii.gz
2DIAGNOSTIC,    11, -5.804795112932e-01, 3.105640411377e-03, 0.0000e+00, 0.0000e+00, 
*/mnt/lustre/mathdugre/fast-interpolate/datasets/ds004513/derivatives/flint/antsRegistration/r8-p19/sub-s017/Stage1_level1_Iter0012.nii.gz
2DIAGNOSTIC,    12, -5.812380900940e-01, 2.489566802979e-03, 0.0000e+00, 0.0000e+00, 
*/mnt/lustre/mathdugre/fast-interpolate/datasets/ds004513/derivatives/flint/antsRegistration/r8-p19/sub-s017/Stage1_level1_Iter0013.nii.gz
2DIAGNOSTIC,    13, -5.820733425230e-01, 1.898288726807e-03, 0.0000e+00, 0.0000e+00, 
*/mnt/lustre/mathdugre/fast-interpolate/datasets/ds004513/derivatives/flint/antsRegistration/r8-p19/sub-s017/Stage1_level1_Iter0014.nii.gz
2DIAGNOSTIC,    14, -5.831603439559e-01, 1.531720161438e-03, 0.0000e+00, 0.0000e+00, 
*/mnt/lustre/mathdugre/fast-interpolate/datasets/ds004513/derivatives/flint/antsRegistration/r8-p19/sub-s017/Stage1_level1_Iter0015.nii.gz
2DIAGNOSTIC,    15, -5.839895085565e-01, 1.191973686218e-03, 0.0000e+00, 0.0000e+00, 
*/mnt/lustre/mathdugre/fast-interpolate/datasets/ds004513/derivatives/flint/antsRegistration/r8-p19/sub-s017/Stage1_level1_Iter0016.nii.gz
2DIAGNOSTIC,    16, -5.864288921897e-01, 9.894371032715e-04, 0.0000e+00, 0.0000e+00, 
*/mnt/lustre/mathdugre/fast-interpolate/datasets/ds004513/derivatives/flint/antsRegistration/r8-p19/sub-s017/Stage1_level1_Iter0017.nii.gz
2DIAGNOSTIC,    17, -5.888344376196e-01, 8.370876312256e-04, 0.0000e+00, 0.0000e+00, 
*/mnt/lustre/mathdugre/fast-interpolate/datasets/ds004513/derivatives/flint/antsRegistration/r8-p19/sub-s017/Stage1_level1_Iter0018.nii.gz
2DIAGNOSTIC,    18, -5.892635446266e-01, 7.097125053406e-04, 0.0000e+00, 0.0000e+00, 
*/mnt/lustre/mathdugre/fast-interpolate/datasets/ds004513/derivatives/flint/antsRegistration/r8-p19/sub-s017/Stage1_level1_Iter0019.nii.gz
2DIAGNOSTIC,    19, -5.906284484980e-01, 7.003545761108e-04, 0.0000e+00, 0.0000e+00, 
*/mnt/lustre/mathdugre/fast-interpolate/datasets/ds004513/derivatives/flint/antsRegistration/r8-p19/sub-s017/Stage1_level1_Iter0020.nii.gz
2DIAGNOSTIC,    20, -5.908815185001e-01, 6.614327430725e-04, 0.0000e+00, 0.0000e+00, 
*/mnt/lustre/mathdugre/fast-interpolate/datasets/ds004513/derivatives/flint/antsRegistration/r8-p19/sub-s017/Stage1_level1_Iter0021.nii.gz
2DIAGNOSTIC,    21, -5.909906744385e-01, 6.019473075867e-04, 0.0000e+00, 0.0000e+00, 
*/mnt/lustre/mathdugre/fast-interpolate/datasets/ds004513/derivatives/flint/antsRegistration/r8-p19/sub-s017/Stage1_level1_Iter0022.nii.gz
2DIAGNOSTIC,    22, -5.911237883833e-01, 5.114674568176e-04, 0.0000e+00, 0.0000e+00, 
*/mnt/lustre/mathdugre/fast-interpolate/datasets/ds004513/derivatives/flint/antsRegistration/r8-p19/sub-s017/Stage1_level1_Iter0023.nii.gz
2DIAGNOSTIC,    23, -5.915010955857e-01, 4.072189331055e-04, 0.0000e+00, 0.0000e+00, 
*/mnt/lustre/mathdugre/fast-interpolate/datasets/ds004513/derivatives/flint/antsRegistration/r8-p19/sub-s017/Stage1_level1_Iter0024.nii.gz
2DIAGNOSTIC,    24, -5.915964115360e-01, 2.983212471008e-04, 0.0000e+00, 0.0000e+00, 
*/mnt/lustre/mathdugre/fast-interpolate/datasets/ds004513/derivatives/flint/antsRegistration/r8-p19/sub-s017/Stage1_level1_Iter0025.nii.gz
2DIAGNOSTIC,    25, -5.916180983281e-01, 1.864433288574e-04, 0.0000e+00, 0.0000e+00, 
*/mnt/lustre/mathdugre/fast-interpolate/datasets/ds004513/derivatives/flint/antsRegistration/r8-p19/sub-s017/Stage1_level1_Iter0026.nii.gz
2DIAGNOSTIC,    26, -5.916254379131e-01, 1.115202903748e-04, 0.0000e+00, 0.0000e+00, 
*/mnt/lustre/mathdugre/fast-interpolate/datasets/ds004513/derivatives/flint/antsRegistration/r8-p19/sub-s017/Stage1_level1_Iter0027.nii.gz
2DIAGNOSTIC,    27, -5.916421202166e-01, 7.587671279907e-05, 0.0000e+00, 0.0000e+00, 
*/mnt/lustre/mathdugre/fast-interpolate/datasets/ds004513/derivatives/flint/antsRegistration/r8-p19/sub-s017/Stage1_level1_Iter0028.nii.gz
2DIAGNOSTIC,    28, -5.916489006498e-01, 4.273653030396e-05, 0.0000e+00, 0.0000e+00, 
*/mnt/lustre/mathdugre/fast-interpolate/datasets/ds004513/derivatives/flint/antsRegistration/r8-p19/sub-s017/Stage1_level1_Iter0029.nii.gz
2DIAGNOSTIC,    29, -5.916548161195e-01, 3.111362457275e-05, 0.0000e+00, 0.0000e+00, 
*/mnt/lustre/mathdugre/fast-interpolate/datasets/ds004513/derivatives/flint/antsRegistration/r8-p19/sub-s017/Stage1_level1_Iter0030.nii.gz
2DIAGNOSTIC,    30, -5.916681253843e-01, 2.181529998779e-05, 0.0000e+00, 0.0000e+00, 
*/mnt/lustre/mathdugre/fast-interpolate/datasets/ds004513/derivatives/flint/antsRegistration/r8-p19/sub-s017/Stage1_level1_Iter0031.nii.gz
2DIAGNOSTIC,    31, -5.916888262120e-01, 1.317262649536e-05, 0.0000e+00, 0.0000e+00, 
*/mnt/lustre/mathdugre/fast-interpolate/datasets/ds004513/derivatives/flint/antsRegistration/r8-p19/sub-s017/Stage1_level1_Iter0032.nii.gz
2DIAGNOSTIC,    32, -5.916889404977e-01, 5.841255187988e-06, 0.0000e+00, 0.0000e+00, 
*/mnt/lustre/mathdugre/fast-interpolate/datasets/ds004513/derivatives/flint/antsRegistration/r8-p19/sub-s017/Stage1_level1_Iter0033.nii.gz
2DIAGNOSTIC,    33, -5.916897922987e-01, 4.112720489502e-06, 0.0000e+00, 0.0000e+00, 
*/mnt/lustre/mathdugre/fast-interpolate/datasets/ds004513/derivatives/flint/antsRegistration/r8-p19/sub-s017/Stage1_level1_Iter0034.nii.gz
2DIAGNOSTIC,    34, -5.916909731450e-01, 3.576278686523e-06, 0.0000e+00, 0.0000e+00, 
*/mnt/lustre/mathdugre/fast-interpolate/datasets/ds004513/derivatives/flint/antsRegistration/r8-p19/sub-s017/Stage1_level1_Iter0035.nii.gz
2DIAGNOSTIC,    35, -5.916894448724e-01, 3.099441528320e-06, 0.0000e+00, 0.0000e+00, 
*/mnt/lustre/mathdugre/fast-interpolate/datasets/ds004513/derivatives/flint/antsRegistration/r8-p19/sub-s017/Stage1_level1_Iter0036.nii.gz
2DIAGNOSTIC,    36, -5.916900375740e-01, 2.503395080566e-06, 0.0000e+00, 0.0000e+00, 
*/mnt/lustre/mathdugre/fast-interpolate/datasets/ds004513/derivatives/flint/antsRegistration/r8-p19/sub-s017/Stage1_level1_Iter0037.nii.gz
2DIAGNOSTIC,    37, -5.916904686720e-01, 2.026557922363e-06, 0.0000e+00, 0.0000e+00, 
*/mnt/lustre/mathdugre/fast-interpolate/datasets/ds004513/derivatives/flint/antsRegistration/r8-p19/sub-s017/Stage1_level1_Iter0038.nii.gz
2DIAGNOSTIC,    38, -5.916900150953e-01, 1.549720764160e-06, 0.0000e+00, 0.0000e+00, 
*/mnt/lustre/mathdugre/fast-interpolate/datasets/ds004513/derivatives/flint/antsRegistration/r8-p19/sub-s017/Stage1_level1_Iter0039.nii.gz
2DIAGNOSTIC,    39, -5.916893926972e-01, 1.132488250732e-06, 0.0000e+00, 0.0000e+00, 
DIAGNOSTIC,Iteration,metricValue,convergenceValue,ITERATION_TIME_INDEX,SINCE_LAST
*/mnt/lustre/mathdugre/fast-interpolate/datasets/ds004513/derivatives/flint/antsRegistration/r8-p19/sub-s017/Stage1_level2_Iter0001.nii.gz
2DIAGNOSTIC,     1, -4.783114081169e-01, 1.797693134862e+308, 0.0000e+00, 0.0000e+00, 
*/mnt/lustre/mathdugre/fast-interpolate/datasets/ds004513/derivatives/flint/antsRegistration/r8-p19/sub-s017/Stage1_level2_Iter0002.nii.gz
2DIAGNOSTIC,     2, -4.783263956451e-01, 1.797693134862e+308, 0.0000e+00, 0.0000e+00, 
*/mnt/lustre/mathdugre/fast-interpolate/datasets/ds004513/derivatives/flint/antsRegistration/r8-p19/sub-s017/Stage1_level2_Iter0003.nii.gz
2DIAGNOSTIC,     3, -4.783326887098e-01, 1.797693134862e+308, 0.0000e+00, 0.0000e+00, 
*/mnt/lustre/mathdugre/fast-interpolate/datasets/ds004513/derivatives/flint/antsRegistration/r8-p19/sub-s017/Stage1_level2_Iter0004.nii.gz
2DIAGNOSTIC,     4, -4.783288769351e-01, 1.797693134862e+308, 0.0000e+00, 0.0000e+00, 
*/mnt/lustre/mathdugre/fast-interpolate/datasets/ds004513/derivatives/flint/antsRegistration/r8-p19/sub-s017/Stage1_level2_Iter0005.nii.gz
2DIAGNOSTIC,     5, -4.783255810782e-01, 1.797693134862e+308, 0.0000e+00, 0.0000e+00, 
*/mnt/lustre/mathdugre/fast-interpolate/datasets/ds004513/derivatives/flint/antsRegistration/r8-p19/sub-s017/Stage1_level2_Iter0006.nii.gz
2DIAGNOSTIC,     6, -4.783251490585e-01, 1.797693134862e+308, 0.0000e+00, 0.0000e+00, 
*/mnt/lustre/mathdugre/fast-interpolate/datasets/ds004513/derivatives/flint/antsRegistration/r8-p19/sub-s017/Stage1_level2_Iter0007.nii.gz
2DIAGNOSTIC,     7, -4.783186703359e-01, 1.797693134862e+308, 0.0000e+00, 0.0000e+00, 
*/mnt/lustre/mathdugre/fast-interpolate/datasets/ds004513/derivatives/flint/antsRegistration/r8-p19/sub-s017/Stage1_level2_Iter0008.nii.gz
2DIAGNOSTIC,     8, -4.783105373637e-01, 1.797693134862e+308, 0.0000e+00, 0.0000e+00, 
*/mnt/lustre/mathdugre/fast-interpolate/datasets/ds004513/derivatives/flint/antsRegistration/r8-p19/sub-s017/Stage1_level2_Iter0009.nii.gz
2DIAGNOSTIC,     9, -4.783009136253e-01, 1.797693134862e+308, 0.0000e+00, 0.0000e+00, 
DIAGNOSTIC,Iteration,metricValue,convergenceValue,ITERATION_TIME_INDEX,SINCE_LAST
*/mnt/lustre/mathdugre/fast-interpolate/datasets/ds004513/derivatives/flint/antsRegistration/r8-p19/sub-s017/Stage1_level3_Iter0001.nii.gz
2DIAGNOSTIC,     1, -4.126913842651e-01, 1.797693134862e+308, 0.0000e+00, 0.0000e+00, 
*/mnt/lustre/mathdugre/fast-interpolate/datasets/ds004513/derivatives/flint/antsRegistration/r8-p19/sub-s017/Stage1_level3_Iter0002.nii.gz
2DIAGNOSTIC,     2, -4.129551289965e-01, 1.797693134862e+308, 0.0000e+00, 0.0000e+00, 
*/mnt/lustre/mathdugre/fast-interpolate/datasets/ds004513/derivatives/flint/antsRegistration/r8-p19/sub-s017/Stage1_level3_Iter0003.nii.gz
2DIAGNOSTIC,     3, -4.134008364156e-01, 1.797693134862e+308, 0.0000e+00, 0.0000e+00, 
*/mnt/lustre/mathdugre/fast-interpolate/datasets/ds004513/derivatives/flint/antsRegistration/r8-p19/sub-s017/Stage1_level3_Iter0004.nii.gz
2DIAGNOSTIC,     4, -4.137679585233e-01, 1.797693134862e+308, 0.0000e+00, 0.0000e+00, 
*/mnt/lustre/mathdugre/fast-interpolate/datasets/ds004513/derivatives/flint/antsRegistration/r8-p19/sub-s017/Stage1_level3_Iter0005.nii.gz
2DIAGNOSTIC,     5, -4.139561528883e-01, 1.797693134862e+308, 0.0000e+00, 0.0000e+00, 
*/mnt/lustre/mathdugre/fast-interpolate/datasets/ds004513/derivatives/flint/antsRegistration/r8-p19/sub-s017/Stage1_level3_Iter0006.nii.gz
2DIAGNOSTIC,     6, -4.142751516414e-01, 1.797693134862e+308, 0.0000e+00, 0.0000e+00, 
*/mnt/lustre/mathdugre/fast-interpolate/datasets/ds004513/derivatives/flint/antsRegistration/r8-p19/sub-s017/Stage1_level3_Iter0007.nii.gz
2DIAGNOSTIC,     7, -4.148490683406e-01, 1.797693134862e+308, 0.0000e+00, 0.0000e+00, 
*/mnt/lustre/mathdugre/fast-interpolate/datasets/ds004513/derivatives/flint/antsRegistration/r8-p19/sub-s017/Stage1_level3_Iter0008.nii.gz
2DIAGNOSTIC,     8, -4.152572681021e-01, 1.797693134862e+308, 0.0000e+00, 0.0000e+00, 
*/mnt/lustre/mathdugre/fast-interpolate/datasets/ds004513/derivatives/flint/antsRegistration/r8-p19/sub-s017/Stage1_level3_Iter0009.nii.gz
2DIAGNOSTIC,     9, -4.154892743280e-01, 1.797693134862e+308, 0.0000e+00, 0.0000e+00, 
*/mnt/lustre/mathdugre/fast-interpolate/datasets/ds004513/derivatives/flint/antsRegistration/r8-p19/sub-s017/Stage1_level3_Iter0010.nii.gz
2DIAGNOSTIC,    10, -4.155516359883e-01, 4.788637161255e-04, 0.0000e+00, 0.0000e+00, 
*/mnt/lustre/mathdugre/fast-interpolate/datasets/ds004513/derivatives/flint/antsRegistration/r8-p19/sub-s017/Stage1_level3_Iter0011.nii.gz
2DIAGNOSTIC,    11, -4.157368152837e-01, 4.125833511353e-04, 0.0000e+00, 0.0000e+00, 
*/mnt/lustre/mathdugre/fast-interpolate/datasets/ds004513/derivatives/flint/antsRegistration/r8-p19/sub-s017/Stage1_level3_Iter0012.nii.gz
2DIAGNOSTIC,    12, -4.157422851023e-01, 3.349781036377e-04, 0.0000e+00, 0.0000e+00, 
*/mnt/lustre/mathdugre/fast-interpolate/datasets/ds004513/derivatives/flint/antsRegistration/r8-p19/sub-s017/Stage1_level3_Iter0013.nii.gz
2DIAGNOSTIC,    13, -4.157379862840e-01, 2.620220184326e-04, 0.0000e+00, 0.0000e+00, 
*/mnt/lustre/mathdugre/fast-interpolate/datasets/ds004513/derivatives/flint/antsRegistration/r8-p19/sub-s017/Stage1_level3_Iter0014.nii.gz
2DIAGNOSTIC,    14, -4.157384707645e-01, 1.941919326782e-04, 0.0000e+00, 0.0000e+00, 
*/mnt/lustre/mathdugre/fast-interpolate/datasets/ds004513/derivatives/flint/antsRegistration/r8-p19/sub-s017/Stage1_level3_Iter0015.nii.gz
2DIAGNOSTIC,    15, -4.157368478327e-01, 1.266002655029e-04, 0.0000e+00, 0.0000e+00, 
*/mnt/lustre/mathdugre/fast-interpolate/datasets/ds004513/derivatives/flint/antsRegistration/r8-p19/sub-s017/Stage1_level3_Iter0016.nii.gz
2DIAGNOSTIC,    16, -4.157374616292e-01, 6.926059722900e-05, 0.0000e+00, 0.0000e+00, 
*/mnt/lustre/mathdugre/fast-interpolate/datasets/ds004513/derivatives/flint/antsRegistration/r8-p19/sub-s017/Stage1_level3_Iter0017.nii.gz
2DIAGNOSTIC,    17, -4.157368031012e-01, 3.516674041748e-05, 0.0000e+00, 0.0000e+00, 
*/mnt/lustre/mathdugre/fast-interpolate/datasets/ds004513/derivatives/flint/antsRegistration/r8-p19/sub-s017/Stage1_level3_Iter0018.nii.gz
2DIAGNOSTIC,    18, -4.157366724491e-01, 1.716613769531e-05, 0.0000e+00, 0.0000e+00, 
*/mnt/lustre/mathdugre/fast-interpolate/datasets/ds004513/derivatives/flint/antsRegistration/r8-p19/sub-s017/Stage1_level3_Iter0019.nii.gz
2DIAGNOSTIC,    19, -4.157352838470e-01, 8.046627044678e-06, 0.0000e+00, 0.0000e+00, 
*/mnt/lustre/mathdugre/fast-interpolate/datasets/ds004513/derivatives/flint/antsRegistration/r8-p19/sub-s017/Stage1_level3_Iter0020.nii.gz
2DIAGNOSTIC,    20, -4.157348461724e-01, 1.251697540283e-06, 0.0000e+00, 0.0000e+00, 
*/mnt/lustre/mathdugre/fast-interpolate/datasets/ds004513/derivatives/flint/antsRegistration/r8-p19/sub-s017/Stage1_level3_Iter0021.nii.gz
2DIAGNOSTIC,    21, -4.157355756770e-01, 1.192092895508e-06, 0.0000e+00, 0.0000e+00, 
*/mnt/lustre/mathdugre/fast-interpolate/datasets/ds004513/derivatives/flint/antsRegistration/r8-p19/sub-s017/Stage1_level3_Iter0022.nii.gz
2DIAGNOSTIC,    22, -4.157361846402e-01, 1.192092895508e-06, 0.0000e+00, 0.0000e+00, 
*/mnt/lustre/mathdugre/fast-interpolate/datasets/ds004513/derivatives/flint/antsRegistration/r8-p19/sub-s017/Stage1_level3_Iter0023.nii.gz
2DIAGNOSTIC,    23, -4.157357210270e-01, 1.132488250732e-06, 0.0000e+00, 0.0000e+00, 
*/mnt/lustre/mathdugre/fast-interpolate/datasets/ds004513/derivatives/flint/antsRegistration/r8-p19/sub-s017/Stage1_level3_Iter0024.nii.gz
2DIAGNOSTIC,    24, -4.157356680987e-01, 1.192092895508e-06, 0.0000e+00, 0.0000e+00, 
*/mnt/lustre/mathdugre/fast-interpolate/datasets/ds004513/derivatives/flint/antsRegistration/r8-p19/sub-s017/Stage1_level3_Iter0025.nii.gz
2DIAGNOSTIC,    25, -4.157356368640e-01, 1.192092895508e-06, 0.0000e+00, 0.0000e+00, 
*/mnt/lustre/mathdugre/fast-interpolate/datasets/ds004513/derivatives/flint/antsRegistration/r8-p19/sub-s017/Stage1_level3_Iter0026.nii.gz
2DIAGNOSTIC,    26, -4.157356356065e-01, 1.192092895508e-06, 0.0000e+00, 0.0000e+00, 
*/mnt/lustre/mathdugre/fast-interpolate/datasets/ds004513/derivatives/flint/antsRegistration/r8-p19/sub-s017/Stage1_level3_Iter0027.nii.gz
2DIAGNOSTIC,    27, -4.157356361651e-01, 1.072883605957e-06, 0.0000e+00, 0.0000e+00, 
*/mnt/lustre/mathdugre/fast-interpolate/datasets/ds004513/derivatives/flint/antsRegistration/r8-p19/sub-s017/Stage1_level3_Iter0028.nii.gz
2DIAGNOSTIC,    28, -4.157356351328e-01, 1.192092895508e-06, 0.0000e+00, 0.0000e+00, 
*/mnt/lustre/mathdugre/fast-interpolate/datasets/ds004513/derivatives/flint/antsRegistration/r8-p19/sub-s017/Stage1_level3_Iter0029.nii.gz
2DIAGNOSTIC,    29, -4.157356087910e-01, 1.132488250732e-06, 0.0000e+00, 0.0000e+00, 
*/mnt/lustre/mathdugre/fast-interpolate/datasets/ds004513/derivatives/flint/antsRegistration/r8-p19/sub-s017/Stage1_level3_Iter0030.nii.gz
2DIAGNOSTIC,    30, -4.157356047694e-01, 1.013278961182e-06, 0.0000e+00, 0.0000e+00, 
*/mnt/lustre/mathdugre/fast-interpolate/datasets/ds004513/derivatives/flint/antsRegistration/r8-p19/sub-s017/Stage1_level3_Iter0031.nii.gz
2DIAGNOSTIC,    31, -4.157356047694e-01, 1.013278961182e-06, 0.0000e+00, 0.0000e+00, 
DIAGNOSTIC,Iteration,metricValue,convergenceValue,ITERATION_TIME_INDEX,SINCE_LAST
*/mnt/lustre/mathdugre/fast-interpolate/datasets/ds004513/derivatives/flint/antsRegistration/r8-p19/sub-s017/Stage1_level4_Iter0001.nii.gz
2DIAGNOSTIC,     1, -3.826575254300e-01, 1.797693134862e+308, 0.0000e+00, 0.0000e+00, 
*/mnt/lustre/mathdugre/fast-interpolate/datasets/ds004513/derivatives/flint/antsRegistration/r8-p19/sub-s017/Stage1_level4_Iter0002.nii.gz
2DIAGNOSTIC,     2, -3.828643132345e-01, 1.797693134862e+308, 0.0000e+00, 0.0000e+00, 
*/mnt/lustre/mathdugre/fast-interpolate/datasets/ds004513/derivatives/flint/antsRegistration/r8-p19/sub-s017/Stage1_level4_Iter0003.nii.gz
2DIAGNOSTIC,     3, -3.830815392279e-01, 1.797693134862e+308, 0.0000e+00, 0.0000e+00, 
*/mnt/lustre/mathdugre/fast-interpolate/datasets/ds004513/derivatives/flint/antsRegistration/r8-p19/sub-s017/Stage1_level4_Iter0004.nii.gz
2DIAGNOSTIC,     4, -3.831356825676e-01, 1.797693134862e+308, 0.0000e+00, 0.0000e+00, 
*/mnt/lustre/mathdugre/fast-interpolate/datasets/ds004513/derivatives/flint/antsRegistration/r8-p19/sub-s017/Stage1_level4_Iter0005.nii.gz
2DIAGNOSTIC,     5, -3.831913624667e-01, 1.797693134862e+308, 0.0000e+00, 0.0000e+00, 
*/mnt/lustre/mathdugre/fast-interpolate/datasets/ds004513/derivatives/flint/antsRegistration/r8-p19/sub-s017/Stage1_level4_Iter0006.nii.gz
2DIAGNOSTIC,     6, -3.832858972743e-01, 1.797693134862e+308, 0.0000e+00, 0.0000e+00, 
*/mnt/lustre/mathdugre/fast-interpolate/datasets/ds004513/derivatives/flint/antsRegistration/r8-p19/sub-s017/Stage1_level4_Iter0007.nii.gz
2DIAGNOSTIC,     7, -3.833302935981e-01, 1.797693134862e+308, 0.0000e+00, 0.0000e+00, 
*/mnt/lustre/mathdugre/fast-interpolate/datasets/ds004513/derivatives/flint/antsRegistration/r8-p19/sub-s017/Stage1_level4_Iter0008.nii.gz
2DIAGNOSTIC,     8, -3.833582713670e-01, 1.797693134862e+308, 0.0000e+00, 0.0000e+00, 
*/mnt/lustre/mathdugre/fast-interpolate/datasets/ds004513/derivatives/flint/antsRegistration/r8-p19/sub-s017/Stage1_level4_Iter0009.nii.gz
2DIAGNOSTIC,     9, -3.833781911459e-01, 1.797693134862e+308, 0.0000e+00, 0.0000e+00, 
*/mnt/lustre/mathdugre/fast-interpolate/datasets/ds004513/derivatives/flint/antsRegistration/r8-p19/sub-s017/Stage1_level4_Iter0010.nii.gz
2DIAGNOSTIC,    10, -3.834103196553e-01, 1.145601272583e-04, 0.0000e+00, 0.0000e+00, 
*/mnt/lustre/mathdugre/fast-interpolate/datasets/ds004513/derivatives/flint/antsRegistration/r8-p19/sub-s017/Stage1_level4_Iter0011.nii.gz
2DIAGNOSTIC,    11, -3.834460759447e-01, 7.879734039307e-05, 2.0480e+03, 2.0480e+03, 
*/mnt/lustre/mathdugre/fast-interpolate/datasets/ds004513/derivatives/flint/antsRegistration/r8-p19/sub-s017/Stage1_level4_Iter0012.nii.gz
2DIAGNOSTIC,    12, -3.836089391365e-01, 6.473064422607e-05, 2.0480e+03, 0.0000e+00, 
*/mnt/lustre/mathdugre/fast-interpolate/datasets/ds004513/derivatives/flint/antsRegistration/r8-p19/sub-s017/Stage1_level4_Iter0013.nii.gz
2DIAGNOSTIC,    13, -3.836131681670e-01, 5.900859832764e-05, 2.0480e+03, 0.0000e+00, 
*/mnt/lustre/mathdugre/fast-interpolate/datasets/ds004513/derivatives/flint/antsRegistration/r8-p19/sub-s017/Stage1_level4_Iter0014.nii.gz
2DIAGNOSTIC,    14, -3.836154971954e-01, 5.269050598145e-05, 2.0480e+03, 0.0000e+00, 
*/mnt/lustre/mathdugre/fast-interpolate/datasets/ds004513/derivatives/flint/antsRegistration/r8-p19/sub-s017/Stage1_level4_Iter0015.nii.gz
2DIAGNOSTIC,    15, -3.836174016743e-01, 4.529953002930e-05, 2.0480e+03, 0.0000e+00, 
*/mnt/lustre/mathdugre/fast-interpolate/datasets/ds004513/derivatives/flint/antsRegistration/r8-p19/sub-s017/Stage1_level4_Iter0016.nii.gz
2DIAGNOSTIC,    16, -3.836252771139e-01, 3.957748413086e-05, 2.0480e+03, 0.0000e+00, 
*/mnt/lustre/mathdugre/fast-interpolate/datasets/ds004513/derivatives/flint/antsRegistration/r8-p19/sub-s017/Stage1_level4_Iter0017.nii.gz
2DIAGNOSTIC,    17, -3.836432328310e-01, 3.361701965332e-05, 2.0480e+03, 0.0000e+00, 
*/mnt/lustre/mathdugre/fast-interpolate/datasets/ds004513/derivatives/flint/antsRegistration/r8-p19/sub-s017/Stage1_level4_Iter0018.nii.gz
2DIAGNOSTIC,    18, -3.836754482576e-01, 2.771615982056e-05, 2.0480e+03, 0.0000e+00, 
*/mnt/lustre/mathdugre/fast-interpolate/datasets/ds004513/derivatives/flint/antsRegistration/r8-p19/sub-s017/Stage1_level4_Iter0019.nii.gz
2DIAGNOSTIC,    19, -3.838269500740e-01, 2.688169479370e-05, 2.0480e+03, 0.0000e+00, 
*/mnt/lustre/mathdugre/fast-interpolate/datasets/ds004513/derivatives/flint/antsRegistration/r8-p19/sub-s017/Stage1_level4_Iter0020.nii.gz
2DIAGNOSTIC,    20, -3.838382130609e-01, 2.527236938477e-05, 2.0480e+03, 0.0000e+00, 
*/mnt/lustre/mathdugre/fast-interpolate/datasets/ds004513/derivatives/flint/antsRegistration/r8-p19/sub-s017/Stage1_level4_Iter0021.nii.gz
2DIAGNOSTIC,    21, -3.838381675685e-01, 2.282857894897e-05, 2.0480e+03, 0.0000e+00, 
*/mnt/lustre/mathdugre/fast-interpolate/datasets/ds004513/derivatives/flint/antsRegistration/r8-p19/sub-s017/Stage1_level4_Iter0022.nii.gz
2DIAGNOSTIC,    22, -3.838372337499e-01, 2.408027648926e-05, 2.0480e+03, 0.0000e+00, 
*/mnt/lustre/mathdugre/fast-interpolate/datasets/ds004513/derivatives/flint/antsRegistration/r8-p19/sub-s017/Stage1_level4_Iter0023.nii.gz
2DIAGNOSTIC,    23, -3.838374314826e-01, 2.336502075195e-05, 2.0480e+03, 0.0000e+00, 
*/mnt/lustre/mathdugre/fast-interpolate/datasets/ds004513/derivatives/flint/antsRegistration/r8-p19/sub-s017/Stage1_level4_Iter0024.nii.gz
2DIAGNOSTIC,    24, -3.838373224371e-01, 2.044439315796e-05, 2.0480e+03, 0.0000e+00, 
*/mnt/lustre/mathdugre/fast-interpolate/datasets/ds004513/derivatives/flint/antsRegistration/r8-p19/sub-s017/Stage1_level4_Iter0025.nii.gz
2DIAGNOSTIC,    25, -3.838367509686e-01, 1.609325408936e-05, 2.0480e+03, 0.0000e+00, 
*/mnt/lustre/mathdugre/fast-interpolate/datasets/ds004513/derivatives/flint/antsRegistration/r8-p19/sub-s017/Stage1_level4_Iter0026.nii.gz
2DIAGNOSTIC,    26, -3.838370815460e-01, 1.090764999390e-05, 2.0480e+03, 0.0000e+00, 
*/mnt/lustre/mathdugre/fast-interpolate/datasets/ds004513/derivatives/flint/antsRegistration/r8-p19/sub-s017/Stage1_level4_Iter0027.nii.gz
2DIAGNOSTIC,    27, -3.838362129384e-01, 5.722045898438e-06, 2.0480e+03, 0.0000e+00, 
*/mnt/lustre/mathdugre/fast-interpolate/datasets/ds004513/derivatives/flint/antsRegistration/r8-p19/sub-s017/Stage1_level4_Iter0028.nii.gz
2DIAGNOSTIC,    28, -3.838359854124e-01, 1.311302185059e-06, 2.0480e+03, 0.0000e+00, 
  Elapsed time (stage 0): 2.0480e+03


Stage 1
  iterations = 1000x500x250x100
  convergence threshold = 1.0000e-06
  convergence window size = 10
  number of levels = 4
  using the Mattes MI metric (number of bins = 32, weight = 1.0000e+00, use gradient filter = 0)
  preprocessing:  winsorizing the image intensities
  Shrink factors (level 1 out of 4): [8, 8, 8]
  Shrink factors (level 2 out of 4): [4, 4, 4]
  Shrink factors (level 3 out of 4): [2, 2, 2]
  Shrink factors (level 4 out of 4): [1, 1, 1]
  smoothing sigmas per level: [3, 2, 1, 0]
  regular sampling (percentage = 2.5000e-01)

*** Running AffineTransform registration ***

DIAGNOSTIC,Iteration,metricValue,convergenceValue,ITERATION_TIME_INDEX,SINCE_LAST
*/mnt/lustre/mathdugre/fast-interpolate/datasets/ds004513/derivatives/flint/antsRegistration/r8-p19/sub-s017/Stage2_level1_Iter0001.nii.gz
2DIAGNOSTIC,     1, -5.796266913541e-01, 1.797693134862e+308, 0.0000e+00, 0.0000e+00, 
*/mnt/lustre/mathdugre/fast-interpolate/datasets/ds004513/derivatives/flint/antsRegistration/r8-p19/sub-s017/Stage2_level1_Iter0002.nii.gz
2DIAGNOSTIC,     2, -5.822592007190e-01, 1.797693134862e+308, 0.0000e+00, 0.0000e+00, 
*/mnt/lustre/mathdugre/fast-interpolate/datasets/ds004513/derivatives/flint/antsRegistration/r8-p19/sub-s017/Stage2_level1_Iter0003.nii.gz
2DIAGNOSTIC,     3, -5.868044537558e-01, 1.797693134862e+308, 0.0000e+00, 0.0000e+00, 
*/mnt/lustre/mathdugre/fast-interpolate/datasets/ds004513/derivatives/flint/antsRegistration/r8-p19/sub-s017/Stage2_level1_Iter0004.nii.gz
2DIAGNOSTIC,     4, -5.954303005902e-01, 1.797693134862e+308, 0.0000e+00, 0.0000e+00, 
*/mnt/lustre/mathdugre/fast-interpolate/datasets/ds004513/derivatives/flint/antsRegistration/r8-p19/sub-s017/Stage2_level1_Iter0005.nii.gz
2DIAGNOSTIC,     5, -6.113826347904e-01, 1.797693134862e+308, 0.0000e+00, 0.0000e+00, 
*/mnt/lustre/mathdugre/fast-interpolate/datasets/ds004513/derivatives/flint/antsRegistration/r8-p19/sub-s017/Stage2_level1_Iter0006.nii.gz
2DIAGNOSTIC,     6, -6.344715406819e-01, 1.797693134862e+308, 0.0000e+00, 0.0000e+00, 
*/mnt/lustre/mathdugre/fast-interpolate/datasets/ds004513/derivatives/flint/antsRegistration/r8-p19/sub-s017/Stage2_level1_Iter0007.nii.gz
2DIAGNOSTIC,     7, -6.896248903546e-01, 1.797693134862e+308, 0.0000e+00, 0.0000e+00, 
*/mnt/lustre/mathdugre/fast-interpolate/datasets/ds004513/derivatives/flint/antsRegistration/r8-p19/sub-s017/Stage2_level1_Iter0008.nii.gz
