
##########################
# Experiment information #
##########################

EXPERIMENT_NAME: r8-p23
VFC_BACKENDS: libinterflop_vprec.so --range-binary32=8 --precision-binary32=23 --range-binary64=8 --precision-binary64=23

SIF_IMG: /mnt/lustre/mathdugre/containers/ants-vprec-no_metric.simg

SUBJECT_ID: s003
INPUT_IMG: /mnt/lustre/mathdugre/fast-interpolate/datasets/ds004513/derivatives/flint/antsBrainExtraction/sub-s003/BrainExtractionBrain.nii.gz
OUTPUT_DIR: /mnt/lustre/mathdugre/fast-interpolate/datasets/ds004513/derivatives/flint/antsRegistration/r8-p23/sub-s003

FIXED_IMG: /templateflow/tpl-MNI152NLin2009cAsym/tpl-MNI152NLin2009cAsym_res-01_desc-brain_T1w.nii.gz
DATA_DIR: /mnt/lustre/mathdugre/fast-interpolate/datasets/ds004513
TEMPLATEFLOW_DIR: /home/mathdugre/.cache/templateflow
ITK_GLOBAL_DEFAULT_NUMBER_OF_THREADS: 4
##########################

Info [verificarlo]: loaded backend libinterflop_vprec.so
Info [interflop-vprec]: load backend with: 
Info [interflop-vprec]: precision-binary32 = 23
Info [interflop-vprec]: range-binary32 = 8
Info [interflop-vprec]: precision-binary64 = 23
Info [interflop-vprec]: range-binary64 = 8
Info [interflop-vprec]: mode = ob
Info [interflop-vprec]: error-mode = rel
Info [interflop-vprec]: max-abs-error-exponent = -1022
Info [interflop-vprec]: daz = false
Info [interflop-vprec]: ftz = false
Info [interflop-vprec]: 	instrument = none
Info [interflop-vprec]: 	prec-input-file = (null)
Info [interflop-vprec]: 	prec-output-file = (null)
Info [interflop-vprec]: 	prec-log-file = (null)
All_Command_lines_OK
Using double precision for computations.
=============================================================================
The composite transform comprises the following transforms (in order): 
  1. Center of mass alignment using fixed image: /templateflow/tpl-MNI152NLin2009cAsym/tpl-MNI152NLin2009cAsym_res-01_desc-brain_T1w.nii.gz and moving image: /mnt/lustre/mathdugre/fast-interpolate/datasets/ds004513/derivatives/flint/antsBrainExtraction/sub-s003/BrainExtractionBrain.nii.gz (type = Euler3DTransform)
=============================================================================
  number of levels = 4
  number of levels = 4
  number of levels = 4
  fixed image: /templateflow/tpl-MNI152NLin2009cAsym/tpl-MNI152NLin2009cAsym_res-01_desc-brain_T1w.nii.gz
  moving image: /mnt/lustre/mathdugre/fast-interpolate/datasets/ds004513/derivatives/flint/antsBrainExtraction/sub-s003/BrainExtractionBrain.nii.gz
  fixed image: /templateflow/tpl-MNI152NLin2009cAsym/tpl-MNI152NLin2009cAsym_res-01_desc-brain_T1w.nii.gz
  moving image: /mnt/lustre/mathdugre/fast-interpolate/datasets/ds004513/derivatives/flint/antsBrainExtraction/sub-s003/BrainExtractionBrain.nii.gz
  fixed image: /templateflow/tpl-MNI152NLin2009cAsym/tpl-MNI152NLin2009cAsym_res-01_desc-brain_T1w.nii.gz
  moving image: /mnt/lustre/mathdugre/fast-interpolate/datasets/ds004513/derivatives/flint/antsBrainExtraction/sub-s003/BrainExtractionBrain.nii.gz
Dimension = 3
Number of stages = 3
Use histogram matching = false
Winsorize image intensities = true
  Lower quantile = 0.005
  Upper quantile = 0.995


Stage 1 State
   Image metric = MattesMI
     Fixed image = Image (0x3a3eb30)
  RTTI typeinfo:   itk::Image<double, 3u>
  Reference Count: 2
  Modified Time: 2389
  Debug: Off
  Object Name: 
  Observers: 
    none
  Source: (none)
  Source output name: (none)
  Release Data: Off
  Data Released: False
  Global Release Data: Off
  PipelineMTime: 0
  UpdateMTime: 1998
  RealTimeStamp: 0 seconds 
  LargestPossibleRegion: 
    Dimension: 3
    Index: [0, 0, 0]
    Size: [193, 229, 193]
  BufferedRegion: 
    Dimension: 3
    Index: [0, 0, 0]
    Size: [193, 229, 193]
  RequestedRegion: 
    Dimension: 3
    Index: [0, 0, 0]
    Size: [193, 229, 193]
  Spacing: [1, 1, 1]
  Origin: [96, 132, -78]
  Direction: 
-1 0 0
0 -1 0
0 0 1

  IndexToPointMatrix: 
-1 0 0
0 -1 0
0 0 1

  PointToIndexMatrix: 
-1 0 0
0 -1 0
0 0 1

  Inverse Direction: 
-1 0 0
0 -1 0
0 0 1

  PixelContainer: 
    ImportImageContainer (0x3a43a10)
      RTTI typeinfo:   itk::ImportImageContainer<unsigned long, double>
      Reference Count: 1
      Modified Time: 1995
      Debug: Off
      Object Name: 
      Observers: 
        none
      Pointer: 0x7fcaf29a4010
      Container manages memory: true
      Size: 8530021
      Capacity: 8530021

     Moving image = Image (0x3a3a400)
  RTTI typeinfo:   itk::Image<double, 3u>
  Reference Count: 2
  Modified Time: 2390
  Debug: Off
  Object Name: 
  Observers: 
    none
  Source: (none)
  Source output name: (none)
  Release Data: Off
  Data Released: False
  Global Release Data: Off
  PipelineMTime: 0
  UpdateMTime: 2387
  RealTimeStamp: 0 seconds 
  LargestPossibleRegion: 
    Dimension: 3
    Index: [0, 0, 0]
    Size: [176, 240, 256]
  BufferedRegion: 
    Dimension: 3
    Index: [0, 0, 0]
    Size: [176, 240, 256]
  RequestedRegion: 
    Dimension: 3
    Index: [0, 0, 0]
    Size: [176, 240, 256]
  Spacing: [0.999999, 1, 1]
  Origin: [93.3499, 86.9368, -128.957]
  Direction: 
-0.999513 -0.0279216 -0.0139567
0.0279189 -0.99961 0.000389866
-0.0139622 2.01492e-08 0.999902

  IndexToPointMatrix: 
-0.999512 -0.0279216 -0.0139567
0.0279189 -0.99961 0.000389866
-0.0139621 2.01492e-08 0.999902

  PointToIndexMatrix: 
-0.999514 0.0279189 -0.0139622
-0.0279216 -0.99961 2.01544e-08
-0.0139567 0.000389866 0.999903

  Inverse Direction: 
-0.999513 0.0279189 -0.0139622
-0.0279216 -0.99961 2.01544e-08
-0.0139567 0.000389866 0.999903

  PixelContainer: 
    ImportImageContainer (0x3b6e550)
      RTTI typeinfo:   itk::ImportImageContainer<unsigned long, double>
      Reference Count: 1
      Modified Time: 2384
      Debug: Off
      Object Name: 
      Observers: 
        none
      Pointer: 0x7fcaed723010
      Container manages memory: true
      Size: 10813440
      Capacity: 10813440

     Weighting = 1
     Sampling strategy = regular
     Number of bins = 32
     Radius = 4
     Sampling percentage  = 0.25
   Transform = Rigid
     Gradient step = 0.1
     Update field sigma (voxel space) = 0
     Total field sigma (voxel space) = 0
     Update field time sigma = 0
     Total field time sigma  = 0
     Number of time indices = 0
     Number of time point samples = 0
Stage 2 State
   Image metric = MattesMI
     Fixed image = Image (0x3a45660)
  RTTI typeinfo:   itk::Image<double, 3u>
  Reference Count: 2
  Modified Time: 3167
  Debug: Off
  Object Name: 
  Observers: 
    none
  Source: (none)
  Source output name: (none)
  Release Data: Off
  Data Released: False
  Global Release Data: Off
  PipelineMTime: 0
  UpdateMTime: 2776
  RealTimeStamp: 0 seconds 
  LargestPossibleRegion: 
    Dimension: 3
    Index: [0, 0, 0]
    Size: [193, 229, 193]
  BufferedRegion: 
    Dimension: 3
    Index: [0, 0, 0]
    Size: [193, 229, 193]
  RequestedRegion: 
    Dimension: 3
    Index: [0, 0, 0]
    Size: [193, 229, 193]
  Spacing: [1, 1, 1]
  Origin: [96, 132, -78]
  Direction: 
-1 0 0
0 -1 0
0 0 1

  IndexToPointMatrix: 
-1 0 0
0 -1 0
0 0 1

  PointToIndexMatrix: 
-1 0 0
0 -1 0
0 0 1

  Inverse Direction: 
-1 0 0
0 -1 0
0 0 1

  PixelContainer: 
    ImportImageContainer (0x3a63b80)
      RTTI typeinfo:   itk::ImportImageContainer<unsigned long, double>
      Reference Count: 1
      Modified Time: 2773
      Debug: Off
      Object Name: 
      Observers: 
        none
      Pointer: 0x7fcae960e010
      Container manages memory: true
      Size: 8530021
      Capacity: 8530021

     Moving image = Image (0x3a611c0)
  RTTI typeinfo:   itk::Image<double, 3u>
  Reference Count: 2
  Modified Time: 3168
  Debug: Off
  Object Name: 
  Observers: 
    none
  Source: (none)
  Source output name: (none)
  Release Data: Off
  Data Released: False
  Global Release Data: Off
  PipelineMTime: 0
  UpdateMTime: 3165
  RealTimeStamp: 0 seconds 
  LargestPossibleRegion: 
    Dimension: 3
    Index: [0, 0, 0]
    Size: [176, 240, 256]
  BufferedRegion: 
    Dimension: 3
    Index: [0, 0, 0]
    Size: [176, 240, 256]
  RequestedRegion: 
    Dimension: 3
    Index: [0, 0, 0]
    Size: [176, 240, 256]
  Spacing: [0.999999, 1, 1]
  Origin: [93.3499, 86.9368, -128.957]
  Direction: 
-0.999513 -0.0279216 -0.0139567
0.0279189 -0.99961 0.000389866
-0.0139622 2.01492e-08 0.999902

  IndexToPointMatrix: 
-0.999512 -0.0279216 -0.0139567
0.0279189 -0.99961 0.000389866
-0.0139621 2.01492e-08 0.999902

  PointToIndexMatrix: 
-0.999514 0.0279189 -0.0139622
-0.0279216 -0.99961 2.01544e-08
-0.0139567 0.000389866 0.999903

  Inverse Direction: 
-0.999513 0.0279189 -0.0139622
-0.0279216 -0.99961 2.01544e-08
-0.0139567 0.000389866 0.999903

  PixelContainer: 
    ImportImageContainer (0x3c8e7d0)
      RTTI typeinfo:   itk::ImportImageContainer<unsigned long, double>
      Reference Count: 1
      Modified Time: 3162
      Debug: Off
      Object Name: 
      Observers: 
        none
      Pointer: 0x7fcae438d010
      Container manages memory: true
      Size: 10813440
      Capacity: 10813440

     Weighting = 1
     Sampling strategy = regular
     Number of bins = 32
     Radius = 4
     Sampling percentage  = 0.25
   Transform = Affine
     Gradient step = 0.1
     Update field sigma (voxel space) = 0
     Total field sigma (voxel space) = 0
     Update field time sigma = 0
     Total field time sigma  = 0
     Number of time indices = 0
     Number of time point samples = 0
Stage 3 State
   Image metric = CC
     Fixed image = Image (0x3a452c0)
  RTTI typeinfo:   itk::Image<double, 3u>
  Reference Count: 2
  Modified Time: 3945
  Debug: Off
  Object Name: 
  Observers: 
    none
  Source: (none)
  Source output name: (none)
  Release Data: Off
  Data Released: False
  Global Release Data: Off
  PipelineMTime: 0
  UpdateMTime: 3554
  RealTimeStamp: 0 seconds 
  LargestPossibleRegion: 
    Dimension: 3
    Index: [0, 0, 0]
    Size: [193, 229, 193]
  BufferedRegion: 
    Dimension: 3
    Index: [0, 0, 0]
    Size: [193, 229, 193]
  RequestedRegion: 
    Dimension: 3
    Index: [0, 0, 0]
    Size: [193, 229, 193]
  Spacing: [1, 1, 1]
  Origin: [96, 132, -78]
  Direction: 
-1 0 0
0 -1 0
0 0 1

  IndexToPointMatrix: 
-1 0 0
0 -1 0
0 0 1

  PointToIndexMatrix: 
-1 0 0
0 -1 0
0 0 1

  Inverse Direction: 
-1 0 0
0 -1 0
0 0 1

  PixelContainer: 
    ImportImageContainer (0x3a61d40)
      RTTI typeinfo:   itk::ImportImageContainer<unsigned long, double>
      Reference Count: 1
      Modified Time: 3551
      Debug: Off
      Object Name: 
      Observers: 
        none
      Pointer: 0x7fcae0278010
      Container manages memory: true
      Size: 8530021
      Capacity: 8530021

     Moving image = Image (0x3a62bd0)
  RTTI typeinfo:   itk::Image<double, 3u>
  Reference Count: 2
  Modified Time: 3946
  Debug: Off
  Object Name: 
  Observers: 
    none
  Source: (none)
  Source output name: (none)
  Release Data: Off
  Data Released: False
  Global Release Data: Off
  PipelineMTime: 0
  UpdateMTime: 3943
  RealTimeStamp: 0 seconds 
  LargestPossibleRegion: 
    Dimension: 3
    Index: [0, 0, 0]
    Size: [176, 240, 256]
  BufferedRegion: 
    Dimension: 3
    Index: [0, 0, 0]
    Size: [176, 240, 256]
  RequestedRegion: 
    Dimension: 3
    Index: [0, 0, 0]
    Size: [176, 240, 256]
  Spacing: [0.999999, 1, 1]
  Origin: [93.3499, 86.9368, -128.957]
  Direction: 
-0.999513 -0.0279216 -0.0139567
0.0279189 -0.99961 0.000389866
-0.0139622 2.01492e-08 0.999902

  IndexToPointMatrix: 
-0.999512 -0.0279216 -0.0139567
0.0279189 -0.99961 0.000389866
-0.0139621 2.01492e-08 0.999902

  PointToIndexMatrix: 
-0.999514 0.0279189 -0.0139622
-0.0279216 -0.99961 2.01544e-08
-0.0139567 0.000389866 0.999903

  Inverse Direction: 
-0.999513 0.0279189 -0.0139622
-0.0279216 -0.99961 2.01544e-08
-0.0139567 0.000389866 0.999903

  PixelContainer: 
    ImportImageContainer (0x3c2e7d0)
      RTTI typeinfo:   itk::ImportImageContainer<unsigned long, double>
      Reference Count: 1
      Modified Time: 3940
      Debug: Off
      Object Name: 
      Observers: 
        none
      Pointer: 0x7fcadaff7010
      Container manages memory: true
      Size: 10813440
      Capacity: 10813440

     Weighting = 1
     Sampling strategy = none
     Number of bins = 32
     Radius = 4
     Sampling percentage  = 1
   Transform = SyN
     Gradient step = 0.1
     Update field sigma (voxel space) = 3
     Total field sigma (voxel space) = 0
     Update field time sigma = 0
     Total field time sigma  = 0
     Number of time indices = 0
     Number of time point samples = 0
Registration using 3 total stages.

Stage 0
  iterations = 1000x500x250x100
  convergence threshold = 1e-06
  convergence window size = 10
  number of levels = 4
  using the Mattes MI metric (number of bins = 32, weight = 1, use gradient filter = 0)
  preprocessing:  winsorizing the image intensities
  Shrink factors (level 1 out of 4): [8, 8, 8]
  Shrink factors (level 2 out of 4): [4, 4, 4]
  Shrink factors (level 3 out of 4): [2, 2, 2]
  Shrink factors (level 4 out of 4): [1, 1, 1]
  smoothing sigmas per level: [3, 2, 1, 0]
  regular sampling (percentage = 0.25)

*** Running Euler3DTransform registration ***

DIAGNOSTIC,Iteration,metricValue,convergenceValue,ITERATION_TIME_INDEX,SINCE_LAST
*/mnt/lustre/mathdugre/fast-interpolate/datasets/ds004513/derivatives/flint/antsRegistration/r8-p23/sub-s003/Stage1_level1_Iter0001.nii.gz
2DIAGNOSTIC,     1, -4.867343790469e-01, 1.797693134862e+308, 1.2800e+02, 1.2800e+02, 
*/mnt/lustre/mathdugre/fast-interpolate/datasets/ds004513/derivatives/flint/antsRegistration/r8-p23/sub-s003/Stage1_level1_Iter0002.nii.gz
2DIAGNOSTIC,     2, -4.888913116774e-01, 1.797693134862e+308, 1.2800e+02, 0.0000e+00, 
*/mnt/lustre/mathdugre/fast-interpolate/datasets/ds004513/derivatives/flint/antsRegistration/r8-p23/sub-s003/Stage1_level1_Iter0003.nii.gz
2DIAGNOSTIC,     3, -4.926277719809e-01, 1.797693134862e+308, 1.2800e+02, 0.0000e+00, 
*/mnt/lustre/mathdugre/fast-interpolate/datasets/ds004513/derivatives/flint/antsRegistration/r8-p23/sub-s003/Stage1_level1_Iter0004.nii.gz
2DIAGNOSTIC,     4, -5.005527481131e-01, 1.797693134862e+308, 1.2800e+02, 0.0000e+00, 
*/mnt/lustre/mathdugre/fast-interpolate/datasets/ds004513/derivatives/flint/antsRegistration/r8-p23/sub-s003/Stage1_level1_Iter0005.nii.gz
2DIAGNOSTIC,     5, -5.089625374499e-01, 1.797693134862e+308, 1.2800e+02, 0.0000e+00, 
*/mnt/lustre/mathdugre/fast-interpolate/datasets/ds004513/derivatives/flint/antsRegistration/r8-p23/sub-s003/Stage1_level1_Iter0006.nii.gz
2DIAGNOSTIC,     6, -5.157842748199e-01, 1.797693134862e+308, 1.2800e+02, 0.0000e+00, 
*/mnt/lustre/mathdugre/fast-interpolate/datasets/ds004513/derivatives/flint/antsRegistration/r8-p23/sub-s003/Stage1_level1_Iter0007.nii.gz
2DIAGNOSTIC,     7, -5.232929056770e-01, 1.797693134862e+308, 1.2800e+02, 0.0000e+00, 
*/mnt/lustre/mathdugre/fast-interpolate/datasets/ds004513/derivatives/flint/antsRegistration/r8-p23/sub-s003/Stage1_level1_Iter0008.nii.gz
2DIAGNOSTIC,     8, -5.468384136520e-01, 1.797693134862e+308, 1.2800e+02, 0.0000e+00, 
*/mnt/lustre/mathdugre/fast-interpolate/datasets/ds004513/derivatives/flint/antsRegistration/r8-p23/sub-s003/Stage1_level1_Iter0009.nii.gz
2DIAGNOSTIC,     9, -5.590806215311e-01, 1.797693134862e+308, 1.2800e+02, 0.0000e+00, 
*/mnt/lustre/mathdugre/fast-interpolate/datasets/ds004513/derivatives/flint/antsRegistration/r8-p23/sub-s003/Stage1_level1_Iter0010.nii.gz
2DIAGNOSTIC,    10, -5.609434023749e-01, 1.016455143690e-02, 1.2800e+02, 0.0000e+00, 
*/mnt/lustre/mathdugre/fast-interpolate/datasets/ds004513/derivatives/flint/antsRegistration/r8-p23/sub-s003/Stage1_level1_Iter0011.nii.gz
2DIAGNOSTIC,    11, -5.598534074662e-01, 9.437359869480e-03, 1.2800e+02, 0.0000e+00, 
*/mnt/lustre/mathdugre/fast-interpolate/datasets/ds004513/derivatives/flint/antsRegistration/r8-p23/sub-s003/Stage1_level1_Iter0012.nii.gz
2DIAGNOSTIC,    12, -5.613745549862e-01, 8.168563246727e-03, 1.2800e+02, 0.0000e+00, 
*/mnt/lustre/mathdugre/fast-interpolate/datasets/ds004513/derivatives/flint/antsRegistration/r8-p23/sub-s003/Stage1_level1_Iter0013.nii.gz
2DIAGNOSTIC,    13, -5.640770168552e-01, 6.616495549679e-03, 1.2800e+02, 0.0000e+00, 
*/mnt/lustre/mathdugre/fast-interpolate/datasets/ds004513/derivatives/flint/antsRegistration/r8-p23/sub-s003/Stage1_level1_Iter0014.nii.gz
2DIAGNOSTIC,    14, -5.672589451315e-01, 5.108781158924e-03, 1.2800e+02, 0.0000e+00, 
*/mnt/lustre/mathdugre/fast-interpolate/datasets/ds004513/derivatives/flint/antsRegistration/r8-p23/sub-s003/Stage1_level1_Iter0015.nii.gz
2DIAGNOSTIC,    15, -5.683093193268e-01, 3.692254424095e-03, 1.2800e+02, 0.0000e+00, 
*/mnt/lustre/mathdugre/fast-interpolate/datasets/ds004513/derivatives/flint/antsRegistration/r8-p23/sub-s003/Stage1_level1_Iter0016.nii.gz
2DIAGNOSTIC,    16, -5.710799719814e-01, 2.454556524754e-03, 1.2800e+02, 0.0000e+00, 
*/mnt/lustre/mathdugre/fast-interpolate/datasets/ds004513/derivatives/flint/antsRegistration/r8-p23/sub-s003/Stage1_level1_Iter0017.nii.gz
2DIAGNOSTIC,    17, -5.764342116511e-01, 1.528374850750e-03, 1.2800e+02, 0.0000e+00, 
*/mnt/lustre/mathdugre/fast-interpolate/datasets/ds004513/derivatives/flint/antsRegistration/r8-p23/sub-s003/Stage1_level1_Iter0018.nii.gz
2DIAGNOSTIC,    18, -5.856843598825e-01, 1.513168215752e-03, 1.2800e+02, 0.0000e+00, 
*/mnt/lustre/mathdugre/fast-interpolate/datasets/ds004513/derivatives/flint/antsRegistration/r8-p23/sub-s003/Stage1_level1_Iter0019.nii.gz
2DIAGNOSTIC,    19, -5.859327464527e-01, 1.696802675724e-03, 1.2800e+02, 0.0000e+00, 
*/mnt/lustre/mathdugre/fast-interpolate/datasets/ds004513/derivatives/flint/antsRegistration/r8-p23/sub-s003/Stage1_level1_Iter0020.nii.gz
2DIAGNOSTIC,    20, -5.871016334537e-01, 1.788988709450e-03, 1.2800e+02, 0.0000e+00, 
*/mnt/lustre/mathdugre/fast-interpolate/datasets/ds004513/derivatives/flint/antsRegistration/r8-p23/sub-s003/Stage1_level1_Iter0021.nii.gz
2DIAGNOSTIC,    21, -5.877731411851e-01, 1.697659492493e-03, 1.2800e+02, 0.0000e+00, 
*/mnt/lustre/mathdugre/fast-interpolate/datasets/ds004513/derivatives/flint/antsRegistration/r8-p23/sub-s003/Stage1_level1_Iter0022.nii.gz
2DIAGNOSTIC,    22, -5.899070813740e-01, 1.539334654808e-03, 1.2800e+02, 0.0000e+00, 
*/mnt/lustre/mathdugre/fast-interpolate/datasets/ds004513/derivatives/flint/antsRegistration/r8-p23/sub-s003/Stage1_level1_Iter0023.nii.gz
2DIAGNOSTIC,    23, -5.906218365034e-01, 1.323357224464e-03, 1.2800e+02, 0.0000e+00, 
*/mnt/lustre/mathdugre/fast-interpolate/datasets/ds004513/derivatives/flint/antsRegistration/r8-p23/sub-s003/Stage1_level1_Iter0024.nii.gz
2DIAGNOSTIC,    24, -5.908892903856e-01, 1.078281551600e-03, 1.2800e+02, 0.0000e+00, 
*/mnt/lustre/mathdugre/fast-interpolate/datasets/ds004513/derivatives/flint/antsRegistration/r8-p23/sub-s003/Stage1_level1_Iter0025.nii.gz
2DIAGNOSTIC,    25, -5.910432927503e-01, 7.809959352016e-04, 1.2800e+02, 0.0000e+00, 
*/mnt/lustre/mathdugre/fast-interpolate/datasets/ds004513/derivatives/flint/antsRegistration/r8-p23/sub-s003/Stage1_level1_Iter0026.nii.gz
2DIAGNOSTIC,    26, -5.914049413598e-01, 4.954561591148e-04, 1.2800e+02, 0.0000e+00, 
*/mnt/lustre/mathdugre/fast-interpolate/datasets/ds004513/derivatives/flint/antsRegistration/r8-p23/sub-s003/Stage1_level1_Iter0027.nii.gz
2DIAGNOSTIC,    27, -5.919082213224e-01, 2.911239862442e-04, 1.2800e+02, 0.0000e+00, 
*/mnt/lustre/mathdugre/fast-interpolate/datasets/ds004513/derivatives/flint/antsRegistration/r8-p23/sub-s003/Stage1_level1_Iter0028.nii.gz
2DIAGNOSTIC,    28, -5.926563112183e-01, 2.565123140812e-04, 1.2800e+02, 0.0000e+00, 
*/mnt/lustre/mathdugre/fast-interpolate/datasets/ds004513/derivatives/flint/antsRegistration/r8-p23/sub-s003/Stage1_level1_Iter0029.nii.gz
2DIAGNOSTIC,    29, -5.931525464138e-01, 2.132691442966e-04, 1.2800e+02, 0.0000e+00, 
*/mnt/lustre/mathdugre/fast-interpolate/datasets/ds004513/derivatives/flint/antsRegistration/r8-p23/sub-s003/Stage1_level1_Iter0030.nii.gz
2DIAGNOSTIC,    30, -5.933310135048e-01, 1.760795712471e-04, 1.2800e+02, 0.0000e+00, 
*/mnt/lustre/mathdugre/fast-interpolate/datasets/ds004513/derivatives/flint/antsRegistration/r8-p23/sub-s003/Stage1_level1_Iter0031.nii.gz
2DIAGNOSTIC,    31, -5.937434455806e-01, 1.418702304363e-04, 1.2800e+02, 0.0000e+00, 
*/mnt/lustre/mathdugre/fast-interpolate/datasets/ds004513/derivatives/flint/antsRegistration/r8-p23/sub-s003/Stage1_level1_Iter0032.nii.gz
2DIAGNOSTIC,    32, -5.969064141984e-01, 1.797005534172e-04, 1.2800e+02, 0.0000e+00, 
*/mnt/lustre/mathdugre/fast-interpolate/datasets/ds004513/derivatives/flint/antsRegistration/r8-p23/sub-s003/Stage1_level1_Iter0033.nii.gz
2DIAGNOSTIC,    33, -5.975956666432e-01, 2.181045711040e-04, 1.2800e+02, 0.0000e+00, 
*/mnt/lustre/mathdugre/fast-interpolate/datasets/ds004513/derivatives/flint/antsRegistration/r8-p23/sub-s003/Stage1_level1_Iter0034.nii.gz
2DIAGNOSTIC,    34, -6.008599618720e-01, 2.860613167286e-04, 1.2800e+02, 0.0000e+00, 
*/mnt/lustre/mathdugre/fast-interpolate/datasets/ds004513/derivatives/flint/antsRegistration/r8-p23/sub-s003/Stage1_level1_Iter0035.nii.gz
2DIAGNOSTIC,    35, -6.124501358688e-01, 4.905685782433e-04, 1.2800e+02, 0.0000e+00, 
*/mnt/lustre/mathdugre/fast-interpolate/datasets/ds004513/derivatives/flint/antsRegistration/r8-p23/sub-s003/Stage1_level1_Iter0036.nii.gz
2DIAGNOSTIC,    36, -6.132339199997e-01, 6.481334567070e-04, 1.2800e+02, 0.0000e+00, 
*/mnt/lustre/mathdugre/fast-interpolate/datasets/ds004513/derivatives/flint/antsRegistration/r8-p23/sub-s003/Stage1_level1_Iter0037.nii.gz
2DIAGNOSTIC,    37, -6.137731891256e-01, 7.504615932703e-04, 1.2800e+02, 0.0000e+00, 
*/mnt/lustre/mathdugre/fast-interpolate/datasets/ds004513/derivatives/flint/antsRegistration/r8-p23/sub-s003/Stage1_level1_Iter0038.nii.gz
2DIAGNOSTIC,    38, -6.187560031301e-01, 8.525885641575e-04, 1.2800e+02, 0.0000e+00, 
*/mnt/lustre/mathdugre/fast-interpolate/datasets/ds004513/derivatives/flint/antsRegistration/r8-p23/sub-s003/Stage1_level1_Iter0039.nii.gz
2DIAGNOSTIC,    39, -6.288662061876e-01, 1.000629737973e-03, 1.2800e+02, 0.0000e+00, 
*/mnt/lustre/mathdugre/fast-interpolate/datasets/ds004513/derivatives/flint/antsRegistration/r8-p23/sub-s003/Stage1_level1_Iter0040.nii.gz
2DIAGNOSTIC,    40, -6.377843473810e-01, 1.152869313955e-03, 1.2800e+02, 0.0000e+00, 
*/mnt/lustre/mathdugre/fast-interpolate/datasets/ds004513/derivatives/flint/antsRegistration/r8-p23/sub-s003/Stage1_level1_Iter0041.nii.gz
2DIAGNOSTIC,    41, -6.425333853552e-01, 1.247512176633e-03, 1.2800e+02, 0.0000e+00, 
*/mnt/lustre/mathdugre/fast-interpolate/datasets/ds004513/derivatives/flint/antsRegistration/r8-p23/sub-s003/Stage1_level1_Iter0042.nii.gz
2DIAGNOSTIC,    42, -6.452234661419e-01, 1.290652900934e-03, 1.2800e+02, 0.0000e+00, 
*/mnt/lustre/mathdugre/fast-interpolate/datasets/ds004513/derivatives/flint/antsRegistration/r8-p23/sub-s003/Stage1_level1_Iter0043.nii.gz
2DIAGNOSTIC,    43, -6.470847699653e-01, 1.238403841853e-03, 1.2800e+02, 0.0000e+00, 
*/mnt/lustre/mathdugre/fast-interpolate/datasets/ds004513/derivatives/flint/antsRegistration/r8-p23/sub-s003/Stage1_level1_Iter0044.nii.gz
2DIAGNOSTIC,    44, -6.476626289808e-01, 1.108234748244e-03, 1.2800e+02, 0.0000e+00, 
*/mnt/lustre/mathdugre/fast-interpolate/datasets/ds004513/derivatives/flint/antsRegistration/r8-p23/sub-s003/Stage1_level1_Iter0045.nii.gz
2DIAGNOSTIC,    45, -6.486645179273e-01, 1.014601439238e-03, 1.2800e+02, 0.0000e+00, 
*/mnt/lustre/mathdugre/fast-interpolate/datasets/ds004513/derivatives/flint/antsRegistration/r8-p23/sub-s003/Stage1_level1_Iter0046.nii.gz
2DIAGNOSTIC,    46, -6.552937315011e-01, 9.080655872822e-04, 1.2800e+02, 0.0000e+00, 
*/mnt/lustre/mathdugre/fast-interpolate/datasets/ds004513/derivatives/flint/antsRegistration/r8-p23/sub-s003/Stage1_level1_Iter0047.nii.gz
2DIAGNOSTIC,    47, -6.605467139761e-01, 7.785577327013e-04, 1.2800e+02, 0.0000e+00, 
*/mnt/lustre/mathdugre/fast-interpolate/datasets/ds004513/derivatives/flint/antsRegistration/r8-p23/sub-s003/Stage1_level1_Iter0048.nii.gz
2DIAGNOSTIC,    48, -6.614233763543e-01, 6.379354745150e-04, 1.2800e+02, 0.0000e+00, 
*/mnt/lustre/mathdugre/fast-interpolate/datasets/ds004513/derivatives/flint/antsRegistration/r8-p23/sub-s003/Stage1_level1_Iter0049.nii.gz
2DIAGNOSTIC,    49, -6.616542895764e-01, 5.446113646030e-04, 1.2800e+02, 0.0000e+00, 
*/mnt/lustre/mathdugre/fast-interpolate/datasets/ds004513/derivatives/flint/antsRegistration/r8-p23/sub-s003/Stage1_level1_Iter0050.nii.gz
2DIAGNOSTIC,    50, -6.618024855535e-01, 4.906393587589e-04, 1.2800e+02, 0.0000e+00, 
*/mnt/lustre/mathdugre/fast-interpolate/datasets/ds004513/derivatives/flint/antsRegistration/r8-p23/sub-s003/Stage1_level1_Iter0051.nii.gz
2DIAGNOSTIC,    51, -6.617702787631e-01, 4.350766539574e-04, 1.2800e+02, 0.0000e+00, 
*/mnt/lustre/mathdugre/fast-interpolate/datasets/ds004513/derivatives/flint/antsRegistration/r8-p23/sub-s003/Stage1_level1_Iter0052.nii.gz
2DIAGNOSTIC,    52, -6.619687264863e-01, 3.656931221485e-04, 1.2800e+02, 0.0000e+00, 
*/mnt/lustre/mathdugre/fast-interpolate/datasets/ds004513/derivatives/flint/antsRegistration/r8-p23/sub-s003/Stage1_level1_Iter0053.nii.gz
2DIAGNOSTIC,    53, -6.620606282517e-01, 2.825036644936e-04, 1.2800e+02, 0.0000e+00, 
*/mnt/lustre/mathdugre/fast-interpolate/datasets/ds004513/derivatives/flint/antsRegistration/r8-p23/sub-s003/Stage1_level1_Iter0054.nii.gz
2DIAGNOSTIC,    54, -6.619392980475e-01, 1.809187233448e-04, 1.2800e+02, 0.0000e+00, 
*/mnt/lustre/mathdugre/fast-interpolate/datasets/ds004513/derivatives/flint/antsRegistration/r8-p23/sub-s003/Stage1_level1_Iter0055.nii.gz
2DIAGNOSTIC,    55, -6.619132261842e-01, 7.368996739388e-05, 1.2800e+02, 0.0000e+00, 
*/mnt/lustre/mathdugre/fast-interpolate/datasets/ds004513/derivatives/flint/antsRegistration/r8-p23/sub-s003/Stage1_level1_Iter0056.nii.gz
2DIAGNOSTIC,    56, -6.621294222833e-01, 2.072192728519e-05, 1.2800e+02, 0.0000e+00, 
*/mnt/lustre/mathdugre/fast-interpolate/datasets/ds004513/derivatives/flint/antsRegistration/r8-p23/sub-s003/Stage1_level1_Iter0057.nii.gz
2DIAGNOSTIC,    57, -6.621693517320e-01, 1.172721385956e-05, 1.2800e+02, 0.0000e+00, 
*/mnt/lustre/mathdugre/fast-interpolate/datasets/ds004513/derivatives/flint/antsRegistration/r8-p23/sub-s003/Stage1_level1_Iter0058.nii.gz
2DIAGNOSTIC,    58, -6.621248971968e-01, 8.758157491684e-06, 1.2800e+02, 0.0000e+00, 
*/mnt/lustre/mathdugre/fast-interpolate/datasets/ds004513/derivatives/flint/antsRegistration/r8-p23/sub-s003/Stage1_level1_Iter0059.nii.gz
2DIAGNOSTIC,    59, -6.628488128481e-01, 1.282617449760e-05, 1.2800e+02, 0.0000e+00, 
*/mnt/lustre/mathdugre/fast-interpolate/datasets/ds004513/derivatives/flint/antsRegistration/r8-p23/sub-s003/Stage1_level1_Iter0060.nii.gz
2DIAGNOSTIC,    60, -6.631550874246e-01, 1.902505755424e-05, 1.2800e+02, 0.0000e+00, 
*/mnt/lustre/mathdugre/fast-interpolate/datasets/ds004513/derivatives/flint/antsRegistration/r8-p23/sub-s003/Stage1_level1_Iter0061.nii.gz
2DIAGNOSTIC,    61, -6.631834360919e-01, 2.311170101166e-05, 1.2800e+02, 0.0000e+00, 
*/mnt/lustre/mathdugre/fast-interpolate/datasets/ds004513/derivatives/flint/antsRegistration/r8-p23/sub-s003/Stage1_level1_Iter0062.nii.gz
2DIAGNOSTIC,    62, -6.632567665099e-01, 2.702325582504e-05, 1.2800e+02, 0.0000e+00, 
*/mnt/lustre/mathdugre/fast-interpolate/datasets/ds004513/derivatives/flint/antsRegistration/r8-p23/sub-s003/Stage1_level1_Iter0063.nii.gz
2DIAGNOSTIC,    63, -6.635708047911e-01, 3.134086728096e-05, 1.2800e+02, 0.0000e+00, 
*/mnt/lustre/mathdugre/fast-interpolate/datasets/ds004513/derivatives/flint/antsRegistration/r8-p23/sub-s003/Stage1_level1_Iter0064.nii.gz
2DIAGNOSTIC,    64, -6.637020390181e-01, 3.249756991863e-05, 1.2800e+02, 0.0000e+00, 
*/mnt/lustre/mathdugre/fast-interpolate/datasets/ds004513/derivatives/flint/antsRegistration/r8-p23/sub-s003/Stage1_level1_Iter0065.nii.gz
2DIAGNOSTIC,    65, -6.638483818107e-01, 3.131665289402e-05, 1.2800e+02, 0.0000e+00, 
*/mnt/lustre/mathdugre/fast-interpolate/datasets/ds004513/derivatives/flint/antsRegistration/r8-p23/sub-s003/Stage1_level1_Iter0066.nii.gz
2DIAGNOSTIC,    66, -6.647085091026e-01, 3.492459654808e-05, 1.2800e+02, 0.0000e+00, 
*/mnt/lustre/mathdugre/fast-interpolate/datasets/ds004513/derivatives/flint/antsRegistration/r8-p23/sub-s003/Stage1_level1_Iter0067.nii.gz
2DIAGNOSTIC,    67, -6.647588064765e-01, 3.567337989807e-05, 1.2800e+02, 0.0000e+00, 
*/mnt/lustre/mathdugre/fast-interpolate/datasets/ds004513/derivatives/flint/antsRegistration/r8-p23/sub-s003/Stage1_level1_Iter0068.nii.gz
2DIAGNOSTIC,    68, -6.647887568741e-01, 3.283843398094e-05, 1.2800e+02, 0.0000e+00, 
*/mnt/lustre/mathdugre/fast-interpolate/datasets/ds004513/derivatives/flint/antsRegistration/r8-p23/sub-s003/Stage1_level1_Iter0069.nii.gz
2DIAGNOSTIC,    69, -6.648424192187e-01, 3.225170075893e-05, 1.2800e+02, 0.0000e+00, 
*/mnt/lustre/mathdugre/fast-interpolate/datasets/ds004513/derivatives/flint/antsRegistration/r8-p23/sub-s003/Stage1_level1_Iter0070.nii.gz
2DIAGNOSTIC,    70, -6.652294759860e-01, 3.322958946228e-05, 1.2800e+02, 0.0000e+00, 
*/mnt/lustre/mathdugre/fast-interpolate/datasets/ds004513/derivatives/flint/antsRegistration/r8-p23/sub-s003/Stage1_level1_Iter0071.nii.gz
2DIAGNOSTIC,    71, -6.654975856203e-01, 3.282353281975e-05, 1.2800e+02, 0.0000e+00, 
*/mnt/lustre/mathdugre/fast-interpolate/datasets/ds004513/derivatives/flint/antsRegistration/r8-p23/sub-s003/Stage1_level1_Iter0072.nii.gz
2DIAGNOSTIC,    72, -6.655859777286e-01, 3.028661012650e-05, 1.2800e+02, 0.0000e+00, 
*/mnt/lustre/mathdugre/fast-interpolate/datasets/ds004513/derivatives/flint/antsRegistration/r8-p23/sub-s003/Stage1_level1_Iter0073.nii.gz
2DIAGNOSTIC,    73, -6.655209859888e-01, 2.664700150490e-05, 1.2800e+02, 0.0000e+00, 
*/mnt/lustre/mathdugre/fast-interpolate/datasets/ds004513/derivatives/flint/antsRegistration/r8-p23/sub-s003/Stage1_level1_Iter0074.nii.gz
2DIAGNOSTIC,    74, -6.655219343506e-01, 2.149678766727e-05, 1.2800e+02, 0.0000e+00, 
*/mnt/lustre/mathdugre/fast-interpolate/datasets/ds004513/derivatives/flint/antsRegistration/r8-p23/sub-s003/Stage1_level1_Iter0075.nii.gz
2DIAGNOSTIC,    75, -6.655250584570e-01, 1.519639045000e-05, 1.2800e+02, 0.0000e+00, 
*/mnt/lustre/mathdugre/fast-interpolate/datasets/ds004513/derivatives/flint/antsRegistration/r8-p23/sub-s003/Stage1_level1_Iter0076.nii.gz
2DIAGNOSTIC,    76, -6.656204687915e-01, 1.342408359051e-05, 1.2800e+02, 0.0000e+00, 
*/mnt/lustre/mathdugre/fast-interpolate/datasets/ds004513/derivatives/flint/antsRegistration/r8-p23/sub-s003/Stage1_level1_Iter0077.nii.gz
2DIAGNOSTIC,    77, -6.657197040832e-01, 1.135375350714e-05, 1.2800e+02, 0.0000e+00, 
*/mnt/lustre/mathdugre/fast-interpolate/datasets/ds004513/derivatives/flint/antsRegistration/r8-p23/sub-s003/Stage1_level1_Iter0078.nii.gz
2DIAGNOSTIC,    78, -6.658129649836e-01, 9.056180715561e-06, 1.2800e+02, 0.0000e+00, 
*/mnt/lustre/mathdugre/fast-interpolate/datasets/ds004513/derivatives/flint/antsRegistration/r8-p23/sub-s003/Stage1_level1_Iter0079.nii.gz
2DIAGNOSTIC,    79, -6.658140857100e-01, 6.272457540035e-06, 1.2800e+02, 0.0000e+00, 
*/mnt/lustre/mathdugre/fast-interpolate/datasets/ds004513/derivatives/flint/antsRegistration/r8-p23/sub-s003/Stage1_level1_Iter0080.nii.gz
2DIAGNOSTIC,    80, -6.658145775690e-01, 5.202367901802e-06, 1.2800e+02, 0.0000e+00, 
*/mnt/lustre/mathdugre/fast-interpolate/datasets/ds004513/derivatives/flint/antsRegistration/r8-p23/sub-s003/Stage1_level1_Iter0081.nii.gz
2DIAGNOSTIC,    81, -6.658152922623e-01, 5.202367901802e-06, 1.2800e+02, 0.0000e+00, 
*/mnt/lustre/mathdugre/fast-interpolate/datasets/ds004513/derivatives/flint/antsRegistration/r8-p23/sub-s003/Stage1_level1_Iter0082.nii.gz
2DIAGNOSTIC,    82, -6.658167134250e-01, 5.241483449936e-06, 1.2800e+02, 0.0000e+00, 
*/mnt/lustre/mathdugre/fast-interpolate/datasets/ds004513/derivatives/flint/antsRegistration/r8-p23/sub-s003/Stage1_level1_Iter0083.nii.gz
2DIAGNOSTIC,    83, -6.658175370090e-01, 4.460103809834e-06, 1.2800e+02, 0.0000e+00, 
*/mnt/lustre/mathdugre/fast-interpolate/datasets/ds004513/derivatives/flint/antsRegistration/r8-p23/sub-s003/Stage1_level1_Iter0084.nii.gz
2DIAGNOSTIC,    84, -6.658180127915e-01, 3.326684236526e-06, 1.2800e+02, 0.0000e+00, 
*/mnt/lustre/mathdugre/fast-interpolate/datasets/ds004513/derivatives/flint/antsRegistration/r8-p23/sub-s003/Stage1_level1_Iter0085.nii.gz
2DIAGNOSTIC,    85, -6.658179261919e-01, 1.955777406693e-06, 1.2800e+02, 0.0000e+00, 
DIAGNOSTIC,Iteration,metricValue,convergenceValue,ITERATION_TIME_INDEX,SINCE_LAST
*/mnt/lustre/mathdugre/fast-interpolate/datasets/ds004513/derivatives/flint/antsRegistration/r8-p23/sub-s003/Stage1_level2_Iter0001.nii.gz
2DIAGNOSTIC,     1, -5.320296145614e-01, 1.797693134862e+308, 1.2800e+02, 0.0000e+00, 
*/mnt/lustre/mathdugre/fast-interpolate/datasets/ds004513/derivatives/flint/antsRegistration/r8-p23/sub-s003/Stage1_level2_Iter0002.nii.gz
2DIAGNOSTIC,     2, -5.325973575595e-01, 1.797693134862e+308, 1.2800e+02, 0.0000e+00, 
*/mnt/lustre/mathdugre/fast-interpolate/datasets/ds004513/derivatives/flint/antsRegistration/r8-p23/sub-s003/Stage1_level2_Iter0003.nii.gz
2DIAGNOSTIC,     3, -5.334066220108e-01, 1.797693134862e+308, 1.2800e+02, 0.0000e+00, 
*/mnt/lustre/mathdugre/fast-interpolate/datasets/ds004513/derivatives/flint/antsRegistration/r8-p23/sub-s003/Stage1_level2_Iter0004.nii.gz
2DIAGNOSTIC,     4, -5.344418381066e-01, 1.797693134862e+308, 1.2800e+02, 0.0000e+00, 
*/mnt/lustre/mathdugre/fast-interpolate/datasets/ds004513/derivatives/flint/antsRegistration/r8-p23/sub-s003/Stage1_level2_Iter0005.nii.gz
2DIAGNOSTIC,     5, -5.352562549707e-01, 1.797693134862e+308, 1.2800e+02, 0.0000e+00, 
*/mnt/lustre/mathdugre/fast-interpolate/datasets/ds004513/derivatives/flint/antsRegistration/r8-p23/sub-s003/Stage1_level2_Iter0006.nii.gz
2DIAGNOSTIC,     6, -5.354299520000e-01, 1.797693134862e+308, 1.2800e+02, 0.0000e+00, 
*/mnt/lustre/mathdugre/fast-interpolate/datasets/ds004513/derivatives/flint/antsRegistration/r8-p23/sub-s003/Stage1_level2_Iter0007.nii.gz
2DIAGNOSTIC,     7, -5.354834646244e-01, 1.797693134862e+308, 1.2800e+02, 0.0000e+00, 
*/mnt/lustre/mathdugre/fast-interpolate/datasets/ds004513/derivatives/flint/antsRegistration/r8-p23/sub-s003/Stage1_level2_Iter0008.nii.gz
2DIAGNOSTIC,     8, -5.358812964780e-01, 1.797693134862e+308, 1.2800e+02, 0.0000e+00, 
*/mnt/lustre/mathdugre/fast-interpolate/datasets/ds004513/derivatives/flint/antsRegistration/r8-p23/sub-s003/Stage1_level2_Iter0009.nii.gz
2DIAGNOSTIC,     9, -5.376186665162e-01, 1.797693134862e+308, 1.2800e+02, 0.0000e+00, 
*/mnt/lustre/mathdugre/fast-interpolate/datasets/ds004513/derivatives/flint/antsRegistration/r8-p23/sub-s003/Stage1_level2_Iter0010.nii.gz
2DIAGNOSTIC,    10, -5.389214261828e-01, 7.218420505524e-04, 1.2800e+02, 0.0000e+00, 
*/mnt/lustre/mathdugre/fast-interpolate/datasets/ds004513/derivatives/flint/antsRegistration/r8-p23/sub-s003/Stage1_level2_Iter0011.nii.gz
2DIAGNOSTIC,    11, -5.391986573916e-01, 6.760060787201e-04, 1.2800e+02, 0.0000e+00, 
*/mnt/lustre/mathdugre/fast-interpolate/datasets/ds004513/derivatives/flint/antsRegistration/r8-p23/sub-s003/Stage1_level2_Iter0012.nii.gz
2DIAGNOSTIC,    12, -5.392250607314e-01, 6.053820252419e-04, 1.2800e+02, 0.0000e+00, 
*/mnt/lustre/mathdugre/fast-interpolate/datasets/ds004513/derivatives/flint/antsRegistration/r8-p23/sub-s003/Stage1_level2_Iter0013.nii.gz
2DIAGNOSTIC,    13, -5.392669627585e-01, 5.257204174995e-04, 1.2800e+02, 0.0000e+00, 
*/mnt/lustre/mathdugre/fast-interpolate/datasets/ds004513/derivatives/flint/antsRegistration/r8-p23/sub-s003/Stage1_level2_Iter0014.nii.gz
2DIAGNOSTIC,    14, -5.393622498023e-01, 4.508048295975e-04, 1.2800e+02, 0.0000e+00, 
*/mnt/lustre/mathdugre/fast-interpolate/datasets/ds004513/derivatives/flint/antsRegistration/r8-p23/sub-s003/Stage1_level2_Iter0015.nii.gz
2DIAGNOSTIC,    15, -5.394668414390e-01, 3.764182329178e-04, 1.2800e+02, 0.0000e+00, 
*/mnt/lustre/mathdugre/fast-interpolate/datasets/ds004513/derivatives/flint/antsRegistration/r8-p23/sub-s003/Stage1_level2_Iter0016.nii.gz
2DIAGNOSTIC,    16, -5.395341991044e-01, 2.857372164726e-04, 1.2800e+02, 0.0000e+00, 
*/mnt/lustre/mathdugre/fast-interpolate/datasets/ds004513/derivatives/flint/antsRegistration/r8-p23/sub-s003/Stage1_level2_Iter0017.nii.gz
2DIAGNOSTIC,    17, -5.395990386101e-01, 1.842752099037e-04, 1.2800e+02, 0.0000e+00, 
*/mnt/lustre/mathdugre/fast-interpolate/datasets/ds004513/derivatives/flint/antsRegistration/r8-p23/sub-s003/Stage1_level2_Iter0018.nii.gz
2DIAGNOSTIC,    18, -5.396157249738e-01, 8.860230445862e-05, 1.2800e+02, 0.0000e+00, 
*/mnt/lustre/mathdugre/fast-interpolate/datasets/ds004513/derivatives/flint/antsRegistration/r8-p23/sub-s003/Stage1_level2_Iter0019.nii.gz
2DIAGNOSTIC,    19, -5.397093315759e-01, 4.503503441811e-05, 1.2800e+02, 0.0000e+00, 
*/mnt/lustre/mathdugre/fast-interpolate/datasets/ds004513/derivatives/flint/antsRegistration/r8-p23/sub-s003/Stage1_level2_Iter0020.nii.gz
2DIAGNOSTIC,    20, -5.397496009391e-01, 3.705173730850e-05, 1.2800e+02, 0.0000e+00, 
*/mnt/lustre/mathdugre/fast-interpolate/datasets/ds004513/derivatives/flint/antsRegistration/r8-p23/sub-s003/Stage1_level2_Iter0021.nii.gz
2DIAGNOSTIC,    21, -5.398179703300e-01, 3.522634506226e-05, 1.2800e+02, 0.0000e+00, 
*/mnt/lustre/mathdugre/fast-interpolate/datasets/ds004513/derivatives/flint/antsRegistration/r8-p23/sub-s003/Stage1_level2_Iter0022.nii.gz
2DIAGNOSTIC,    22, -5.398241031538e-01, 3.121420741081e-05, 1.2800e+02, 0.0000e+00, 
*/mnt/lustre/mathdugre/fast-interpolate/datasets/ds004513/derivatives/flint/antsRegistration/r8-p23/sub-s003/Stage1_level2_Iter0023.nii.gz
2DIAGNOSTIC,    23, -5.398820403843e-01, 2.706050872803e-05, 1.2800e+02, 0.0000e+00, 
*/mnt/lustre/mathdugre/fast-interpolate/datasets/ds004513/derivatives/flint/antsRegistration/r8-p23/sub-s003/Stage1_level2_Iter0024.nii.gz
2DIAGNOSTIC,    24, -5.400078922139e-01, 2.564117312431e-05, 1.2800e+02, 0.0000e+00, 
*/mnt/lustre/mathdugre/fast-interpolate/datasets/ds004513/derivatives/flint/antsRegistration/r8-p23/sub-s003/Stage1_level2_Iter0025.nii.gz
2DIAGNOSTIC,    25, -5.400091773175e-01, 2.419576048851e-05, 1.2800e+02, 0.0000e+00, 
*/mnt/lustre/mathdugre/fast-interpolate/datasets/ds004513/derivatives/flint/antsRegistration/r8-p23/sub-s003/Stage1_level2_Iter0026.nii.gz
2DIAGNOSTIC,    26, -5.399987898021e-01, 2.186745405197e-05, 1.2800e+02, 0.0000e+00, 
*/mnt/lustre/mathdugre/fast-interpolate/datasets/ds004513/derivatives/flint/antsRegistration/r8-p23/sub-s003/Stage1_level2_Iter0027.nii.gz
2DIAGNOSTIC,    27, -5.399942392384e-01, 1.902505755424e-05, 1.2800e+02, 0.0000e+00, 
*/mnt/lustre/mathdugre/fast-interpolate/datasets/ds004513/derivatives/flint/antsRegistration/r8-p23/sub-s003/Stage1_level2_Iter0028.nii.gz
2DIAGNOSTIC,    28, -5.399873496175e-01, 1.483410596848e-05, 1.2800e+02, 0.0000e+00, 
*/mnt/lustre/mathdugre/fast-interpolate/datasets/ds004513/derivatives/flint/antsRegistration/r8-p23/sub-s003/Stage1_level2_Iter0029.nii.gz
2DIAGNOSTIC,    29, -5.399806660274e-01, 1.117587089539e-05, 1.2800e+02, 0.0000e+00, 
*/mnt/lustre/mathdugre/fast-interpolate/datasets/ds004513/derivatives/flint/antsRegistration/r8-p23/sub-s003/Stage1_level2_Iter0030.nii.gz
2DIAGNOSTIC,    30, -5.399828350754e-01, 7.536262273788e-06, 1.2800e+02, 0.0000e+00, 
*/mnt/lustre/mathdugre/fast-interpolate/datasets/ds004513/derivatives/flint/antsRegistration/r8-p23/sub-s003/Stage1_level2_Iter0031.nii.gz
2DIAGNOSTIC,    31, -5.399782145257e-01, 4.641711711884e-06, 1.2800e+02, 0.0000e+00, 
*/mnt/lustre/mathdugre/fast-interpolate/datasets/ds004513/derivatives/flint/antsRegistration/r8-p23/sub-s003/Stage1_level2_Iter0032.nii.gz
2DIAGNOSTIC,    32, -5.399752603406e-01, 1.646578311920e-06, 1.2800e+02, 0.0000e+00, 
DIAGNOSTIC,Iteration,metricValue,convergenceValue,ITERATION_TIME_INDEX,SINCE_LAST
*/mnt/lustre/mathdugre/fast-interpolate/datasets/ds004513/derivatives/flint/antsRegistration/r8-p23/sub-s003/Stage1_level3_Iter0001.nii.gz
2DIAGNOSTIC,     1, -4.800492140818e-01, 1.797693134862e+308, 1.2800e+02, 0.0000e+00, 
