
##########################
# Experiment information #
##########################

EXPERIMENT_NAME: r8-p20
VFC_BACKENDS: libinterflop_vprec.so --range-binary32=8 --precision-binary32=20 --range-binary64=8 --precision-binary64=20

SIF_IMG: /mnt/lustre/mathdugre/containers/ants-vprec-no_metric.simg

SUBJECT_ID: s033
INPUT_IMG: /mnt/lustre/mathdugre/fast-interpolate/datasets/ds004513/derivatives/flint/antsBrainExtraction/sub-s033/BrainExtractionBrain.nii.gz
OUTPUT_DIR: /mnt/lustre/mathdugre/fast-interpolate/datasets/ds004513/derivatives/flint/antsRegistration/r8-p20/sub-s033

FIXED_IMG: /templateflow/tpl-MNI152NLin2009cAsym/tpl-MNI152NLin2009cAsym_res-01_desc-brain_T1w.nii.gz
DATA_DIR: /mnt/lustre/mathdugre/fast-interpolate/datasets/ds004513
TEMPLATEFLOW_DIR: /home/mathdugre/.cache/templateflow
ITK_GLOBAL_DEFAULT_NUMBER_OF_THREADS: 4
##########################

Info [verificarlo]: loaded backend libinterflop_vprec.so
Info [interflop-vprec]: load backend with: 
Info [interflop-vprec]: precision-binary32 = 20
Info [interflop-vprec]: range-binary32 = 8
Info [interflop-vprec]: precision-binary64 = 20
Info [interflop-vprec]: range-binary64 = 8
Info [interflop-vprec]: mode = ob
Info [interflop-vprec]: error-mode = rel
Info [interflop-vprec]: max-abs-error-exponent = -1022
Info [interflop-vprec]: daz = false
Info [interflop-vprec]: ftz = false
Info [interflop-vprec]: 	instrument = none
Info [interflop-vprec]: 	prec-input-file = (null)
Info [interflop-vprec]: 	prec-output-file = (null)
Info [interflop-vprec]: 	prec-log-file = (null)
All_Command_lines_OK
Using double precision for computations.
=============================================================================
The composite transform comprises the following transforms (in order): 
  1. Center of mass alignment using fixed image: /templateflow/tpl-MNI152NLin2009cAsym/tpl-MNI152NLin2009cAsym_res-01_desc-brain_T1w.nii.gz and moving image: /mnt/lustre/mathdugre/fast-interpolate/datasets/ds004513/derivatives/flint/antsBrainExtraction/sub-s033/BrainExtractionBrain.nii.gz (type = Euler3DTransform)
=============================================================================
  number of levels = 4
  number of levels = 4
  number of levels = 4
  fixed image: /templateflow/tpl-MNI152NLin2009cAsym/tpl-MNI152NLin2009cAsym_res-01_desc-brain_T1w.nii.gz
  moving image: /mnt/lustre/mathdugre/fast-interpolate/datasets/ds004513/derivatives/flint/antsBrainExtraction/sub-s033/BrainExtractionBrain.nii.gz
  fixed image: /templateflow/tpl-MNI152NLin2009cAsym/tpl-MNI152NLin2009cAsym_res-01_desc-brain_T1w.nii.gz
  moving image: /mnt/lustre/mathdugre/fast-interpolate/datasets/ds004513/derivatives/flint/antsBrainExtraction/sub-s033/BrainExtractionBrain.nii.gz
  fixed image: /templateflow/tpl-MNI152NLin2009cAsym/tpl-MNI152NLin2009cAsym_res-01_desc-brain_T1w.nii.gz
  moving image: /mnt/lustre/mathdugre/fast-interpolate/datasets/ds004513/derivatives/flint/antsBrainExtraction/sub-s033/BrainExtractionBrain.nii.gz
Dimension = 3
Number of stages = 3
Use histogram matching = false
Winsorize image intensities = true
  Lower quantile = 0.005
  Upper quantile = 0.995


Stage 1 State
   Image metric = MattesMI
     Fixed image = Image (0x4ea3b30)
  RTTI typeinfo:   itk::Image<double, 3u>
  Reference Count: 2
  Modified Time: 2385
  Debug: Off
  Object Name: 
  Observers: 
    none
  Source: (none)
  Source output name: (none)
  Release Data: Off
  Data Released: False
  Global Release Data: Off
  PipelineMTime: 0
  UpdateMTime: 1996
  RealTimeStamp: 0 seconds 
  LargestPossibleRegion: 
    Dimension: 3
    Index: [0, 0, 0]
    Size: [193, 229, 193]
  BufferedRegion: 
    Dimension: 3
    Index: [0, 0, 0]
    Size: [193, 229, 193]
  RequestedRegion: 
    Dimension: 3
    Index: [0, 0, 0]
    Size: [193, 229, 193]
  Spacing: [1, 1, 1]
  Origin: [96, 132, -78]
  Direction: 
-1 0 0
0 -1 0
0 0 1

  IndexToPointMatrix: 
-1 0 0
0 -1 0
0 0 1

  PointToIndexMatrix: 
-1 0 0
0 -1 0
0 0 1

  Inverse Direction: 
-1 0 0
0 -1 0
0 0 1

  PixelContainer: 
    ImportImageContainer (0x4ea8a10)
      RTTI typeinfo:   itk::ImportImageContainer<unsigned long, double>
      Reference Count: 1
      Modified Time: 1993
      Debug: Off
      Object Name: 
      Observers: 
        none
      Pointer: 0x7f0dfc703010
      Container manages memory: true
      Size: 8530021
      Capacity: 8530021

     Moving image = Image (0x4e9f400)
  RTTI typeinfo:   itk::Image<double, 3u>
  Reference Count: 2
  Modified Time: 2386
  Debug: Off
  Object Name: 
  Observers: 
    none
  Source: (none)
  Source output name: (none)
  Release Data: Off
  Data Released: False
  Global Release Data: Off
  PipelineMTime: 0
  UpdateMTime: 2383
  RealTimeStamp: 0 seconds 
  LargestPossibleRegion: 
    Dimension: 3
    Index: [0, 0, 0]
    Size: [160, 240, 256]
  BufferedRegion: 
    Dimension: 3
    Index: [0, 0, 0]
    Size: [160, 240, 256]
  RequestedRegion: 
    Dimension: 3
    Index: [0, 0, 0]
    Size: [160, 240, 256]
  Spacing: [1, 1, 1]
  Origin: [91.5134, 94.282, -109.927]
  Direction: 
-0.99591 -0.0698718 -0.0572835
0.0697565 -0.997556 0.00401236
-0.0574239 5.01125e-08 0.99835

  IndexToPointMatrix: 
-0.99591 -0.0698718 -0.0572835
0.0697565 -0.997556 0.00401236
-0.0574239 5.01125e-08 0.99835

  PointToIndexMatrix: 
-0.995912 0.0697566 -0.057424
-0.069872 -0.997557 5.02915e-08
-0.0572836 0.00401236 0.99835

  Inverse Direction: 
-0.995912 0.0697566 -0.057424
-0.069872 -0.997557 5.02915e-08
-0.0572836 0.00401236 0.99835

  PixelContainer: 
    ImportImageContainer (0x50736d0)
      RTTI typeinfo:   itk::ImportImageContainer<unsigned long, double>
      Reference Count: 1
      Modified Time: 2380
      Debug: Off
      Object Name: 
      Observers: 
        none
      Pointer: 0x7f0df7c02010
      Container manages memory: true
      Size: 9830400
      Capacity: 9830400

     Weighting = 1
     Sampling strategy = regular
     Number of bins = 32
     Radius = 4
     Sampling percentage  = 0.25
   Transform = Rigid
     Gradient step = 0.1
     Update field sigma (voxel space) = 0
     Total field sigma (voxel space) = 0
     Update field time sigma = 0
     Total field time sigma  = 0
     Number of time indices = 0
     Number of time point samples = 0
Stage 2 State
   Image metric = MattesMI
     Fixed image = Image (0x4eaa660)
  RTTI typeinfo:   itk::Image<double, 3u>
  Reference Count: 2
  Modified Time: 3161
  Debug: Off
  Object Name: 
  Observers: 
    none
  Source: (none)
  Source output name: (none)
  Release Data: Off
  Data Released: False
  Global Release Data: Off
  PipelineMTime: 0
  UpdateMTime: 2772
  RealTimeStamp: 0 seconds 
  LargestPossibleRegion: 
    Dimension: 3
    Index: [0, 0, 0]
    Size: [193, 229, 193]
  BufferedRegion: 
    Dimension: 3
    Index: [0, 0, 0]
    Size: [193, 229, 193]
  RequestedRegion: 
    Dimension: 3
    Index: [0, 0, 0]
    Size: [193, 229, 193]
  Spacing: [1, 1, 1]
  Origin: [96, 132, -78]
  Direction: 
-1 0 0
0 -1 0
0 0 1

  IndexToPointMatrix: 
-1 0 0
0 -1 0
0 0 1

  PointToIndexMatrix: 
-1 0 0
0 -1 0
0 0 1

  Inverse Direction: 
-1 0 0
0 -1 0
0 0 1

  PixelContainer: 
    ImportImageContainer (0x4ecd8a0)
      RTTI typeinfo:   itk::ImportImageContainer<unsigned long, double>
      Reference Count: 1
      Modified Time: 2769
      Debug: Off
      Object Name: 
      Observers: 
        none
      Pointer: 0x7f0df3aed010
      Container manages memory: true
      Size: 8530021
      Capacity: 8530021

     Moving image = Image (0x4eacd80)
  RTTI typeinfo:   itk::Image<double, 3u>
  Reference Count: 2
  Modified Time: 3162
  Debug: Off
  Object Name: 
  Observers: 
    none
  Source: (none)
  Source output name: (none)
  Release Data: Off
  Data Released: False
  Global Release Data: Off
  PipelineMTime: 0
  UpdateMTime: 3159
  RealTimeStamp: 0 seconds 
  LargestPossibleRegion: 
    Dimension: 3
    Index: [0, 0, 0]
    Size: [160, 240, 256]
  BufferedRegion: 
    Dimension: 3
    Index: [0, 0, 0]
    Size: [160, 240, 256]
  RequestedRegion: 
    Dimension: 3
    Index: [0, 0, 0]
    Size: [160, 240, 256]
  Spacing: [1, 1, 1]
  Origin: [91.5134, 94.282, -109.927]
  Direction: 
-0.99591 -0.0698718 -0.0572835
0.0697565 -0.997556 0.00401236
-0.0574239 5.01125e-08 0.99835

  IndexToPointMatrix: 
-0.99591 -0.0698718 -0.0572835
0.0697565 -0.997556 0.00401236
-0.0574239 5.01125e-08 0.99835

  PointToIndexMatrix: 
-0.995912 0.0697566 -0.057424
-0.069872 -0.997557 5.02915e-08
-0.0572836 0.00401236 0.99835

  Inverse Direction: 
-0.995912 0.0697566 -0.057424
-0.069872 -0.997557 5.02915e-08
-0.0572836 0.00401236 0.99835

  PixelContainer: 
    ImportImageContainer (0x4f734d0)
      RTTI typeinfo:   itk::ImportImageContainer<unsigned long, double>
      Reference Count: 1
      Modified Time: 3156
      Debug: Off
      Object Name: 
      Observers: 
        none
      Pointer: 0x7f0deefec010
      Container manages memory: true
      Size: 9830400
      Capacity: 9830400

     Weighting = 1
     Sampling strategy = regular
     Number of bins = 32
     Radius = 4
     Sampling percentage  = 0.25
   Transform = Affine
     Gradient step = 0.1
     Update field sigma (voxel space) = 0
     Total field sigma (voxel space) = 0
     Update field time sigma = 0
     Total field time sigma  = 0
     Number of time indices = 0
     Number of time point samples = 0
Stage 3 State
   Image metric = CC
     Fixed image = Image (0x4eabf30)
  RTTI typeinfo:   itk::Image<double, 3u>
  Reference Count: 2
  Modified Time: 3937
  Debug: Off
  Object Name: 
  Observers: 
    none
  Source: (none)
  Source output name: (none)
  Release Data: Off
  Data Released: False
  Global Release Data: Off
  PipelineMTime: 0
  UpdateMTime: 3548
  RealTimeStamp: 0 seconds 
  LargestPossibleRegion: 
    Dimension: 3
    Index: [0, 0, 0]
    Size: [193, 229, 193]
  BufferedRegion: 
    Dimension: 3
    Index: [0, 0, 0]
    Size: [193, 229, 193]
  RequestedRegion: 
    Dimension: 3
    Index: [0, 0, 0]
    Size: [193, 229, 193]
  Spacing: [1, 1, 1]
  Origin: [96, 132, -78]
  Direction: 
-1 0 0
0 -1 0
0 0 1

  IndexToPointMatrix: 
-1 0 0
0 -1 0
0 0 1

  PointToIndexMatrix: 
-1 0 0
0 -1 0
0 0 1

  Inverse Direction: 
-1 0 0
0 -1 0
0 0 1

  PixelContainer: 
    ImportImageContainer (0x506b8b0)
      RTTI typeinfo:   itk::ImportImageContainer<unsigned long, double>
      Reference Count: 1
      Modified Time: 3545
      Debug: Off
      Object Name: 
      Observers: 
        none
      Pointer: 0x7f0deaed7010
      Container manages memory: true
      Size: 8530021
      Capacity: 8530021

     Moving image = Image (0x4ea93f0)
  RTTI typeinfo:   itk::Image<double, 3u>
  Reference Count: 2
  Modified Time: 3938
  Debug: Off
  Object Name: 
  Observers: 
    none
  Source: (none)
  Source output name: (none)
  Release Data: Off
  Data Released: False
  Global Release Data: Off
  PipelineMTime: 0
  UpdateMTime: 3935
  RealTimeStamp: 0 seconds 
  LargestPossibleRegion: 
    Dimension: 3
    Index: [0, 0, 0]
    Size: [160, 240, 256]
  BufferedRegion: 
    Dimension: 3
    Index: [0, 0, 0]
    Size: [160, 240, 256]
  RequestedRegion: 
    Dimension: 3
    Index: [0, 0, 0]
    Size: [160, 240, 256]
  Spacing: [1, 1, 1]
  Origin: [91.5134, 94.282, -109.927]
  Direction: 
-0.99591 -0.0698718 -0.0572835
0.0697565 -0.997556 0.00401236
-0.0574239 5.01125e-08 0.99835

  IndexToPointMatrix: 
-0.99591 -0.0698718 -0.0572835
0.0697565 -0.997556 0.00401236
-0.0574239 5.01125e-08 0.99835

  PointToIndexMatrix: 
-0.995912 0.0697566 -0.057424
-0.069872 -0.997557 5.02915e-08
-0.0572836 0.00401236 0.99835

  Inverse Direction: 
-0.995912 0.0697566 -0.057424
-0.069872 -0.997557 5.02915e-08
-0.0572836 0.00401236 0.99835

  PixelContainer: 
    ImportImageContainer (0x50336d0)
      RTTI typeinfo:   itk::ImportImageContainer<unsigned long, double>
      Reference Count: 1
      Modified Time: 3932
      Debug: Off
      Object Name: 
      Observers: 
        none
      Pointer: 0x7f0de63d6010
      Container manages memory: true
      Size: 9830400
      Capacity: 9830400

     Weighting = 1
     Sampling strategy = none
     Number of bins = 32
     Radius = 4
     Sampling percentage  = 1
   Transform = SyN
     Gradient step = 0.1
     Update field sigma (voxel space) = 3
     Total field sigma (voxel space) = 0
     Update field time sigma = 0
     Total field time sigma  = 0
     Number of time indices = 0
     Number of time point samples = 0
Registration using 3 total stages.

Stage 0
  iterations = 1000x500x250x100
  convergence threshold = 1e-06
  convergence window size = 10
  number of levels = 4
  using the Mattes MI metric (number of bins = 32, weight = 1, use gradient filter = 0)
  preprocessing:  winsorizing the image intensities
  Shrink factors (level 1 out of 4): [8, 8, 8]
  Shrink factors (level 2 out of 4): [4, 4, 4]
  Shrink factors (level 3 out of 4): [2, 2, 2]
  Shrink factors (level 4 out of 4): [1, 1, 1]
  smoothing sigmas per level: [3, 2, 1, 0]
  regular sampling (percentage = 0.25)

*** Running Euler3DTransform registration ***

DIAGNOSTIC,Iteration,metricValue,convergenceValue,ITERATION_TIME_INDEX,SINCE_LAST
*/mnt/lustre/mathdugre/fast-interpolate/datasets/ds004513/derivatives/flint/antsRegistration/r8-p20/sub-s033/Stage1_level1_Iter0001.nii.gz
2DIAGNOSTIC,     1, -4.893891371211e-01, 1.797693134862e+308, 0.0000e+00, 0.0000e+00, 
*/mnt/lustre/mathdugre/fast-interpolate/datasets/ds004513/derivatives/flint/antsRegistration/r8-p20/sub-s033/Stage1_level1_Iter0002.nii.gz
2DIAGNOSTIC,     2, -4.906620898671e-01, 1.797693134862e+308, 0.0000e+00, 0.0000e+00, 
*/mnt/lustre/mathdugre/fast-interpolate/datasets/ds004513/derivatives/flint/antsRegistration/r8-p20/sub-s033/Stage1_level1_Iter0003.nii.gz
2DIAGNOSTIC,     3, -4.928660883599e-01, 1.797693134862e+308, 0.0000e+00, 0.0000e+00, 
*/mnt/lustre/mathdugre/fast-interpolate/datasets/ds004513/derivatives/flint/antsRegistration/r8-p20/sub-s033/Stage1_level1_Iter0004.nii.gz
2DIAGNOSTIC,     4, -4.966975761769e-01, 1.797693134862e+308, 0.0000e+00, 0.0000e+00, 
*/mnt/lustre/mathdugre/fast-interpolate/datasets/ds004513/derivatives/flint/antsRegistration/r8-p20/sub-s033/Stage1_level1_Iter0005.nii.gz
2DIAGNOSTIC,     5, -5.015095585977e-01, 1.797693134862e+308, 0.0000e+00, 0.0000e+00, 
*/mnt/lustre/mathdugre/fast-interpolate/datasets/ds004513/derivatives/flint/antsRegistration/r8-p20/sub-s033/Stage1_level1_Iter0006.nii.gz
2DIAGNOSTIC,     6, -5.063131688924e-01, 1.797693134862e+308, 0.0000e+00, 0.0000e+00, 
*/mnt/lustre/mathdugre/fast-interpolate/datasets/ds004513/derivatives/flint/antsRegistration/r8-p20/sub-s033/Stage1_level1_Iter0007.nii.gz
2DIAGNOSTIC,     7, -5.168863701466e-01, 1.797693134862e+308, 0.0000e+00, 0.0000e+00, 
*/mnt/lustre/mathdugre/fast-interpolate/datasets/ds004513/derivatives/flint/antsRegistration/r8-p20/sub-s033/Stage1_level1_Iter0008.nii.gz
2DIAGNOSTIC,     8, -5.258305367601e-01, 1.797693134862e+308, 0.0000e+00, 0.0000e+00, 
*/mnt/lustre/mathdugre/fast-interpolate/datasets/ds004513/derivatives/flint/antsRegistration/r8-p20/sub-s033/Stage1_level1_Iter0009.nii.gz
2DIAGNOSTIC,     9, -5.261793045098e-01, 1.797693134862e+308, 0.0000e+00, 0.0000e+00, 
*/mnt/lustre/mathdugre/fast-interpolate/datasets/ds004513/derivatives/flint/antsRegistration/r8-p20/sub-s033/Stage1_level1_Iter0010.nii.gz
2DIAGNOSTIC,    10, -5.272109301166e-01, 5.728960037231e-03, 0.0000e+00, 0.0000e+00, 
*/mnt/lustre/mathdugre/fast-interpolate/datasets/ds004513/derivatives/flint/antsRegistration/r8-p20/sub-s033/Stage1_level1_Iter0011.nii.gz
2DIAGNOSTIC,    11, -5.285493801024e-01, 5.162000656128e-03, 0.0000e+00, 0.0000e+00, 
*/mnt/lustre/mathdugre/fast-interpolate/datasets/ds004513/derivatives/flint/antsRegistration/r8-p20/sub-s033/Stage1_level1_Iter0012.nii.gz
2DIAGNOSTIC,    12, -5.313532897736e-01, 4.409849643707e-03, 0.0000e+00, 0.0000e+00, 
*/mnt/lustre/mathdugre/fast-interpolate/datasets/ds004513/derivatives/flint/antsRegistration/r8-p20/sub-s033/Stage1_level1_Iter0013.nii.gz
2DIAGNOSTIC,    13, -5.392456267237e-01, 3.797829151154e-03, 0.0000e+00, 0.0000e+00, 
*/mnt/lustre/mathdugre/fast-interpolate/datasets/ds004513/derivatives/flint/antsRegistration/r8-p20/sub-s033/Stage1_level1_Iter0014.nii.gz
2DIAGNOSTIC,    14, -5.456335734703e-01, 3.328859806061e-03, 0.0000e+00, 0.0000e+00, 
*/mnt/lustre/mathdugre/fast-interpolate/datasets/ds004513/derivatives/flint/antsRegistration/r8-p20/sub-s033/Stage1_level1_Iter0015.nii.gz
2DIAGNOSTIC,    15, -5.558663767887e-01, 3.172576427460e-03, 0.0000e+00, 0.0000e+00, 
*/mnt/lustre/mathdugre/fast-interpolate/datasets/ds004513/derivatives/flint/antsRegistration/r8-p20/sub-s033/Stage1_level1_Iter0016.nii.gz
2DIAGNOSTIC,    16, -5.649439318641e-01, 3.206908702850e-03, 0.0000e+00, 0.0000e+00, 
*/mnt/lustre/mathdugre/fast-interpolate/datasets/ds004513/derivatives/flint/antsRegistration/r8-p20/sub-s033/Stage1_level1_Iter0017.nii.gz
2DIAGNOSTIC,    17, -5.660455964919e-01, 3.304481506348e-03, 0.0000e+00, 0.0000e+00, 
*/mnt/lustre/mathdugre/fast-interpolate/datasets/ds004513/derivatives/flint/antsRegistration/r8-p20/sub-s033/Stage1_level1_Iter0018.nii.gz
2DIAGNOSTIC,    18, -5.670161587265e-01, 3.386795520782e-03, 0.0000e+00, 0.0000e+00, 
*/mnt/lustre/mathdugre/fast-interpolate/datasets/ds004513/derivatives/flint/antsRegistration/r8-p20/sub-s033/Stage1_level1_Iter0019.nii.gz
2DIAGNOSTIC,    19, -5.709593061391e-01, 3.267407417297e-03, 0.0000e+00, 0.0000e+00, 
*/mnt/lustre/mathdugre/fast-interpolate/datasets/ds004513/derivatives/flint/antsRegistration/r8-p20/sub-s033/Stage1_level1_Iter0020.nii.gz
2DIAGNOSTIC,    20, -5.784635887224e-01, 3.079921007156e-03, 0.0000e+00, 0.0000e+00, 
*/mnt/lustre/mathdugre/fast-interpolate/datasets/ds004513/derivatives/flint/antsRegistration/r8-p20/sub-s033/Stage1_level1_Iter0021.nii.gz
2DIAGNOSTIC,    21, -5.825939369926e-01, 2.758145332336e-03, 0.0000e+00, 0.0000e+00, 
*/mnt/lustre/mathdugre/fast-interpolate/datasets/ds004513/derivatives/flint/antsRegistration/r8-p20/sub-s033/Stage1_level1_Iter0022.nii.gz
2DIAGNOSTIC,    22, -5.874508948779e-01, 2.395600080490e-03, 0.0000e+00, 0.0000e+00, 
*/mnt/lustre/mathdugre/fast-interpolate/datasets/ds004513/derivatives/flint/antsRegistration/r8-p20/sub-s033/Stage1_level1_Iter0023.nii.gz
2DIAGNOSTIC,    23, -5.939088721405e-01, 2.174645662308e-03, 0.0000e+00, 0.0000e+00, 
*/mnt/lustre/mathdugre/fast-interpolate/datasets/ds004513/derivatives/flint/antsRegistration/r8-p20/sub-s033/Stage1_level1_Iter0024.nii.gz
2DIAGNOSTIC,    24, -5.990690608333e-01, 2.016156911850e-03, 0.0000e+00, 0.0000e+00, 
*/mnt/lustre/mathdugre/fast-interpolate/datasets/ds004513/derivatives/flint/antsRegistration/r8-p20/sub-s033/Stage1_level1_Iter0025.nii.gz
2DIAGNOSTIC,    25, -6.019657410347e-01, 1.949578523636e-03, 0.0000e+00, 0.0000e+00, 
*/mnt/lustre/mathdugre/fast-interpolate/datasets/ds004513/derivatives/flint/antsRegistration/r8-p20/sub-s033/Stage1_level1_Iter0026.nii.gz
2DIAGNOSTIC,    26, -6.024673637648e-01, 1.898258924484e-03, 0.0000e+00, 0.0000e+00, 
*/mnt/lustre/mathdugre/fast-interpolate/datasets/ds004513/derivatives/flint/antsRegistration/r8-p20/sub-s033/Stage1_level1_Iter0027.nii.gz
2DIAGNOSTIC,    27, -6.078699556624e-01, 1.799821853638e-03, 0.0000e+00, 0.0000e+00, 
*/mnt/lustre/mathdugre/fast-interpolate/datasets/ds004513/derivatives/flint/antsRegistration/r8-p20/sub-s033/Stage1_level1_Iter0028.nii.gz
2DIAGNOSTIC,    28, -6.347362182358e-01, 2.046406269073e-03, 0.0000e+00, 0.0000e+00, 
*/mnt/lustre/mathdugre/fast-interpolate/datasets/ds004513/derivatives/flint/antsRegistration/r8-p20/sub-s033/Stage1_level1_Iter0029.nii.gz
2DIAGNOSTIC,    29, -6.382698887233e-01, 2.197146415710e-03, 0.0000e+00, 0.0000e+00, 
*/mnt/lustre/mathdugre/fast-interpolate/datasets/ds004513/derivatives/flint/antsRegistration/r8-p20/sub-s033/Stage1_level1_Iter0030.nii.gz
2DIAGNOSTIC,    30, -6.392668668959e-01, 2.279162406921e-03, 0.0000e+00, 0.0000e+00, 
*/mnt/lustre/mathdugre/fast-interpolate/datasets/ds004513/derivatives/flint/antsRegistration/r8-p20/sub-s033/Stage1_level1_Iter0031.nii.gz
2DIAGNOSTIC,    31, -6.404212735849e-01, 2.234011888504e-03, 0.0000e+00, 0.0000e+00, 
*/mnt/lustre/mathdugre/fast-interpolate/datasets/ds004513/derivatives/flint/antsRegistration/r8-p20/sub-s033/Stage1_level1_Iter0032.nii.gz
2DIAGNOSTIC,    32, -6.422647920205e-01, 2.083480358124e-03, 0.0000e+00, 0.0000e+00, 
*/mnt/lustre/mathdugre/fast-interpolate/datasets/ds004513/derivatives/flint/antsRegistration/r8-p20/sub-s033/Stage1_level1_Iter0033.nii.gz
2DIAGNOSTIC,    33, -6.435883230459e-01, 1.855790615082e-03, 0.0000e+00, 0.0000e+00, 
*/mnt/lustre/mathdugre/fast-interpolate/datasets/ds004513/derivatives/flint/antsRegistration/r8-p20/sub-s033/Stage1_level1_Iter0034.nii.gz
2DIAGNOSTIC,    34, -6.439360714805e-01, 1.546919345856e-03, 0.0000e+00, 0.0000e+00, 
*/mnt/lustre/mathdugre/fast-interpolate/datasets/ds004513/derivatives/flint/antsRegistration/r8-p20/sub-s033/Stage1_level1_Iter0035.nii.gz
2DIAGNOSTIC,    35, -6.442353985364e-01, 1.164257526398e-03, 0.0000e+00, 0.0000e+00, 
*/mnt/lustre/mathdugre/fast-interpolate/datasets/ds004513/derivatives/flint/antsRegistration/r8-p20/sub-s033/Stage1_level1_Iter0036.nii.gz
2DIAGNOSTIC,    36, -6.446619464244e-01, 7.111132144928e-04, 0.0000e+00, 0.0000e+00, 
*/mnt/lustre/mathdugre/fast-interpolate/datasets/ds004513/derivatives/flint/antsRegistration/r8-p20/sub-s033/Stage1_level1_Iter0037.nii.gz
2DIAGNOSTIC,    37, -6.450653300431e-01, 2.857744693756e-04, 0.0000e+00, 0.0000e+00, 
*/mnt/lustre/mathdugre/fast-interpolate/datasets/ds004513/derivatives/flint/antsRegistration/r8-p20/sub-s033/Stage1_level1_Iter0038.nii.gz
2DIAGNOSTIC,    38, -6.455416259128e-01, 2.127885818481e-04, 0.0000e+00, 0.0000e+00, 
*/mnt/lustre/mathdugre/fast-interpolate/datasets/ds004513/derivatives/flint/antsRegistration/r8-p20/sub-s033/Stage1_level1_Iter0039.nii.gz
2DIAGNOSTIC,    39, -6.458073634687e-01, 1.717805862427e-04, 0.0000e+00, 0.0000e+00, 
*/mnt/lustre/mathdugre/fast-interpolate/datasets/ds004513/derivatives/flint/antsRegistration/r8-p20/sub-s033/Stage1_level1_Iter0040.nii.gz
2DIAGNOSTIC,    40, -6.459914218981e-01, 1.313984394073e-04, 0.0000e+00, 0.0000e+00, 
*/mnt/lustre/mathdugre/fast-interpolate/datasets/ds004513/derivatives/flint/antsRegistration/r8-p20/sub-s033/Stage1_level1_Iter0041.nii.gz
2DIAGNOSTIC,    41, -6.462247794311e-01, 9.697675704956e-05, 0.0000e+00, 0.0000e+00, 
*/mnt/lustre/mathdugre/fast-interpolate/datasets/ds004513/derivatives/flint/antsRegistration/r8-p20/sub-s033/Stage1_level1_Iter0042.nii.gz
2DIAGNOSTIC,    42, -6.465752213681e-01, 8.030235767365e-05, 0.0000e+00, 0.0000e+00, 
*/mnt/lustre/mathdugre/fast-interpolate/datasets/ds004513/derivatives/flint/antsRegistration/r8-p20/sub-s033/Stage1_level1_Iter0043.nii.gz
2DIAGNOSTIC,    43, -6.466184375252e-01, 7.215142250061e-05, 0.0000e+00, 0.0000e+00, 
*/mnt/lustre/mathdugre/fast-interpolate/datasets/ds004513/derivatives/flint/antsRegistration/r8-p20/sub-s033/Stage1_level1_Iter0044.nii.gz
2DIAGNOSTIC,    44, -6.466270204968e-01, 6.164610385895e-05, 0.0000e+00, 0.0000e+00, 
*/mnt/lustre/mathdugre/fast-interpolate/datasets/ds004513/derivatives/flint/antsRegistration/r8-p20/sub-s033/Stage1_level1_Iter0045.nii.gz
2DIAGNOSTIC,    45, -6.466162514320e-01, 4.892051219940e-05, 0.0000e+00, 0.0000e+00, 
*/mnt/lustre/mathdugre/fast-interpolate/datasets/ds004513/derivatives/flint/antsRegistration/r8-p20/sub-s033/Stage1_level1_Iter0046.nii.gz
2DIAGNOSTIC,    46, -6.466197817144e-01, 3.671646118164e-05, 0.0000e+00, 0.0000e+00, 
*/mnt/lustre/mathdugre/fast-interpolate/datasets/ds004513/derivatives/flint/antsRegistration/r8-p20/sub-s033/Stage1_level1_Iter0047.nii.gz
2DIAGNOSTIC,    47, -6.466208697627e-01, 2.560019493103e-05, 0.0000e+00, 0.0000e+00, 
*/mnt/lustre/mathdugre/fast-interpolate/datasets/ds004513/derivatives/flint/antsRegistration/r8-p20/sub-s033/Stage1_level1_Iter0048.nii.gz
2DIAGNOSTIC,    48, -6.466214035213e-01, 1.740455627441e-05, 0.0000e+00, 0.0000e+00, 
*/mnt/lustre/mathdugre/fast-interpolate/datasets/ds004513/derivatives/flint/antsRegistration/r8-p20/sub-s033/Stage1_level1_Iter0049.nii.gz
2DIAGNOSTIC,    49, -6.466225896426e-01, 1.059472560883e-05, 0.0000e+00, 0.0000e+00, 
*/mnt/lustre/mathdugre/fast-interpolate/datasets/ds004513/derivatives/flint/antsRegistration/r8-p20/sub-s033/Stage1_level1_Iter0050.nii.gz
2DIAGNOSTIC,    50, -6.466222964771e-01, 4.932284355164e-06, 0.0000e+00, 0.0000e+00, 
*/mnt/lustre/mathdugre/fast-interpolate/datasets/ds004513/derivatives/flint/antsRegistration/r8-p20/sub-s033/Stage1_level1_Iter0051.nii.gz
2DIAGNOSTIC,    51, -6.466242611191e-01, 1.177191734314e-06, 0.0000e+00, 0.0000e+00, 
DIAGNOSTIC,Iteration,metricValue,convergenceValue,ITERATION_TIME_INDEX,SINCE_LAST
*/mnt/lustre/mathdugre/fast-interpolate/datasets/ds004513/derivatives/flint/antsRegistration/r8-p20/sub-s033/Stage1_level2_Iter0001.nii.gz
2DIAGNOSTIC,     1, -5.349883370985e-01, 1.797693134862e+308, 0.0000e+00, 0.0000e+00, 
*/mnt/lustre/mathdugre/fast-interpolate/datasets/ds004513/derivatives/flint/antsRegistration/r8-p20/sub-s033/Stage1_level2_Iter0002.nii.gz
2DIAGNOSTIC,     2, -5.359320543906e-01, 1.797693134862e+308, 0.0000e+00, 0.0000e+00, 
*/mnt/lustre/mathdugre/fast-interpolate/datasets/ds004513/derivatives/flint/antsRegistration/r8-p20/sub-s033/Stage1_level2_Iter0003.nii.gz
2DIAGNOSTIC,     3, -5.372868819672e-01, 1.797693134862e+308, 0.0000e+00, 0.0000e+00, 
*/mnt/lustre/mathdugre/fast-interpolate/datasets/ds004513/derivatives/flint/antsRegistration/r8-p20/sub-s033/Stage1_level2_Iter0004.nii.gz
2DIAGNOSTIC,     4, -5.386147317180e-01, 1.797693134862e+308, 0.0000e+00, 0.0000e+00, 
*/mnt/lustre/mathdugre/fast-interpolate/datasets/ds004513/derivatives/flint/antsRegistration/r8-p20/sub-s033/Stage1_level2_Iter0005.nii.gz
2DIAGNOSTIC,     5, -5.403693797565e-01, 1.797693134862e+308, 0.0000e+00, 0.0000e+00, 
*/mnt/lustre/mathdugre/fast-interpolate/datasets/ds004513/derivatives/flint/antsRegistration/r8-p20/sub-s033/Stage1_level2_Iter0006.nii.gz
2DIAGNOSTIC,     6, -5.419272628778e-01, 1.797693134862e+308, 0.0000e+00, 0.0000e+00, 
*/mnt/lustre/mathdugre/fast-interpolate/datasets/ds004513/derivatives/flint/antsRegistration/r8-p20/sub-s033/Stage1_level2_Iter0007.nii.gz
2DIAGNOSTIC,     7, -5.430029480431e-01, 1.797693134862e+308, 0.0000e+00, 0.0000e+00, 
*/mnt/lustre/mathdugre/fast-interpolate/datasets/ds004513/derivatives/flint/antsRegistration/r8-p20/sub-s033/Stage1_level2_Iter0008.nii.gz
2DIAGNOSTIC,     8, -5.430295327244e-01, 1.797693134862e+308, 0.0000e+00, 0.0000e+00, 
*/mnt/lustre/mathdugre/fast-interpolate/datasets/ds004513/derivatives/flint/antsRegistration/r8-p20/sub-s033/Stage1_level2_Iter0009.nii.gz
2DIAGNOSTIC,     9, -5.435334955006e-01, 1.797693134862e+308, 0.0000e+00, 0.0000e+00, 
*/mnt/lustre/mathdugre/fast-interpolate/datasets/ds004513/derivatives/flint/antsRegistration/r8-p20/sub-s033/Stage1_level2_Iter0010.nii.gz
2DIAGNOSTIC,    10, -5.437765459246e-01, 1.148223876953e-03, 0.0000e+00, 0.0000e+00, 
*/mnt/lustre/mathdugre/fast-interpolate/datasets/ds004513/derivatives/flint/antsRegistration/r8-p20/sub-s033/Stage1_level2_Iter0011.nii.gz
2DIAGNOSTIC,    11, -5.438598292278e-01, 8.856654167175e-04, 0.0000e+00, 0.0000e+00, 
*/mnt/lustre/mathdugre/fast-interpolate/datasets/ds004513/derivatives/flint/antsRegistration/r8-p20/sub-s033/Stage1_level2_Iter0012.nii.gz
2DIAGNOSTIC,    12, -5.440969050776e-01, 6.392598152161e-04, 0.0000e+00, 0.0000e+00, 
*/mnt/lustre/mathdugre/fast-interpolate/datasets/ds004513/derivatives/flint/antsRegistration/r8-p20/sub-s033/Stage1_level2_Iter0013.nii.gz
2DIAGNOSTIC,    13, -5.443774145837e-01, 4.395246505737e-04, 0.0000e+00, 0.0000e+00, 
*/mnt/lustre/mathdugre/fast-interpolate/datasets/ds004513/derivatives/flint/antsRegistration/r8-p20/sub-s033/Stage1_level2_Iter0014.nii.gz
2DIAGNOSTIC,    14, -5.444901781668e-01, 2.819299697876e-04, 0.0000e+00, 0.0000e+00, 
*/mnt/lustre/mathdugre/fast-interpolate/datasets/ds004513/derivatives/flint/antsRegistration/r8-p20/sub-s033/Stage1_level2_Iter0015.nii.gz
2DIAGNOSTIC,    15, -5.445132307761e-01, 1.807808876038e-04, 0.0000e+00, 0.0000e+00, 
*/mnt/lustre/mathdugre/fast-interpolate/datasets/ds004513/derivatives/flint/antsRegistration/r8-p20/sub-s033/Stage1_level2_Iter0016.nii.gz
2DIAGNOSTIC,    16, -5.445191210108e-01, 1.266598701477e-04, 0.0000e+00, 0.0000e+00, 
*/mnt/lustre/mathdugre/fast-interpolate/datasets/ds004513/derivatives/flint/antsRegistration/r8-p20/sub-s033/Stage1_level2_Iter0017.nii.gz
2DIAGNOSTIC,    17, -5.445431814215e-01, 1.015663146973e-04, 0.0000e+00, 0.0000e+00, 
*/mnt/lustre/mathdugre/fast-interpolate/datasets/ds004513/derivatives/flint/antsRegistration/r8-p20/sub-s033/Stage1_level2_Iter0018.nii.gz
2DIAGNOSTIC,    18, -5.445590912062e-01, 7.081031799316e-05, 0.0000e+00, 0.0000e+00, 
*/mnt/lustre/mathdugre/fast-interpolate/datasets/ds004513/derivatives/flint/antsRegistration/r8-p20/sub-s033/Stage1_level2_Iter0019.nii.gz
2DIAGNOSTIC,    19, -5.446048911956e-01, 5.191564559937e-05, 0.0000e+00, 0.0000e+00, 
*/mnt/lustre/mathdugre/fast-interpolate/datasets/ds004513/derivatives/flint/antsRegistration/r8-p20/sub-s033/Stage1_level2_Iter0020.nii.gz
2DIAGNOSTIC,    20, -5.446560538033e-01, 3.808736801147e-05, 0.0000e+00, 0.0000e+00, 
*/mnt/lustre/mathdugre/fast-interpolate/datasets/ds004513/derivatives/flint/antsRegistration/r8-p20/sub-s033/Stage1_level2_Iter0021.nii.gz
2DIAGNOSTIC,    21, -5.447447338945e-01, 2.637505531311e-05, 0.0000e+00, 0.0000e+00, 
*/mnt/lustre/mathdugre/fast-interpolate/datasets/ds004513/derivatives/flint/antsRegistration/r8-p20/sub-s033/Stage1_level2_Iter0022.nii.gz
2DIAGNOSTIC,    22, -5.448462511840e-01, 2.127885818481e-05, 0.0000e+00, 0.0000e+00, 
*/mnt/lustre/mathdugre/fast-interpolate/datasets/ds004513/derivatives/flint/antsRegistration/r8-p20/sub-s033/Stage1_level2_Iter0023.nii.gz
2DIAGNOSTIC,    23, -5.449494311752e-01, 2.345442771912e-05, 0.0000e+00, 0.0000e+00, 
*/mnt/lustre/mathdugre/fast-interpolate/datasets/ds004513/derivatives/flint/antsRegistration/r8-p20/sub-s033/Stage1_level2_Iter0024.nii.gz
2DIAGNOSTIC,    24, -5.450894684050e-01, 2.872943878174e-05, 0.0000e+00, 0.0000e+00, 
*/mnt/lustre/mathdugre/fast-interpolate/datasets/ds004513/derivatives/flint/antsRegistration/r8-p20/sub-s033/Stage1_level2_Iter0025.nii.gz
2DIAGNOSTIC,    25, -5.452195109650e-01, 3.436207771301e-05, 0.0000e+00, 0.0000e+00, 
*/mnt/lustre/mathdugre/fast-interpolate/datasets/ds004513/derivatives/flint/antsRegistration/r8-p20/sub-s033/Stage1_level2_Iter0026.nii.gz
2DIAGNOSTIC,    26, -5.452460917114e-01, 3.692507743835e-05, 0.0000e+00, 0.0000e+00, 
*/mnt/lustre/mathdugre/fast-interpolate/datasets/ds004513/derivatives/flint/antsRegistration/r8-p20/sub-s033/Stage1_level2_Iter0027.nii.gz
2DIAGNOSTIC,    27, -5.452861480729e-01, 3.722310066223e-05, 0.0000e+00, 0.0000e+00, 
*/mnt/lustre/mathdugre/fast-interpolate/datasets/ds004513/derivatives/flint/antsRegistration/r8-p20/sub-s033/Stage1_level2_Iter0028.nii.gz
2DIAGNOSTIC,    28, -5.455115489884e-01, 3.862380981445e-05, 0.0000e+00, 0.0000e+00, 
*/mnt/lustre/mathdugre/fast-interpolate/datasets/ds004513/derivatives/flint/antsRegistration/r8-p20/sub-s033/Stage1_level2_Iter0029.nii.gz
2DIAGNOSTIC,    29, -5.464184083908e-01, 5.337595939636e-05, 0.0000e+00, 0.0000e+00, 
*/mnt/lustre/mathdugre/fast-interpolate/datasets/ds004513/derivatives/flint/antsRegistration/r8-p20/sub-s033/Stage1_level2_Iter0030.nii.gz
2DIAGNOSTIC,    30, -5.466883395902e-01, 6.741285324097e-05, 0.0000e+00, 0.0000e+00, 
*/mnt/lustre/mathdugre/fast-interpolate/datasets/ds004513/derivatives/flint/antsRegistration/r8-p20/sub-s033/Stage1_level2_Iter0031.nii.gz
2DIAGNOSTIC,    31, -5.468553340685e-01, 7.864832878113e-05, 0.0000e+00, 0.0000e+00, 
*/mnt/lustre/mathdugre/fast-interpolate/datasets/ds004513/derivatives/flint/antsRegistration/r8-p20/sub-s033/Stage1_level2_Iter0032.nii.gz
2DIAGNOSTIC,    32, -5.468542542038e-01, 8.368492126465e-05, 0.0000e+00, 0.0000e+00, 
*/mnt/lustre/mathdugre/fast-interpolate/datasets/ds004513/derivatives/flint/antsRegistration/r8-p20/sub-s033/Stage1_level2_Iter0033.nii.gz
2DIAGNOSTIC,    33, -5.468697423112e-01, 8.243322372437e-05, 0.0000e+00, 0.0000e+00, 
*/mnt/lustre/mathdugre/fast-interpolate/datasets/ds004513/derivatives/flint/antsRegistration/r8-p20/sub-s033/Stage1_level2_Iter0034.nii.gz
2DIAGNOSTIC,    34, -5.468719407231e-01, 7.537007331848e-05, 0.0000e+00, 0.0000e+00, 
*/mnt/lustre/mathdugre/fast-interpolate/datasets/ds004513/derivatives/flint/antsRegistration/r8-p20/sub-s033/Stage1_level2_Iter0035.nii.gz
2DIAGNOSTIC,    35, -5.468627945683e-01, 6.340444087982e-05, 0.0000e+00, 0.0000e+00, 
*/mnt/lustre/mathdugre/fast-interpolate/datasets/ds004513/derivatives/flint/antsRegistration/r8-p20/sub-s033/Stage1_level2_Iter0036.nii.gz
2DIAGNOSTIC,    36, -5.468536095440e-01, 4.662573337555e-05, 0.0000e+00, 0.0000e+00, 
*/mnt/lustre/mathdugre/fast-interpolate/datasets/ds004513/derivatives/flint/antsRegistration/r8-p20/sub-s033/Stage1_level2_Iter0037.nii.gz
2DIAGNOSTIC,    37, -5.468444864259e-01, 2.692639827728e-05, 0.0000e+00, 0.0000e+00, 
*/mnt/lustre/mathdugre/fast-interpolate/datasets/ds004513/derivatives/flint/antsRegistration/r8-p20/sub-s033/Stage1_level2_Iter0038.nii.gz
2DIAGNOSTIC,    38, -5.468456206500e-01, 8.612871170044e-06, 0.0000e+00, 0.0000e+00, 
*/mnt/lustre/mathdugre/fast-interpolate/datasets/ds004513/derivatives/flint/antsRegistration/r8-p20/sub-s033/Stage1_level2_Iter0039.nii.gz
2DIAGNOSTIC,    39, -5.468456970957e-01, 2.607703208923e-06, 0.0000e+00, 0.0000e+00, 
DIAGNOSTIC,Iteration,metricValue,convergenceValue,ITERATION_TIME_INDEX,SINCE_LAST
*/mnt/lustre/mathdugre/fast-interpolate/datasets/ds004513/derivatives/flint/antsRegistration/r8-p20/sub-s033/Stage1_level3_Iter0001.nii.gz
2DIAGNOSTIC,     1, -4.651593996987e-01, 1.797693134862e+308, 0.0000e+00, 0.0000e+00, 
*/mnt/lustre/mathdugre/fast-interpolate/datasets/ds004513/derivatives/flint/antsRegistration/r8-p20/sub-s033/Stage1_level3_Iter0002.nii.gz
2DIAGNOSTIC,     2, -4.653568747178e-01, 1.797693134862e+308, 0.0000e+00, 0.0000e+00, 
*/mnt/lustre/mathdugre/fast-interpolate/datasets/ds004513/derivatives/flint/antsRegistration/r8-p20/sub-s033/Stage1_level3_Iter0003.nii.gz
2DIAGNOSTIC,     3, -4.654811562840e-01, 1.797693134862e+308, 0.0000e+00, 0.0000e+00, 
*/mnt/lustre/mathdugre/fast-interpolate/datasets/ds004513/derivatives/flint/antsRegistration/r8-p20/sub-s033/Stage1_level3_Iter0004.nii.gz
2DIAGNOSTIC,     4, -4.656622601886e-01, 1.797693134862e+308, 0.0000e+00, 0.0000e+00, 
*/mnt/lustre/mathdugre/fast-interpolate/datasets/ds004513/derivatives/flint/antsRegistration/r8-p20/sub-s033/Stage1_level3_Iter0005.nii.gz
2DIAGNOSTIC,     5, -4.658845927200e-01, 1.797693134862e+308, 0.0000e+00, 0.0000e+00, 
*/mnt/lustre/mathdugre/fast-interpolate/datasets/ds004513/derivatives/flint/antsRegistration/r8-p20/sub-s033/Stage1_level3_Iter0006.nii.gz
2DIAGNOSTIC,     6, -4.661776668141e-01, 1.797693134862e+308, 0.0000e+00, 0.0000e+00, 
*/mnt/lustre/mathdugre/fast-interpolate/datasets/ds004513/derivatives/flint/antsRegistration/r8-p20/sub-s033/Stage1_level3_Iter0007.nii.gz
2DIAGNOSTIC,     7, -4.666197126294e-01, 1.797693134862e+308, 0.0000e+00, 0.0000e+00, 
*/mnt/lustre/mathdugre/fast-interpolate/datasets/ds004513/derivatives/flint/antsRegistration/r8-p20/sub-s033/Stage1_level3_Iter0008.nii.gz
2DIAGNOSTIC,     8, -4.668627102903e-01, 1.797693134862e+308, 0.0000e+00, 0.0000e+00, 
*/mnt/lustre/mathdugre/fast-interpolate/datasets/ds004513/derivatives/flint/antsRegistration/r8-p20/sub-s033/Stage1_level3_Iter0009.nii.gz
2DIAGNOSTIC,     9, -4.668644281845e-01, 1.797693134862e+308, 0.0000e+00, 0.0000e+00, 
*/mnt/lustre/mathdugre/fast-interpolate/datasets/ds004513/derivatives/flint/antsRegistration/r8-p20/sub-s033/Stage1_level3_Iter0010.nii.gz
2DIAGNOSTIC,    10, -4.668934487584e-01, 2.785921096802e-04, 0.0000e+00, 0.0000e+00, 
*/mnt/lustre/mathdugre/fast-interpolate/datasets/ds004513/derivatives/flint/antsRegistration/r8-p20/sub-s033/Stage1_level3_Iter0011.nii.gz
2DIAGNOSTIC,    11, -4.669683404187e-01, 2.366304397583e-04, 0.0000e+00, 0.0000e+00, 
*/mnt/lustre/mathdugre/fast-interpolate/datasets/ds004513/derivatives/flint/antsRegistration/r8-p20/sub-s033/Stage1_level3_Iter0012.nii.gz
2DIAGNOSTIC,    12, -4.670912686716e-01, 1.967549324036e-04, 0.0000e+00, 0.0000e+00, 
*/mnt/lustre/mathdugre/fast-interpolate/datasets/ds004513/derivatives/flint/antsRegistration/r8-p20/sub-s033/Stage1_level3_Iter0013.nii.gz
2DIAGNOSTIC,    13, -4.670946550281e-01, 1.510381698608e-04, 0.0000e+00, 0.0000e+00, 
*/mnt/lustre/mathdugre/fast-interpolate/datasets/ds004513/derivatives/flint/antsRegistration/r8-p20/sub-s033/Stage1_level3_Iter0014.nii.gz
2DIAGNOSTIC,    14, -4.671142082973e-01, 1.074671745300e-04, 0.0000e+00, 0.0000e+00, 
*/mnt/lustre/mathdugre/fast-interpolate/datasets/ds004513/derivatives/flint/antsRegistration/r8-p20/sub-s033/Stage1_level3_Iter0015.nii.gz
2DIAGNOSTIC,    15, -4.671217988094e-01, 6.943941116333e-05, 0.0000e+00, 0.0000e+00, 
*/mnt/lustre/mathdugre/fast-interpolate/datasets/ds004513/derivatives/flint/antsRegistration/r8-p20/sub-s033/Stage1_level3_Iter0016.nii.gz
2DIAGNOSTIC,    16, -4.671225582886e-01, 4.076957702637e-05, 0.0000e+00, 0.0000e+00, 
*/mnt/lustre/mathdugre/fast-interpolate/datasets/ds004513/derivatives/flint/antsRegistration/r8-p20/sub-s033/Stage1_level3_Iter0017.nii.gz
2DIAGNOSTIC,    17, -4.671219431539e-01, 2.735853195190e-05, 0.0000e+00, 0.0000e+00, 
*/mnt/lustre/mathdugre/fast-interpolate/datasets/ds004513/derivatives/flint/antsRegistration/r8-p20/sub-s033/Stage1_level3_Iter0018.nii.gz
2DIAGNOSTIC,    18, -4.671223290170e-01, 2.148747444153e-05, 0.0000e+00, 0.0000e+00, 
*/mnt/lustre/mathdugre/fast-interpolate/datasets/ds004513/derivatives/flint/antsRegistration/r8-p20/sub-s033/Stage1_level3_Iter0019.nii.gz
2DIAGNOSTIC,    19, -4.671222625043e-01, 1.445412635803e-05, 0.0000e+00, 0.0000e+00, 
*/mnt/lustre/mathdugre/fast-interpolate/datasets/ds004513/derivatives/flint/antsRegistration/r8-p20/sub-s033/Stage1_level3_Iter0020.nii.gz
2DIAGNOSTIC,    20, -4.671211285209e-01, 7.718801498413e-06, 0.0000e+00, 0.0000e+00, 
*/mnt/lustre/mathdugre/fast-interpolate/datasets/ds004513/derivatives/flint/antsRegistration/r8-p20/sub-s033/Stage1_level3_Iter0021.nii.gz
2DIAGNOSTIC,    21, -4.671212934185e-01, 3.218650817871e-06, 0.0000e+00, 0.0000e+00, 
*/mnt/lustre/mathdugre/fast-interpolate/datasets/ds004513/derivatives/flint/antsRegistration/r8-p20/sub-s033/Stage1_level3_Iter0022.nii.gz
2DIAGNOSTIC,    22, -4.671209673146e-01, 2.324581146240e-06, 0.0000e+00, 0.0000e+00, 
*/mnt/lustre/mathdugre/fast-interpolate/datasets/ds004513/derivatives/flint/antsRegistration/r8-p20/sub-s033/Stage1_level3_Iter0023.nii.gz
2DIAGNOSTIC,    23, -4.671202662164e-01, 1.460313796997e-06, 0.0000e+00, 0.0000e+00, 
*/mnt/lustre/mathdugre/fast-interpolate/datasets/ds004513/derivatives/flint/antsRegistration/r8-p20/sub-s033/Stage1_level3_Iter0024.nii.gz
2DIAGNOSTIC,    24, -4.671202739991e-01, 1.162290573120e-06, 0.0000e+00, 0.0000e+00, 
*/mnt/lustre/mathdugre/fast-interpolate/datasets/ds004513/derivatives/flint/antsRegistration/r8-p20/sub-s033/Stage1_level3_Iter0025.nii.gz
2DIAGNOSTIC,    25, -4.671213916870e-01, 1.072883605957e-06, 0.0000e+00, 0.0000e+00, 
*/mnt/lustre/mathdugre/fast-interpolate/datasets/ds004513/derivatives/flint/antsRegistration/r8-p20/sub-s033/Stage1_level3_Iter0026.nii.gz
2DIAGNOSTIC,    26, -4.671212650826e-01, 1.132488250732e-06, 0.0000e+00, 0.0000e+00, 
*/mnt/lustre/mathdugre/fast-interpolate/datasets/ds004513/derivatives/flint/antsRegistration/r8-p20/sub-s033/Stage1_level3_Iter0027.nii.gz
2DIAGNOSTIC,    27, -4.671217679113e-01, 1.102685928345e-06, 0.0000e+00, 0.0000e+00, 
*/mnt/lustre/mathdugre/fast-interpolate/datasets/ds004513/derivatives/flint/antsRegistration/r8-p20/sub-s033/Stage1_level3_Iter0028.nii.gz
2DIAGNOSTIC,    28, -4.671217576170e-01, 1.102685928345e-06, 0.0000e+00, 0.0000e+00, 
