
##########################
# Experiment information #
##########################

EXPERIMENT_NAME: r8-p21
VFC_BACKENDS: libinterflop_vprec.so --range-binary32=8 --precision-binary32=21 --range-binary64=8 --precision-binary64=21

SIF_IMG: /mnt/lustre/mathdugre/containers/ants-vprec-no_metric.simg

SUBJECT_ID: s025
INPUT_IMG: /mnt/lustre/mathdugre/fast-interpolate/datasets/ds004513/derivatives/flint/antsBrainExtraction/sub-s025/BrainExtractionBrain.nii.gz
OUTPUT_DIR: /mnt/lustre/mathdugre/fast-interpolate/datasets/ds004513/derivatives/flint/antsRegistration/r8-p21/sub-s025

FIXED_IMG: /templateflow/tpl-MNI152NLin2009cAsym/tpl-MNI152NLin2009cAsym_res-01_desc-brain_T1w.nii.gz
DATA_DIR: /mnt/lustre/mathdugre/fast-interpolate/datasets/ds004513
TEMPLATEFLOW_DIR: /home/mathdugre/.cache/templateflow
ITK_GLOBAL_DEFAULT_NUMBER_OF_THREADS: 4
##########################

Info [verificarlo]: loaded backend libinterflop_vprec.so
Info [interflop-vprec]: load backend with: 
Info [interflop-vprec]: precision-binary32 = 21
Info [interflop-vprec]: range-binary32 = 8
Info [interflop-vprec]: precision-binary64 = 21
Info [interflop-vprec]: range-binary64 = 8
Info [interflop-vprec]: mode = ob
Info [interflop-vprec]: error-mode = rel
Info [interflop-vprec]: max-abs-error-exponent = -1022
Info [interflop-vprec]: daz = false
Info [interflop-vprec]: ftz = false
Info [interflop-vprec]: 	instrument = none
Info [interflop-vprec]: 	prec-input-file = (null)
Info [interflop-vprec]: 	prec-output-file = (null)
Info [interflop-vprec]: 	prec-log-file = (null)
All_Command_lines_OK
Using double precision for computations.
=============================================================================
The composite transform comprises the following transforms (in order): 
  1. Center of mass alignment using fixed image: /templateflow/tpl-MNI152NLin2009cAsym/tpl-MNI152NLin2009cAsym_res-01_desc-brain_T1w.nii.gz and moving image: /mnt/lustre/mathdugre/fast-interpolate/datasets/ds004513/derivatives/flint/antsBrainExtraction/sub-s025/BrainExtractionBrain.nii.gz (type = Euler3DTransform)
=============================================================================
  number of levels = 4
  number of levels = 4
  number of levels = 4
  fixed image: /templateflow/tpl-MNI152NLin2009cAsym/tpl-MNI152NLin2009cAsym_res-01_desc-brain_T1w.nii.gz
  moving image: /mnt/lustre/mathdugre/fast-interpolate/datasets/ds004513/derivatives/flint/antsBrainExtraction/sub-s025/BrainExtractionBrain.nii.gz
  fixed image: /templateflow/tpl-MNI152NLin2009cAsym/tpl-MNI152NLin2009cAsym_res-01_desc-brain_T1w.nii.gz
  moving image: /mnt/lustre/mathdugre/fast-interpolate/datasets/ds004513/derivatives/flint/antsBrainExtraction/sub-s025/BrainExtractionBrain.nii.gz
  fixed image: /templateflow/tpl-MNI152NLin2009cAsym/tpl-MNI152NLin2009cAsym_res-01_desc-brain_T1w.nii.gz
  moving image: /mnt/lustre/mathdugre/fast-interpolate/datasets/ds004513/derivatives/flint/antsBrainExtraction/sub-s025/BrainExtractionBrain.nii.gz
Dimension = 3
Number of stages = 3
Use histogram matching = false
Winsorize image intensities = true
  Lower quantile = 0.005
  Upper quantile = 0.995


Stage 1 State
   Image metric = MattesMI
     Fixed image = Image (0x3404b30)
  RTTI typeinfo:   itk::Image<double, 3u>
  Reference Count: 2
  Modified Time: 2389
  Debug: Off
  Object Name: 
  Observers: 
    none
  Source: (none)
  Source output name: (none)
  Release Data: Off
  Data Released: False
  Global Release Data: Off
  PipelineMTime: 0
  UpdateMTime: 1998
  RealTimeStamp: 0 seconds 
  LargestPossibleRegion: 
    Dimension: 3
    Index: [0, 0, 0]
    Size: [193, 229, 193]
  BufferedRegion: 
    Dimension: 3
    Index: [0, 0, 0]
    Size: [193, 229, 193]
  RequestedRegion: 
    Dimension: 3
    Index: [0, 0, 0]
    Size: [193, 229, 193]
  Spacing: [1, 1, 1]
  Origin: [96, 132, -78]
  Direction: 
-1 0 0
0 -1 0
0 0 1

  IndexToPointMatrix: 
-1 0 0
0 -1 0
0 0 1

  PointToIndexMatrix: 
-1 0 0
0 -1 0
0 0 1

  Inverse Direction: 
-1 0 0
0 -1 0
0 0 1

  PixelContainer: 
    ImportImageContainer (0x342c6b0)
      RTTI typeinfo:   itk::ImportImageContainer<unsigned long, double>
      Reference Count: 1
      Modified Time: 1995
      Debug: Off
      Object Name: 
      Observers: 
        none
      Pointer: 0x7f352e91c010
      Container manages memory: true
      Size: 8530021
      Capacity: 8530021

     Moving image = Image (0x3400400)
  RTTI typeinfo:   itk::Image<double, 3u>
  Reference Count: 2
  Modified Time: 2390
  Debug: Off
  Object Name: 
  Observers: 
    none
  Source: (none)
  Source output name: (none)
  Release Data: Off
  Data Released: False
  Global Release Data: Off
  PipelineMTime: 0
  UpdateMTime: 2387
  RealTimeStamp: 0 seconds 
  LargestPossibleRegion: 
    Dimension: 3
    Index: [0, 0, 0]
    Size: [176, 240, 256]
  BufferedRegion: 
    Dimension: 3
    Index: [0, 0, 0]
    Size: [176, 240, 256]
  RequestedRegion: 
    Dimension: 3
    Index: [0, 0, 0]
    Size: [176, 240, 256]
  Spacing: [0.999999, 1, 1]
  Origin: [90.3778, 84.5091, -154.071]
  Direction: 
-0.999391 7.48184e-06 -0.0348969
-7.47664e-06 -1 -2.7953e-07
-0.0348969 -1.84481e-08 0.999391

  IndexToPointMatrix: 
-0.999389 7.48184e-06 -0.0348969
-7.47663e-06 -1 -2.7953e-07
-0.0348968 -1.84481e-08 0.999391

  PointToIndexMatrix: 
-0.999392 -7.47665e-06 -0.0348969
7.49328e-06 -1 -3.46051e-07
-0.0348969 -6.07333e-07 0.999391

  Inverse Direction: 
-0.999391 -7.47664e-06 -0.0348969
7.49328e-06 -1 -3.46051e-07
-0.0348969 -6.07333e-07 0.999391

  PixelContainer: 
    ImportImageContainer (0x35d46d0)
      RTTI typeinfo:   itk::ImportImageContainer<unsigned long, double>
      Reference Count: 1
      Modified Time: 2384
      Debug: Off
      Object Name: 
      Observers: 
        none
      Pointer: 0x7f352969b010
      Container manages memory: true
      Size: 10813440
      Capacity: 10813440

     Weighting = 1
     Sampling strategy = regular
     Number of bins = 32
     Radius = 4
     Sampling percentage  = 0.25
   Transform = Rigid
     Gradient step = 0.1
     Update field sigma (voxel space) = 0
     Total field sigma (voxel space) = 0
     Update field time sigma = 0
     Total field time sigma  = 0
     Number of time indices = 0
     Number of time point samples = 0
Stage 2 State
   Image metric = MattesMI
     Fixed image = Image (0x3420d50)
  RTTI typeinfo:   itk::Image<double, 3u>
  Reference Count: 2
  Modified Time: 3167
  Debug: Off
  Object Name: 
  Observers: 
    none
  Source: (none)
  Source output name: (none)
  Release Data: Off
  Data Released: False
  Global Release Data: Off
  PipelineMTime: 0
  UpdateMTime: 2776
  RealTimeStamp: 0 seconds 
  LargestPossibleRegion: 
    Dimension: 3
    Index: [0, 0, 0]
    Size: [193, 229, 193]
  BufferedRegion: 
    Dimension: 3
    Index: [0, 0, 0]
    Size: [193, 229, 193]
  RequestedRegion: 
    Dimension: 3
    Index: [0, 0, 0]
    Size: [193, 229, 193]
  Spacing: [1, 1, 1]
  Origin: [96, 132, -78]
  Direction: 
-1 0 0
0 -1 0
0 0 1

  IndexToPointMatrix: 
-1 0 0
0 -1 0
0 0 1

  PointToIndexMatrix: 
-1 0 0
0 -1 0
0 0 1

  Inverse Direction: 
-1 0 0
0 -1 0
0 0 1

  PixelContainer: 
    ImportImageContainer (0x34dc570)
      RTTI typeinfo:   itk::ImportImageContainer<unsigned long, double>
      Reference Count: 1
      Modified Time: 2773
      Debug: Off
      Object Name: 
      Observers: 
        none
      Pointer: 0x7f3525586010
      Container manages memory: true
      Size: 8530021
      Capacity: 8530021

     Moving image = Image (0x340af50)
  RTTI typeinfo:   itk::Image<double, 3u>
  Reference Count: 2
  Modified Time: 3168
  Debug: Off
  Object Name: 
  Observers: 
    none
  Source: (none)
  Source output name: (none)
  Release Data: Off
  Data Released: False
  Global Release Data: Off
  PipelineMTime: 0
  UpdateMTime: 3165
  RealTimeStamp: 0 seconds 
  LargestPossibleRegion: 
    Dimension: 3
    Index: [0, 0, 0]
    Size: [176, 240, 256]
  BufferedRegion: 
    Dimension: 3
    Index: [0, 0, 0]
    Size: [176, 240, 256]
  RequestedRegion: 
    Dimension: 3
    Index: [0, 0, 0]
    Size: [176, 240, 256]
  Spacing: [0.999999, 1, 1]
  Origin: [90.3778, 84.5091, -154.071]
  Direction: 
-0.999391 7.48184e-06 -0.0348969
-7.47664e-06 -1 -2.7953e-07
-0.0348969 -1.84481e-08 0.999391

  IndexToPointMatrix: 
-0.999389 7.48184e-06 -0.0348969
-7.47663e-06 -1 -2.7953e-07
-0.0348968 -1.84481e-08 0.999391

  PointToIndexMatrix: 
-0.999392 -7.47665e-06 -0.0348969
7.49328e-06 -1 -3.46051e-07
-0.0348969 -6.07333e-07 0.999391

  Inverse Direction: 
-0.999391 -7.47664e-06 -0.0348969
7.49328e-06 -1 -3.46051e-07
-0.0348969 -6.07333e-07 0.999391

  PixelContainer: 
    ImportImageContainer (0x35b4650)
      RTTI typeinfo:   itk::ImportImageContainer<unsigned long, double>
      Reference Count: 1
      Modified Time: 3162
      Debug: Off
      Object Name: 
      Observers: 
        none
      Pointer: 0x7f3520305010
      Container manages memory: true
      Size: 10813440
      Capacity: 10813440

     Weighting = 1
     Sampling strategy = regular
     Number of bins = 32
     Radius = 4
     Sampling percentage  = 0.25
   Transform = Affine
     Gradient step = 0.1
     Update field sigma (voxel space) = 0
     Total field sigma (voxel space) = 0
     Update field time sigma = 0
     Total field time sigma  = 0
     Number of time indices = 0
     Number of time point samples = 0
Stage 3 State
   Image metric = CC
     Fixed image = Image (0x340bcf0)
  RTTI typeinfo:   itk::Image<double, 3u>
  Reference Count: 2
  Modified Time: 3945
  Debug: Off
  Object Name: 
  Observers: 
    none
  Source: (none)
  Source output name: (none)
  Release Data: Off
  Data Released: False
  Global Release Data: Off
  PipelineMTime: 0
  UpdateMTime: 3554
  RealTimeStamp: 0 seconds 
  LargestPossibleRegion: 
    Dimension: 3
    Index: [0, 0, 0]
    Size: [193, 229, 193]
  BufferedRegion: 
    Dimension: 3
    Index: [0, 0, 0]
    Size: [193, 229, 193]
  RequestedRegion: 
    Dimension: 3
    Index: [0, 0, 0]
    Size: [193, 229, 193]
  Spacing: [1, 1, 1]
  Origin: [96, 132, -78]
  Direction: 
-1 0 0
0 -1 0
0 0 1

  IndexToPointMatrix: 
-1 0 0
0 -1 0
0 0 1

  PointToIndexMatrix: 
-1 0 0
0 -1 0
0 0 1

  Inverse Direction: 
-1 0 0
0 -1 0
0 0 1

  PixelContainer: 
    ImportImageContainer (0x34ec6b0)
      RTTI typeinfo:   itk::ImportImageContainer<unsigned long, double>
      Reference Count: 1
      Modified Time: 3551
      Debug: Off
      Object Name: 
      Observers: 
        none
      Pointer: 0x7f351c1f0010
      Container manages memory: true
      Size: 8530021
      Capacity: 8530021

     Moving image = Image (0x341d480)
  RTTI typeinfo:   itk::Image<double, 3u>
  Reference Count: 2
  Modified Time: 3946
  Debug: Off
  Object Name: 
  Observers: 
    none
  Source: (none)
  Source output name: (none)
  Release Data: Off
  Data Released: False
  Global Release Data: Off
  PipelineMTime: 0
  UpdateMTime: 3943
  RealTimeStamp: 0 seconds 
  LargestPossibleRegion: 
    Dimension: 3
    Index: [0, 0, 0]
    Size: [176, 240, 256]
  BufferedRegion: 
    Dimension: 3
    Index: [0, 0, 0]
    Size: [176, 240, 256]
  RequestedRegion: 
    Dimension: 3
    Index: [0, 0, 0]
    Size: [176, 240, 256]
  Spacing: [0.999999, 1, 1]
  Origin: [90.3778, 84.5091, -154.071]
  Direction: 
-0.999391 7.48184e-06 -0.0348969
-7.47664e-06 -1 -2.7953e-07
-0.0348969 -1.84481e-08 0.999391

  IndexToPointMatrix: 
-0.999389 7.48184e-06 -0.0348969
-7.47663e-06 -1 -2.7953e-07
-0.0348968 -1.84481e-08 0.999391

  PointToIndexMatrix: 
-0.999392 -7.47665e-06 -0.0348969
7.49328e-06 -1 -3.46051e-07
-0.0348969 -6.07333e-07 0.999391

  Inverse Direction: 
-0.999391 -7.47664e-06 -0.0348969
7.49328e-06 -1 -3.46051e-07
-0.0348969 -6.07333e-07 0.999391

  PixelContainer: 
    ImportImageContainer (0x357c750)
      RTTI typeinfo:   itk::ImportImageContainer<unsigned long, double>
      Reference Count: 1
      Modified Time: 3940
      Debug: Off
      Object Name: 
      Observers: 
        none
      Pointer: 0x7f3516f6f010
      Container manages memory: true
      Size: 10813440
      Capacity: 10813440

     Weighting = 1
     Sampling strategy = none
     Number of bins = 32
     Radius = 4
     Sampling percentage  = 1
   Transform = SyN
     Gradient step = 0.1
     Update field sigma (voxel space) = 3
     Total field sigma (voxel space) = 0
     Update field time sigma = 0
     Total field time sigma  = 0
     Number of time indices = 0
     Number of time point samples = 0
Registration using 3 total stages.

Stage 0
  iterations = 1000x500x250x100
  convergence threshold = 1e-06
  convergence window size = 10
  number of levels = 4
  using the Mattes MI metric (number of bins = 32, weight = 1, use gradient filter = 0)
  preprocessing:  winsorizing the image intensities
  Shrink factors (level 1 out of 4): [8, 8, 8]
  Shrink factors (level 2 out of 4): [4, 4, 4]
  Shrink factors (level 3 out of 4): [2, 2, 2]
  Shrink factors (level 4 out of 4): [1, 1, 1]
  smoothing sigmas per level: [3, 2, 1, 0]
  regular sampling (percentage = 0.25)

*** Running Euler3DTransform registration ***

DIAGNOSTIC,Iteration,metricValue,convergenceValue,ITERATION_TIME_INDEX,SINCE_LAST
*/mnt/lustre/mathdugre/fast-interpolate/datasets/ds004513/derivatives/flint/antsRegistration/r8-p21/sub-s025/Stage1_level1_Iter0001.nii.gz
2DIAGNOSTIC,     1, -5.329516352036e-01, 1.797693134862e+308, 0.0000e+00, 0.0000e+00, 
*/mnt/lustre/mathdugre/fast-interpolate/datasets/ds004513/derivatives/flint/antsRegistration/r8-p21/sub-s025/Stage1_level1_Iter0002.nii.gz
2DIAGNOSTIC,     2, -5.350437123890e-01, 1.797693134862e+308, 0.0000e+00, 0.0000e+00, 
*/mnt/lustre/mathdugre/fast-interpolate/datasets/ds004513/derivatives/flint/antsRegistration/r8-p21/sub-s025/Stage1_level1_Iter0003.nii.gz
2DIAGNOSTIC,     3, -5.381203954814e-01, 1.797693134862e+308, 0.0000e+00, 0.0000e+00, 
*/mnt/lustre/mathdugre/fast-interpolate/datasets/ds004513/derivatives/flint/antsRegistration/r8-p21/sub-s025/Stage1_level1_Iter0004.nii.gz
2DIAGNOSTIC,     4, -5.425968107899e-01, 1.797693134862e+308, 0.0000e+00, 0.0000e+00, 
*/mnt/lustre/mathdugre/fast-interpolate/datasets/ds004513/derivatives/flint/antsRegistration/r8-p21/sub-s025/Stage1_level1_Iter0005.nii.gz
2DIAGNOSTIC,     5, -5.489591210893e-01, 1.797693134862e+308, 0.0000e+00, 0.0000e+00, 
*/mnt/lustre/mathdugre/fast-interpolate/datasets/ds004513/derivatives/flint/antsRegistration/r8-p21/sub-s025/Stage1_level1_Iter0006.nii.gz
2DIAGNOSTIC,     6, -5.543156298960e-01, 1.797693134862e+308, 0.0000e+00, 0.0000e+00, 
*/mnt/lustre/mathdugre/fast-interpolate/datasets/ds004513/derivatives/flint/antsRegistration/r8-p21/sub-s025/Stage1_level1_Iter0007.nii.gz
2DIAGNOSTIC,     7, -5.628321539009e-01, 1.797693134862e+308, 0.0000e+00, 0.0000e+00, 
*/mnt/lustre/mathdugre/fast-interpolate/datasets/ds004513/derivatives/flint/antsRegistration/r8-p21/sub-s025/Stage1_level1_Iter0008.nii.gz
2DIAGNOSTIC,     8, -5.762952859459e-01, 1.797693134862e+308, 0.0000e+00, 0.0000e+00, 
*/mnt/lustre/mathdugre/fast-interpolate/datasets/ds004513/derivatives/flint/antsRegistration/r8-p21/sub-s025/Stage1_level1_Iter0009.nii.gz
2DIAGNOSTIC,     9, -5.880724471937e-01, 1.797693134862e+308, 0.0000e+00, 0.0000e+00, 
*/mnt/lustre/mathdugre/fast-interpolate/datasets/ds004513/derivatives/flint/antsRegistration/r8-p21/sub-s025/Stage1_level1_Iter0010.nii.gz
2DIAGNOSTIC,    10, -5.935436017205e-01, 7.349938154221e-03, 0.0000e+00, 0.0000e+00, 
*/mnt/lustre/mathdugre/fast-interpolate/datasets/ds004513/derivatives/flint/antsRegistration/r8-p21/sub-s025/Stage1_level1_Iter0011.nii.gz
2DIAGNOSTIC,    11, -5.961618986112e-01, 7.173210382462e-03, 0.0000e+00, 0.0000e+00, 
*/mnt/lustre/mathdugre/fast-interpolate/datasets/ds004513/derivatives/flint/antsRegistration/r8-p21/sub-s025/Stage1_level1_Iter0012.nii.gz
2DIAGNOSTIC,    12, -6.055857866450e-01, 6.863951683044e-03, 0.0000e+00, 0.0000e+00, 
*/mnt/lustre/mathdugre/fast-interpolate/datasets/ds004513/derivatives/flint/antsRegistration/r8-p21/sub-s025/Stage1_level1_Iter0013.nii.gz
2DIAGNOSTIC,    13, -6.177773329192e-01, 6.550490856171e-03, 0.0000e+00, 0.0000e+00, 
*/mnt/lustre/mathdugre/fast-interpolate/datasets/ds004513/derivatives/flint/antsRegistration/r8-p21/sub-s025/Stage1_level1_Iter0014.nii.gz
2DIAGNOSTIC,    14, -6.306884305144e-01, 6.285458803177e-03, 0.0000e+00, 0.0000e+00, 
*/mnt/lustre/mathdugre/fast-interpolate/datasets/ds004513/derivatives/flint/antsRegistration/r8-p21/sub-s025/Stage1_level1_Iter0015.nii.gz
2DIAGNOSTIC,    15, -6.340897246984e-01, 5.806088447571e-03, 0.0000e+00, 0.0000e+00, 
*/mnt/lustre/mathdugre/fast-interpolate/datasets/ds004513/derivatives/flint/antsRegistration/r8-p21/sub-s025/Stage1_level1_Iter0016.nii.gz
2DIAGNOSTIC,    16, -6.342453701745e-01, 5.039930343628e-03, 0.0000e+00, 0.0000e+00, 
*/mnt/lustre/mathdugre/fast-interpolate/datasets/ds004513/derivatives/flint/antsRegistration/r8-p21/sub-s025/Stage1_level1_Iter0017.nii.gz
2DIAGNOSTIC,    17, -6.342646690582e-01, 4.151254892349e-03, 0.0000e+00, 0.0000e+00, 
*/mnt/lustre/mathdugre/fast-interpolate/datasets/ds004513/derivatives/flint/antsRegistration/r8-p21/sub-s025/Stage1_level1_Iter0018.nii.gz
2DIAGNOSTIC,    18, -6.349008669280e-01, 3.354698419571e-03, 0.0000e+00, 0.0000e+00, 
*/mnt/lustre/mathdugre/fast-interpolate/datasets/ds004513/derivatives/flint/antsRegistration/r8-p21/sub-s025/Stage1_level1_Iter0019.nii.gz
2DIAGNOSTIC,    19, -6.355497700138e-01, 2.647772431374e-03, 0.0000e+00, 0.0000e+00, 
*/mnt/lustre/mathdugre/fast-interpolate/datasets/ds004513/derivatives/flint/antsRegistration/r8-p21/sub-s025/Stage1_level1_Iter0020.nii.gz
2DIAGNOSTIC,    20, -6.376080622983e-01, 1.955285668373e-03, 0.0000e+00, 0.0000e+00, 
*/mnt/lustre/mathdugre/fast-interpolate/datasets/ds004513/derivatives/flint/antsRegistration/r8-p21/sub-s025/Stage1_level1_Iter0021.nii.gz
2DIAGNOSTIC,    21, -6.560096364453e-01, 1.629605889320e-03, 0.0000e+00, 0.0000e+00, 
*/mnt/lustre/mathdugre/fast-interpolate/datasets/ds004513/derivatives/flint/antsRegistration/r8-p21/sub-s025/Stage1_level1_Iter0022.nii.gz
2DIAGNOSTIC,    22, -6.632261925371e-01, 1.530379056931e-03, 0.0000e+00, 0.0000e+00, 
*/mnt/lustre/mathdugre/fast-interpolate/datasets/ds004513/derivatives/flint/antsRegistration/r8-p21/sub-s025/Stage1_level1_Iter0023.nii.gz
2DIAGNOSTIC,    23, -6.649878266637e-01, 1.579105854034e-03, 0.0000e+00, 0.0000e+00, 
*/mnt/lustre/mathdugre/fast-interpolate/datasets/ds004513/derivatives/flint/antsRegistration/r8-p21/sub-s025/Stage1_level1_Iter0024.nii.gz
2DIAGNOSTIC,    24, -6.667961972639e-01, 1.769155263901e-03, 0.0000e+00, 0.0000e+00, 
*/mnt/lustre/mathdugre/fast-interpolate/datasets/ds004513/derivatives/flint/antsRegistration/r8-p21/sub-s025/Stage1_level1_Iter0025.nii.gz
2DIAGNOSTIC,    25, -6.673641794659e-01, 1.851290464401e-03, 0.0000e+00, 0.0000e+00, 
*/mnt/lustre/mathdugre/fast-interpolate/datasets/ds004513/derivatives/flint/antsRegistration/r8-p21/sub-s025/Stage1_level1_Iter0026.nii.gz
2DIAGNOSTIC,    26, -6.673284808384e-01, 1.750096678734e-03, 0.0000e+00, 0.0000e+00, 
*/mnt/lustre/mathdugre/fast-interpolate/datasets/ds004513/derivatives/flint/antsRegistration/r8-p21/sub-s025/Stage1_level1_Iter0027.nii.gz
2DIAGNOSTIC,    27, -6.685006977508e-01, 1.510977745056e-03, 0.0000e+00, 0.0000e+00, 
*/mnt/lustre/mathdugre/fast-interpolate/datasets/ds004513/derivatives/flint/antsRegistration/r8-p21/sub-s025/Stage1_level1_Iter0028.nii.gz
2DIAGNOSTIC,    28, -6.705409099609e-01, 1.196429133415e-03, 0.0000e+00, 0.0000e+00, 
*/mnt/lustre/mathdugre/fast-interpolate/datasets/ds004513/derivatives/flint/antsRegistration/r8-p21/sub-s025/Stage1_level1_Iter0029.nii.gz
2DIAGNOSTIC,    29, -6.727641371745e-01, 8.418262004852e-04, 0.0000e+00, 0.0000e+00, 
*/mnt/lustre/mathdugre/fast-interpolate/datasets/ds004513/derivatives/flint/antsRegistration/r8-p21/sub-s025/Stage1_level1_Iter0030.nii.gz
2DIAGNOSTIC,    30, -6.814612894248e-01, 5.917996168137e-04, 0.0000e+00, 0.0000e+00, 
*/mnt/lustre/mathdugre/fast-interpolate/datasets/ds004513/derivatives/flint/antsRegistration/r8-p21/sub-s025/Stage1_level1_Iter0031.nii.gz
2DIAGNOSTIC,    31, -6.841724883542e-01, 6.111413240433e-04, 0.0000e+00, 0.0000e+00, 
*/mnt/lustre/mathdugre/fast-interpolate/datasets/ds004513/derivatives/flint/antsRegistration/r8-p21/sub-s025/Stage1_level1_Iter0032.nii.gz
2DIAGNOSTIC,    32, -6.847016977859e-01, 6.824880838394e-04, 0.0000e+00, 0.0000e+00, 
*/mnt/lustre/mathdugre/fast-interpolate/datasets/ds004513/derivatives/flint/antsRegistration/r8-p21/sub-s025/Stage1_level1_Iter0033.nii.gz
2DIAGNOSTIC,    33, -6.847858873053e-01, 7.110685110092e-04, 0.0000e+00, 0.0000e+00, 
*/mnt/lustre/mathdugre/fast-interpolate/datasets/ds004513/derivatives/flint/antsRegistration/r8-p21/sub-s025/Stage1_level1_Iter0034.nii.gz
2DIAGNOSTIC,    34, -6.848944231245e-01, 6.958842277527e-04, 0.0000e+00, 0.0000e+00, 
*/mnt/lustre/mathdugre/fast-interpolate/datasets/ds004513/derivatives/flint/antsRegistration/r8-p21/sub-s025/Stage1_level1_Iter0035.nii.gz
2DIAGNOSTIC,    35, -6.853519500163e-01, 6.276369094849e-04, 0.0000e+00, 0.0000e+00, 
*/mnt/lustre/mathdugre/fast-interpolate/datasets/ds004513/derivatives/flint/antsRegistration/r8-p21/sub-s025/Stage1_level1_Iter0036.nii.gz
2DIAGNOSTIC,    36, -6.854499253994e-01, 5.040615797043e-04, 0.0000e+00, 0.0000e+00, 
*/mnt/lustre/mathdugre/fast-interpolate/datasets/ds004513/derivatives/flint/antsRegistration/r8-p21/sub-s025/Stage1_level1_Iter0037.nii.gz
2DIAGNOSTIC,    37, -6.853651745902e-01, 3.544315695763e-04, 0.0000e+00, 0.0000e+00, 
*/mnt/lustre/mathdugre/fast-interpolate/datasets/ds004513/derivatives/flint/antsRegistration/r8-p21/sub-s025/Stage1_level1_Iter0038.nii.gz
2DIAGNOSTIC,    38, -6.853811880986e-01, 2.051964402199e-04, 0.0000e+00, 0.0000e+00, 
*/mnt/lustre/mathdugre/fast-interpolate/datasets/ds004513/derivatives/flint/antsRegistration/r8-p21/sub-s025/Stage1_level1_Iter0039.nii.gz
2DIAGNOSTIC,    39, -6.854780460152e-01, 6.911158561707e-05, 0.0000e+00, 0.0000e+00, 
*/mnt/lustre/mathdugre/fast-interpolate/datasets/ds004513/derivatives/flint/antsRegistration/r8-p21/sub-s025/Stage1_level1_Iter0040.nii.gz
2DIAGNOSTIC,    40, -6.855756127929e-01, 3.151595592499e-05, 0.0000e+00, 0.0000e+00, 
*/mnt/lustre/mathdugre/fast-interpolate/datasets/ds004513/derivatives/flint/antsRegistration/r8-p21/sub-s025/Stage1_level1_Iter0041.nii.gz
2DIAGNOSTIC,    41, -6.856398999853e-01, 2.305209636688e-05, 0.0000e+00, 0.0000e+00, 
*/mnt/lustre/mathdugre/fast-interpolate/datasets/ds004513/derivatives/flint/antsRegistration/r8-p21/sub-s025/Stage1_level1_Iter0042.nii.gz
2DIAGNOSTIC,    42, -6.859363035212e-01, 2.180784940720e-05, 0.0000e+00, 0.0000e+00, 
*/mnt/lustre/mathdugre/fast-interpolate/datasets/ds004513/derivatives/flint/antsRegistration/r8-p21/sub-s025/Stage1_level1_Iter0043.nii.gz
2DIAGNOSTIC,    43, -6.859718694319e-01, 1.981109380722e-05, 0.0000e+00, 0.0000e+00, 
*/mnt/lustre/mathdugre/fast-interpolate/datasets/ds004513/derivatives/flint/antsRegistration/r8-p21/sub-s025/Stage1_level1_Iter0044.nii.gz
2DIAGNOSTIC,    44, -6.859999572361e-01, 1.738220453262e-05, 0.0000e+00, 0.0000e+00, 
*/mnt/lustre/mathdugre/fast-interpolate/datasets/ds004513/derivatives/flint/antsRegistration/r8-p21/sub-s025/Stage1_level1_Iter0045.nii.gz
2DIAGNOSTIC,    45, -6.861488718179e-01, 1.944601535797e-05, 0.0000e+00, 0.0000e+00, 
*/mnt/lustre/mathdugre/fast-interpolate/datasets/ds004513/derivatives/flint/antsRegistration/r8-p21/sub-s025/Stage1_level1_Iter0046.nii.gz
2DIAGNOSTIC,    46, -6.862713603860e-01, 2.171844244003e-05, 0.0000e+00, 0.0000e+00, 
*/mnt/lustre/mathdugre/fast-interpolate/datasets/ds004513/derivatives/flint/antsRegistration/r8-p21/sub-s025/Stage1_level1_Iter0047.nii.gz
2DIAGNOSTIC,    47, -6.862960900469e-01, 2.130866050720e-05, 0.0000e+00, 0.0000e+00, 
*/mnt/lustre/mathdugre/fast-interpolate/datasets/ds004513/derivatives/flint/antsRegistration/r8-p21/sub-s025/Stage1_level1_Iter0048.nii.gz
2DIAGNOSTIC,    48, -6.864292891820e-01, 2.031028270721e-05, 0.0000e+00, 0.0000e+00, 
*/mnt/lustre/mathdugre/fast-interpolate/datasets/ds004513/derivatives/flint/antsRegistration/r8-p21/sub-s025/Stage1_level1_Iter0049.nii.gz
2DIAGNOSTIC,    49, -6.864081620654e-01, 1.818686723709e-05, 0.0000e+00, 0.0000e+00, 
*/mnt/lustre/mathdugre/fast-interpolate/datasets/ds004513/derivatives/flint/antsRegistration/r8-p21/sub-s025/Stage1_level1_Iter0050.nii.gz
2DIAGNOSTIC,    50, -6.862538023480e-01, 1.396983861923e-05, 0.0000e+00, 0.0000e+00, 
*/mnt/lustre/mathdugre/fast-interpolate/datasets/ds004513/derivatives/flint/antsRegistration/r8-p21/sub-s025/Stage1_level1_Iter0051.nii.gz
2DIAGNOSTIC,    51, -6.861822556028e-01, 8.553266525269e-06, 0.0000e+00, 0.0000e+00, 
*/mnt/lustre/mathdugre/fast-interpolate/datasets/ds004513/derivatives/flint/antsRegistration/r8-p21/sub-s025/Stage1_level1_Iter0052.nii.gz
2DIAGNOSTIC,    52, -6.861310973618e-01, 4.693865776062e-06, 0.0000e+00, 0.0000e+00, 
*/mnt/lustre/mathdugre/fast-interpolate/datasets/ds004513/derivatives/flint/antsRegistration/r8-p21/sub-s025/Stage1_level1_Iter0053.nii.gz
2DIAGNOSTIC,    53, -6.862148346292e-01, 1.564621925354e-06, 0.0000e+00, 0.0000e+00, 
DIAGNOSTIC,Iteration,metricValue,convergenceValue,ITERATION_TIME_INDEX,SINCE_LAST
*/mnt/lustre/mathdugre/fast-interpolate/datasets/ds004513/derivatives/flint/antsRegistration/r8-p21/sub-s025/Stage1_level2_Iter0001.nii.gz
2DIAGNOSTIC,     1, -5.528952198755e-01, 1.797693134862e+308, 0.0000e+00, 0.0000e+00, 
*/mnt/lustre/mathdugre/fast-interpolate/datasets/ds004513/derivatives/flint/antsRegistration/r8-p21/sub-s025/Stage1_level2_Iter0002.nii.gz
2DIAGNOSTIC,     2, -5.538480122196e-01, 1.797693134862e+308, 0.0000e+00, 0.0000e+00, 
*/mnt/lustre/mathdugre/fast-interpolate/datasets/ds004513/derivatives/flint/antsRegistration/r8-p21/sub-s025/Stage1_level2_Iter0003.nii.gz
2DIAGNOSTIC,     3, -5.553114991593e-01, 1.797693134862e+308, 0.0000e+00, 0.0000e+00, 
*/mnt/lustre/mathdugre/fast-interpolate/datasets/ds004513/derivatives/flint/antsRegistration/r8-p21/sub-s025/Stage1_level2_Iter0004.nii.gz
2DIAGNOSTIC,     4, -5.569717618233e-01, 1.797693134862e+308, 0.0000e+00, 0.0000e+00, 
*/mnt/lustre/mathdugre/fast-interpolate/datasets/ds004513/derivatives/flint/antsRegistration/r8-p21/sub-s025/Stage1_level2_Iter0005.nii.gz
2DIAGNOSTIC,     5, -5.586296448792e-01, 1.797693134862e+308, 0.0000e+00, 0.0000e+00, 
*/mnt/lustre/mathdugre/fast-interpolate/datasets/ds004513/derivatives/flint/antsRegistration/r8-p21/sub-s025/Stage1_level2_Iter0006.nii.gz
2DIAGNOSTIC,     6, -5.603078833237e-01, 1.797693134862e+308, 0.0000e+00, 0.0000e+00, 
*/mnt/lustre/mathdugre/fast-interpolate/datasets/ds004513/derivatives/flint/antsRegistration/r8-p21/sub-s025/Stage1_level2_Iter0007.nii.gz
2DIAGNOSTIC,     7, -5.628962307259e-01, 1.797693134862e+308, 0.0000e+00, 0.0000e+00, 
*/mnt/lustre/mathdugre/fast-interpolate/datasets/ds004513/derivatives/flint/antsRegistration/r8-p21/sub-s025/Stage1_level2_Iter0008.nii.gz
2DIAGNOSTIC,     8, -5.664596798777e-01, 1.797693134862e+308, 0.0000e+00, 0.0000e+00, 
*/mnt/lustre/mathdugre/fast-interpolate/datasets/ds004513/derivatives/flint/antsRegistration/r8-p21/sub-s025/Stage1_level2_Iter0009.nii.gz
2DIAGNOSTIC,     9, -5.728241168009e-01, 1.797693134862e+308, 0.0000e+00, 0.0000e+00, 
*/mnt/lustre/mathdugre/fast-interpolate/datasets/ds004513/derivatives/flint/antsRegistration/r8-p21/sub-s025/Stage1_level2_Iter0010.nii.gz
2DIAGNOSTIC,    10, -5.751375243902e-01, 2.518117427826e-03, 0.0000e+00, 0.0000e+00, 
*/mnt/lustre/mathdugre/fast-interpolate/datasets/ds004513/derivatives/flint/antsRegistration/r8-p21/sub-s025/Stage1_level2_Iter0011.nii.gz
2DIAGNOSTIC,    11, -5.765490582614e-01, 2.538174390793e-03, 0.0000e+00, 0.0000e+00, 
*/mnt/lustre/mathdugre/fast-interpolate/datasets/ds004513/derivatives/flint/antsRegistration/r8-p21/sub-s025/Stage1_level2_Iter0012.nii.gz
2DIAGNOSTIC,    12, -5.787072694154e-01, 2.459168434143e-03, 0.0000e+00, 0.0000e+00, 
*/mnt/lustre/mathdugre/fast-interpolate/datasets/ds004513/derivatives/flint/antsRegistration/r8-p21/sub-s025/Stage1_level2_Iter0013.nii.gz
2DIAGNOSTIC,    13, -5.889905616065e-01, 2.617895603180e-03, 0.0000e+00, 0.0000e+00, 
*/mnt/lustre/mathdugre/fast-interpolate/datasets/ds004513/derivatives/flint/antsRegistration/r8-p21/sub-s025/Stage1_level2_Iter0014.nii.gz
2DIAGNOSTIC,    14, -5.998434374171e-01, 2.946883440018e-03, 0.0000e+00, 0.0000e+00, 
*/mnt/lustre/mathdugre/fast-interpolate/datasets/ds004513/derivatives/flint/antsRegistration/r8-p21/sub-s025/Stage1_level2_Iter0015.nii.gz
2DIAGNOSTIC,    15, -6.031801218931e-01, 3.120481967926e-03, 0.0000e+00, 0.0000e+00, 
*/mnt/lustre/mathdugre/fast-interpolate/datasets/ds004513/derivatives/flint/antsRegistration/r8-p21/sub-s025/Stage1_level2_Iter0016.nii.gz
2DIAGNOSTIC,    16, -6.043714526969e-01, 3.082215785980e-03, 0.0000e+00, 0.0000e+00, 
*/mnt/lustre/mathdugre/fast-interpolate/datasets/ds004513/derivatives/flint/antsRegistration/r8-p21/sub-s025/Stage1_level2_Iter0017.nii.gz
2DIAGNOSTIC,    17, -6.060551578483e-01, 2.893105149269e-03, 0.0000e+00, 0.0000e+00, 
*/mnt/lustre/mathdugre/fast-interpolate/datasets/ds004513/derivatives/flint/antsRegistration/r8-p21/sub-s025/Stage1_level2_Iter0018.nii.gz
2DIAGNOSTIC,    18, -6.131378458720e-01, 2.740308642387e-03, 0.0000e+00, 0.0000e+00, 
*/mnt/lustre/mathdugre/fast-interpolate/datasets/ds004513/derivatives/flint/antsRegistration/r8-p21/sub-s025/Stage1_level2_Iter0019.nii.gz
2DIAGNOSTIC,    19, -6.197937035448e-01, 2.675786614418e-03, 0.0000e+00, 0.0000e+00, 
*/mnt/lustre/mathdugre/fast-interpolate/datasets/ds004513/derivatives/flint/antsRegistration/r8-p21/sub-s025/Stage1_level2_Iter0020.nii.gz
2DIAGNOSTIC,    20, -6.200427430880e-01, 2.432525157928e-03, 0.0000e+00, 0.0000e+00, 
*/mnt/lustre/mathdugre/fast-interpolate/datasets/ds004513/derivatives/flint/antsRegistration/r8-p21/sub-s025/Stage1_level2_Iter0021.nii.gz
2DIAGNOSTIC,    21, -6.200933079135e-01, 2.031102776527e-03, 0.0000e+00, 0.0000e+00, 
*/mnt/lustre/mathdugre/fast-interpolate/datasets/ds004513/derivatives/flint/antsRegistration/r8-p21/sub-s025/Stage1_level2_Iter0022.nii.gz
2DIAGNOSTIC,    22, -6.202310824113e-01, 1.528799533844e-03, 0.0000e+00, 0.0000e+00, 
*/mnt/lustre/mathdugre/fast-interpolate/datasets/ds004513/derivatives/flint/antsRegistration/r8-p21/sub-s025/Stage1_level2_Iter0023.nii.gz
2DIAGNOSTIC,    23, -6.202851173074e-01, 1.139521598816e-03, 0.0000e+00, 0.0000e+00, 
*/mnt/lustre/mathdugre/fast-interpolate/datasets/ds004513/derivatives/flint/antsRegistration/r8-p21/sub-s025/Stage1_level2_Iter0024.nii.gz
2DIAGNOSTIC,    24, -6.202510650619e-01, 8.921921253204e-04, 0.0000e+00, 0.0000e+00, 
*/mnt/lustre/mathdugre/fast-interpolate/datasets/ds004513/derivatives/flint/antsRegistration/r8-p21/sub-s025/Stage1_level2_Iter0025.nii.gz
2DIAGNOSTIC,    25, -6.203571138670e-01, 6.501078605652e-04, 0.0000e+00, 0.0000e+00, 
*/mnt/lustre/mathdugre/fast-interpolate/datasets/ds004513/derivatives/flint/antsRegistration/r8-p21/sub-s025/Stage1_level2_Iter0026.nii.gz
2DIAGNOSTIC,    26, -6.206559264180e-01, 3.968924283981e-04, 0.0000e+00, 0.0000e+00, 
*/mnt/lustre/mathdugre/fast-interpolate/datasets/ds004513/derivatives/flint/antsRegistration/r8-p21/sub-s025/Stage1_level2_Iter0027.nii.gz
2DIAGNOSTIC,    27, -6.207622543328e-01, 1.557618379593e-04, 0.0000e+00, 0.0000e+00, 
*/mnt/lustre/mathdugre/fast-interpolate/datasets/ds004513/derivatives/flint/antsRegistration/r8-p21/sub-s025/Stage1_level2_Iter0028.nii.gz
2DIAGNOSTIC,    28, -6.209057822611e-01, 3.868341445923e-05, 0.0000e+00, 0.0000e+00, 
*/mnt/lustre/mathdugre/fast-interpolate/datasets/ds004513/derivatives/flint/antsRegistration/r8-p21/sub-s025/Stage1_level2_Iter0029.nii.gz
2DIAGNOSTIC,    29, -6.210586414177e-01, 3.895163536072e-05, 0.0000e+00, 0.0000e+00, 
*/mnt/lustre/mathdugre/fast-interpolate/datasets/ds004513/derivatives/flint/antsRegistration/r8-p21/sub-s025/Stage1_level2_Iter0030.nii.gz
2DIAGNOSTIC,    30, -6.211207024980e-01, 4.054605960846e-05, 0.0000e+00, 0.0000e+00, 
*/mnt/lustre/mathdugre/fast-interpolate/datasets/ds004513/derivatives/flint/antsRegistration/r8-p21/sub-s025/Stage1_level2_Iter0031.nii.gz
2DIAGNOSTIC,    31, -6.212784525600e-01, 4.139542579651e-05, 0.0000e+00, 0.0000e+00, 
*/mnt/lustre/mathdugre/fast-interpolate/datasets/ds004513/derivatives/flint/antsRegistration/r8-p21/sub-s025/Stage1_level2_Iter0032.nii.gz
2DIAGNOSTIC,    32, -6.212916338349e-01, 4.054605960846e-05, 0.0000e+00, 0.0000e+00, 
*/mnt/lustre/mathdugre/fast-interpolate/datasets/ds004513/derivatives/flint/antsRegistration/r8-p21/sub-s025/Stage1_level2_Iter0033.nii.gz
2DIAGNOSTIC,    33, -6.213052954315e-01, 3.708899021149e-05, 0.0000e+00, 0.0000e+00, 
*/mnt/lustre/mathdugre/fast-interpolate/datasets/ds004513/derivatives/flint/antsRegistration/r8-p21/sub-s025/Stage1_level2_Iter0034.nii.gz
2DIAGNOSTIC,    34, -6.213080251533e-01, 3.001093864441e-05, 0.0000e+00, 0.0000e+00, 
*/mnt/lustre/mathdugre/fast-interpolate/datasets/ds004513/derivatives/flint/antsRegistration/r8-p21/sub-s025/Stage1_level2_Iter0035.nii.gz
2DIAGNOSTIC,    35, -6.213904695297e-01, 2.303719520569e-05, 0.0000e+00, 0.0000e+00, 
*/mnt/lustre/mathdugre/fast-interpolate/datasets/ds004513/derivatives/flint/antsRegistration/r8-p21/sub-s025/Stage1_level2_Iter0036.nii.gz
2DIAGNOSTIC,    36, -6.214434083058e-01, 1.895427703857e-05, 0.0000e+00, 0.0000e+00, 
*/mnt/lustre/mathdugre/fast-interpolate/datasets/ds004513/derivatives/flint/antsRegistration/r8-p21/sub-s025/Stage1_level2_Iter0037.nii.gz
2DIAGNOSTIC,    37, -6.215593778491e-01, 1.620501279831e-05, 0.0000e+00, 0.0000e+00, 
*/mnt/lustre/mathdugre/fast-interpolate/datasets/ds004513/derivatives/flint/antsRegistration/r8-p21/sub-s025/Stage1_level2_Iter0038.nii.gz
2DIAGNOSTIC,    38, -6.216808097032e-01, 1.543015241623e-05, 0.0000e+00, 0.0000e+00, 
*/mnt/lustre/mathdugre/fast-interpolate/datasets/ds004513/derivatives/flint/antsRegistration/r8-p21/sub-s025/Stage1_level2_Iter0039.nii.gz
2DIAGNOSTIC,    39, -6.217249703819e-01, 1.568347215652e-05, 0.0000e+00, 0.0000e+00, 
*/mnt/lustre/mathdugre/fast-interpolate/datasets/ds004513/derivatives/flint/antsRegistration/r8-p21/sub-s025/Stage1_level2_Iter0040.nii.gz
2DIAGNOSTIC,    40, -6.217440734403e-01, 1.540780067444e-05, 0.0000e+00, 0.0000e+00, 
*/mnt/lustre/mathdugre/fast-interpolate/datasets/ds004513/derivatives/flint/antsRegistration/r8-p21/sub-s025/Stage1_level2_Iter0041.nii.gz
2DIAGNOSTIC,    41, -6.217465085118e-01, 1.561641693115e-05, 0.0000e+00, 0.0000e+00, 
*/mnt/lustre/mathdugre/fast-interpolate/datasets/ds004513/derivatives/flint/antsRegistration/r8-p21/sub-s025/Stage1_level2_Iter0042.nii.gz
2DIAGNOSTIC,    42, -6.217367963280e-01, 1.443922519684e-05, 0.0000e+00, 0.0000e+00, 
*/mnt/lustre/mathdugre/fast-interpolate/datasets/ds004513/derivatives/flint/antsRegistration/r8-p21/sub-s025/Stage1_level2_Iter0043.nii.gz
2DIAGNOSTIC,    43, -6.217268719147e-01, 1.205503940582e-05, 0.0000e+00, 0.0000e+00, 
*/mnt/lustre/mathdugre/fast-interpolate/datasets/ds004513/derivatives/flint/antsRegistration/r8-p21/sub-s025/Stage1_level2_Iter0044.nii.gz
2DIAGNOSTIC,    44, -6.217165800531e-01, 8.583068847656e-06, 0.0000e+00, 0.0000e+00, 
*/mnt/lustre/mathdugre/fast-interpolate/datasets/ds004513/derivatives/flint/antsRegistration/r8-p21/sub-s025/Stage1_level2_Iter0045.nii.gz
2DIAGNOSTIC,    45, -6.217400934222e-01, 5.669891834259e-06, 0.0000e+00, 0.0000e+00, 
*/mnt/lustre/mathdugre/fast-interpolate/datasets/ds004513/derivatives/flint/antsRegistration/r8-p21/sub-s025/Stage1_level2_Iter0046.nii.gz
2DIAGNOSTIC,    46, -6.217532998175e-01, 3.062188625336e-06, 0.0000e+00, 0.0000e+00, 
*/mnt/lustre/mathdugre/fast-interpolate/datasets/ds004513/derivatives/flint/antsRegistration/r8-p21/sub-s025/Stage1_level2_Iter0047.nii.gz
2DIAGNOSTIC,    47, -6.217559144510e-01, 1.512467861176e-06, 0.0000e+00, 0.0000e+00, 
DIAGNOSTIC,Iteration,metricValue,convergenceValue,ITERATION_TIME_INDEX,SINCE_LAST
*/mnt/lustre/mathdugre/fast-interpolate/datasets/ds004513/derivatives/flint/antsRegistration/r8-p21/sub-s025/Stage1_level3_Iter0001.nii.gz
2DIAGNOSTIC,     1, -5.348837516523e-01, 1.797693134862e+308, 0.0000e+00, 0.0000e+00, 
*/mnt/lustre/mathdugre/fast-interpolate/datasets/ds004513/derivatives/flint/antsRegistration/r8-p21/sub-s025/Stage1_level3_Iter0002.nii.gz
2DIAGNOSTIC,     2, -5.351875819753e-01, 1.797693134862e+308, 0.0000e+00, 0.0000e+00, 
*/mnt/lustre/mathdugre/fast-interpolate/datasets/ds004513/derivatives/flint/antsRegistration/r8-p21/sub-s025/Stage1_level3_Iter0003.nii.gz
2DIAGNOSTIC,     3, -5.354215688809e-01, 1.797693134862e+308, 0.0000e+00, 0.0000e+00, 
*/mnt/lustre/mathdugre/fast-interpolate/datasets/ds004513/derivatives/flint/antsRegistration/r8-p21/sub-s025/Stage1_level3_Iter0004.nii.gz
2DIAGNOSTIC,     4, -5.355956514490e-01, 1.797693134862e+308, 0.0000e+00, 0.0000e+00, 
*/mnt/lustre/mathdugre/fast-interpolate/datasets/ds004513/derivatives/flint/antsRegistration/r8-p21/sub-s025/Stage1_level3_Iter0005.nii.gz
2DIAGNOSTIC,     5, -5.356781309976e-01, 1.797693134862e+308, 0.0000e+00, 0.0000e+00, 
*/mnt/lustre/mathdugre/fast-interpolate/datasets/ds004513/derivatives/flint/antsRegistration/r8-p21/sub-s025/Stage1_level3_Iter0006.nii.gz
2DIAGNOSTIC,     6, -5.359504622886e-01, 1.797693134862e+308, 0.0000e+00, 0.0000e+00, 
*/mnt/lustre/mathdugre/fast-interpolate/datasets/ds004513/derivatives/flint/antsRegistration/r8-p21/sub-s025/Stage1_level3_Iter0007.nii.gz
2DIAGNOSTIC,     7, -5.359700692534e-01, 1.797693134862e+308, 0.0000e+00, 0.0000e+00, 
*/mnt/lustre/mathdugre/fast-interpolate/datasets/ds004513/derivatives/flint/antsRegistration/r8-p21/sub-s025/Stage1_level3_Iter0008.nii.gz
2DIAGNOSTIC,     8, -5.359690824922e-01, 1.797693134862e+308, 0.0000e+00, 0.0000e+00, 
*/mnt/lustre/mathdugre/fast-interpolate/datasets/ds004513/derivatives/flint/antsRegistration/r8-p21/sub-s025/Stage1_level3_Iter0009.nii.gz
2DIAGNOSTIC,     9, -5.359675750735e-01, 1.797693134862e+308, 0.0000e+00, 0.0000e+00, 
*/mnt/lustre/mathdugre/fast-interpolate/datasets/ds004513/derivatives/flint/antsRegistration/r8-p21/sub-s025/Stage1_level3_Iter0010.nii.gz
2DIAGNOSTIC,    10, -5.359668130767e-01, 1.288652420044e-04, 0.0000e+00, 0.0000e+00, 
*/mnt/lustre/mathdugre/fast-interpolate/datasets/ds004513/derivatives/flint/antsRegistration/r8-p21/sub-s025/Stage1_level3_Iter0011.nii.gz
2DIAGNOSTIC,    11, -5.359648349883e-01, 8.258223533630e-05, 0.0000e+00, 0.0000e+00, 
*/mnt/lustre/mathdugre/fast-interpolate/datasets/ds004513/derivatives/flint/antsRegistration/r8-p21/sub-s025/Stage1_level3_Iter0012.nii.gz
2DIAGNOSTIC,    12, -5.359626166220e-01, 5.009770393372e-05, 0.0000e+00, 0.0000e+00, 
*/mnt/lustre/mathdugre/fast-interpolate/datasets/ds004513/derivatives/flint/antsRegistration/r8-p21/sub-s025/Stage1_level3_Iter0013.nii.gz
2DIAGNOSTIC,    13, -5.359619147746e-01, 2.783536911011e-05, 0.0000e+00, 0.0000e+00, 
*/mnt/lustre/mathdugre/fast-interpolate/datasets/ds004513/derivatives/flint/antsRegistration/r8-p21/sub-s025/Stage1_level3_Iter0014.nii.gz
2DIAGNOSTIC,    14, -5.359622467005e-01, 1.311302185059e-05, 0.0000e+00, 0.0000e+00, 
*/mnt/lustre/mathdugre/fast-interpolate/datasets/ds004513/derivatives/flint/antsRegistration/r8-p21/sub-s025/Stage1_level3_Iter0015.nii.gz
2DIAGNOSTIC,    15, -5.359626582854e-01, 2.056360244751e-06, 0.0000e+00, 0.0000e+00, 
*/mnt/lustre/mathdugre/fast-interpolate/datasets/ds004513/derivatives/flint/antsRegistration/r8-p21/sub-s025/Stage1_level3_Iter0016.nii.gz
2DIAGNOSTIC,    16, -5.359607241292e-01, 1.311302185059e-06, 0.0000e+00, 0.0000e+00, 
*/mnt/lustre/mathdugre/fast-interpolate/datasets/ds004513/derivatives/flint/antsRegistration/r8-p21/sub-s025/Stage1_level3_Iter0017.nii.gz
2DIAGNOSTIC,    17, -5.359587942454e-01, 1.236796379089e-06, 0.0000e+00, 0.0000e+00, 
*/mnt/lustre/mathdugre/fast-interpolate/datasets/ds004513/derivatives/flint/antsRegistration/r8-p21/sub-s025/Stage1_level3_Iter0018.nii.gz
2DIAGNOSTIC,    18, -5.359582648487e-01, 1.236796379089e-06, 0.0000e+00, 0.0000e+00, 
