
##########################
# Experiment information #
##########################

EXPERIMENT_NAME: r8-p20
VFC_BACKENDS: libinterflop_vprec.so --range-binary32=8 --precision-binary32=20 --range-binary64=8 --precision-binary64=20

SIF_IMG: /mnt/lustre/mathdugre/containers/ants-vprec-no_metric.simg

SUBJECT_ID: s032
INPUT_IMG: /mnt/lustre/mathdugre/fast-interpolate/datasets/ds004513/derivatives/flint/antsBrainExtraction/sub-s032/BrainExtractionBrain.nii.gz
OUTPUT_DIR: /mnt/lustre/mathdugre/fast-interpolate/datasets/ds004513/derivatives/flint/antsRegistration/r8-p20/sub-s032

FIXED_IMG: /templateflow/tpl-MNI152NLin2009cAsym/tpl-MNI152NLin2009cAsym_res-01_desc-brain_T1w.nii.gz
DATA_DIR: /mnt/lustre/mathdugre/fast-interpolate/datasets/ds004513
TEMPLATEFLOW_DIR: /home/mathdugre/.cache/templateflow
ITK_GLOBAL_DEFAULT_NUMBER_OF_THREADS: 4
##########################

Info [verificarlo]: loaded backend libinterflop_vprec.so
Info [interflop-vprec]: load backend with: 
Info [interflop-vprec]: precision-binary32 = 20
Info [interflop-vprec]: range-binary32 = 8
Info [interflop-vprec]: precision-binary64 = 20
Info [interflop-vprec]: range-binary64 = 8
Info [interflop-vprec]: mode = ob
Info [interflop-vprec]: error-mode = rel
Info [interflop-vprec]: max-abs-error-exponent = -1022
Info [interflop-vprec]: daz = false
Info [interflop-vprec]: ftz = false
Info [interflop-vprec]: 	instrument = none
Info [interflop-vprec]: 	prec-input-file = (null)
Info [interflop-vprec]: 	prec-output-file = (null)
Info [interflop-vprec]: 	prec-log-file = (null)
All_Command_lines_OK
Using double precision for computations.
=============================================================================
The composite transform comprises the following transforms (in order): 
  1. Center of mass alignment using fixed image: /templateflow/tpl-MNI152NLin2009cAsym/tpl-MNI152NLin2009cAsym_res-01_desc-brain_T1w.nii.gz and moving image: /mnt/lustre/mathdugre/fast-interpolate/datasets/ds004513/derivatives/flint/antsBrainExtraction/sub-s032/BrainExtractionBrain.nii.gz (type = Euler3DTransform)
=============================================================================
  number of levels = 4
  number of levels = 4
  number of levels = 4
  fixed image: /templateflow/tpl-MNI152NLin2009cAsym/tpl-MNI152NLin2009cAsym_res-01_desc-brain_T1w.nii.gz
  moving image: /mnt/lustre/mathdugre/fast-interpolate/datasets/ds004513/derivatives/flint/antsBrainExtraction/sub-s032/BrainExtractionBrain.nii.gz
  fixed image: /templateflow/tpl-MNI152NLin2009cAsym/tpl-MNI152NLin2009cAsym_res-01_desc-brain_T1w.nii.gz
  moving image: /mnt/lustre/mathdugre/fast-interpolate/datasets/ds004513/derivatives/flint/antsBrainExtraction/sub-s032/BrainExtractionBrain.nii.gz
  fixed image: /templateflow/tpl-MNI152NLin2009cAsym/tpl-MNI152NLin2009cAsym_res-01_desc-brain_T1w.nii.gz
  moving image: /mnt/lustre/mathdugre/fast-interpolate/datasets/ds004513/derivatives/flint/antsBrainExtraction/sub-s032/BrainExtractionBrain.nii.gz
Dimension = 3
Number of stages = 3
Use histogram matching = false
Winsorize image intensities = true
  Lower quantile = 0.005
  Upper quantile = 0.995


Stage 1 State
   Image metric = MattesMI
     Fixed image = Image (0x36efb30)
  RTTI typeinfo:   itk::Image<double, 3u>
  Reference Count: 2
  Modified Time: 2385
  Debug: Off
  Object Name: 
  Observers: 
    none
  Source: (none)
  Source output name: (none)
  Release Data: Off
  Data Released: False
  Global Release Data: Off
  PipelineMTime: 0
  UpdateMTime: 1996
  RealTimeStamp: 0 seconds 
  LargestPossibleRegion: 
    Dimension: 3
    Index: [0, 0, 0]
    Size: [193, 229, 193]
  BufferedRegion: 
    Dimension: 3
    Index: [0, 0, 0]
    Size: [193, 229, 193]
  RequestedRegion: 
    Dimension: 3
    Index: [0, 0, 0]
    Size: [193, 229, 193]
  Spacing: [1, 1, 1]
  Origin: [96, 132, -78]
  Direction: 
-1 0 0
0 -1 0
0 0 1

  IndexToPointMatrix: 
-1 0 0
0 -1 0
0 0 1

  PointToIndexMatrix: 
-1 0 0
0 -1 0
0 0 1

  Inverse Direction: 
-1 0 0
0 -1 0
0 0 1

  PixelContainer: 
    ImportImageContainer (0x36f4a10)
      RTTI typeinfo:   itk::ImportImageContainer<unsigned long, double>
      Reference Count: 1
      Modified Time: 1993
      Debug: Off
      Object Name: 
      Observers: 
        none
      Pointer: 0x7f98fe0d9010
      Container manages memory: true
      Size: 8530021
      Capacity: 8530021

     Moving image = Image (0x36eb400)
  RTTI typeinfo:   itk::Image<double, 3u>
  Reference Count: 2
  Modified Time: 2386
  Debug: Off
  Object Name: 
  Observers: 
    none
  Source: (none)
  Source output name: (none)
  Release Data: Off
  Data Released: False
  Global Release Data: Off
  PipelineMTime: 0
  UpdateMTime: 2383
  RealTimeStamp: 0 seconds 
  LargestPossibleRegion: 
    Dimension: 3
    Index: [0, 0, 0]
    Size: [160, 240, 256]
  BufferedRegion: 
    Dimension: 3
    Index: [0, 0, 0]
    Size: [160, 240, 256]
  RequestedRegion: 
    Dimension: 3
    Index: [0, 0, 0]
    Size: [160, 240, 256]
  Spacing: [1, 1, 1]
  Origin: [73.2791, 104.707, -131.187]
  Direction: 
-0.997527 0.0645574 -0.0278053
-0.0645323 -0.997914 -0.00179875
-0.0278634 4.01097e-08 0.999612

  IndexToPointMatrix: 
-0.997527 0.0645574 -0.0278053
-0.0645323 -0.997914 -0.00179875
-0.0278634 4.01097e-08 0.999612

  PointToIndexMatrix: 
-0.997526 -0.0645323 -0.0278634
0.0645574 -0.997914 4.00469e-08
-0.0278053 -0.00179875 0.999612

  Inverse Direction: 
-0.997526 -0.0645323 -0.0278634
0.0645574 -0.997914 4.00469e-08
-0.0278053 -0.00179875 0.999612

  PixelContainer: 
    ImportImageContainer (0x38bf6d0)
      RTTI typeinfo:   itk::ImportImageContainer<unsigned long, double>
      Reference Count: 1
      Modified Time: 2380
      Debug: Off
      Object Name: 
      Observers: 
        none
      Pointer: 0x7f98f95d8010
      Container manages memory: true
      Size: 9830400
      Capacity: 9830400

     Weighting = 1
     Sampling strategy = regular
     Number of bins = 32
     Radius = 4
     Sampling percentage  = 0.25
   Transform = Rigid
     Gradient step = 0.1
     Update field sigma (voxel space) = 0
     Total field sigma (voxel space) = 0
     Update field time sigma = 0
     Total field time sigma  = 0
     Number of time indices = 0
     Number of time point samples = 0
Stage 2 State
   Image metric = MattesMI
     Fixed image = Image (0x370bec0)
  RTTI typeinfo:   itk::Image<double, 3u>
  Reference Count: 2
  Modified Time: 3161
  Debug: Off
  Object Name: 
  Observers: 
    none
  Source: (none)
  Source output name: (none)
  Release Data: Off
  Data Released: False
  Global Release Data: Off
  PipelineMTime: 0
  UpdateMTime: 2772
  RealTimeStamp: 0 seconds 
  LargestPossibleRegion: 
    Dimension: 3
    Index: [0, 0, 0]
    Size: [193, 229, 193]
  BufferedRegion: 
    Dimension: 3
    Index: [0, 0, 0]
    Size: [193, 229, 193]
  RequestedRegion: 
    Dimension: 3
    Index: [0, 0, 0]
    Size: [193, 229, 193]
  Spacing: [1, 1, 1]
  Origin: [96, 132, -78]
  Direction: 
-1 0 0
0 -1 0
0 0 1

  IndexToPointMatrix: 
-1 0 0
0 -1 0
0 0 1

  PointToIndexMatrix: 
-1 0 0
0 -1 0
0 0 1

  Inverse Direction: 
-1 0 0
0 -1 0
0 0 1

  PixelContainer: 
    ImportImageContainer (0x370cc80)
      RTTI typeinfo:   itk::ImportImageContainer<unsigned long, double>
      Reference Count: 1
      Modified Time: 2769
      Debug: Off
      Object Name: 
      Observers: 
        none
      Pointer: 0x7f98f54c3010
      Container manages memory: true
      Size: 8530021
      Capacity: 8530021

     Moving image = Image (0x3714690)
  RTTI typeinfo:   itk::Image<double, 3u>
  Reference Count: 2
  Modified Time: 3162
  Debug: Off
  Object Name: 
  Observers: 
    none
  Source: (none)
  Source output name: (none)
  Release Data: Off
  Data Released: False
  Global Release Data: Off
  PipelineMTime: 0
  UpdateMTime: 3159
  RealTimeStamp: 0 seconds 
  LargestPossibleRegion: 
    Dimension: 3
    Index: [0, 0, 0]
    Size: [160, 240, 256]
  BufferedRegion: 
    Dimension: 3
    Index: [0, 0, 0]
    Size: [160, 240, 256]
  RequestedRegion: 
    Dimension: 3
    Index: [0, 0, 0]
    Size: [160, 240, 256]
  Spacing: [1, 1, 1]
  Origin: [73.2791, 104.707, -131.187]
  Direction: 
-0.997527 0.0645574 -0.0278053
-0.0645323 -0.997914 -0.00179875
-0.0278634 4.01097e-08 0.999612

  IndexToPointMatrix: 
-0.997527 0.0645574 -0.0278053
-0.0645323 -0.997914 -0.00179875
-0.0278634 4.01097e-08 0.999612

  PointToIndexMatrix: 
-0.997526 -0.0645323 -0.0278634
0.0645574 -0.997914 4.00469e-08
-0.0278053 -0.00179875 0.999612

  Inverse Direction: 
-0.997526 -0.0645323 -0.0278634
0.0645574 -0.997914 4.00469e-08
-0.0278053 -0.00179875 0.999612

  PixelContainer: 
    ImportImageContainer (0x389f6d0)
      RTTI typeinfo:   itk::ImportImageContainer<unsigned long, double>
      Reference Count: 1
      Modified Time: 3156
      Debug: Off
      Object Name: 
      Observers: 
        none
      Pointer: 0x7f98f09c2010
      Container manages memory: true
      Size: 9830400
      Capacity: 9830400

     Weighting = 1
     Sampling strategy = regular
     Number of bins = 32
     Radius = 4
     Sampling percentage  = 0.25
   Transform = Affine
     Gradient step = 0.1
     Update field sigma (voxel space) = 0
     Total field sigma (voxel space) = 0
     Update field time sigma = 0
     Total field time sigma  = 0
     Number of time indices = 0
     Number of time point samples = 0
Stage 3 State
   Image metric = CC
     Fixed image = Image (0x3714220)
  RTTI typeinfo:   itk::Image<double, 3u>
  Reference Count: 2
  Modified Time: 3937
  Debug: Off
  Object Name: 
  Observers: 
    none
  Source: (none)
  Source output name: (none)
  Release Data: Off
  Data Released: False
  Global Release Data: Off
  PipelineMTime: 0
  UpdateMTime: 3548
  RealTimeStamp: 0 seconds 
  LargestPossibleRegion: 
    Dimension: 3
    Index: [0, 0, 0]
    Size: [193, 229, 193]
  BufferedRegion: 
    Dimension: 3
    Index: [0, 0, 0]
    Size: [193, 229, 193]
  RequestedRegion: 
    Dimension: 3
    Index: [0, 0, 0]
    Size: [193, 229, 193]
  Spacing: [1, 1, 1]
  Origin: [96, 132, -78]
  Direction: 
-1 0 0
0 -1 0
0 0 1

  IndexToPointMatrix: 
-1 0 0
0 -1 0
0 0 1

  PointToIndexMatrix: 
-1 0 0
0 -1 0
0 0 1

  Inverse Direction: 
-1 0 0
0 -1 0
0 0 1

  PixelContainer: 
    ImportImageContainer (0x3713d40)
      RTTI typeinfo:   itk::ImportImageContainer<unsigned long, double>
      Reference Count: 1
      Modified Time: 3545
      Debug: Off
      Object Name: 
      Observers: 
        none
      Pointer: 0x7f98ec8ad010
      Container manages memory: true
      Size: 8530021
      Capacity: 8530021

     Moving image = Image (0x3709a80)
  RTTI typeinfo:   itk::Image<double, 3u>
  Reference Count: 2
  Modified Time: 3938
  Debug: Off
  Object Name: 
  Observers: 
    none
  Source: (none)
  Source output name: (none)
  Release Data: Off
  Data Released: False
  Global Release Data: Off
  PipelineMTime: 0
  UpdateMTime: 3935
  RealTimeStamp: 0 seconds 
  LargestPossibleRegion: 
    Dimension: 3
    Index: [0, 0, 0]
    Size: [160, 240, 256]
  BufferedRegion: 
    Dimension: 3
    Index: [0, 0, 0]
    Size: [160, 240, 256]
  RequestedRegion: 
    Dimension: 3
    Index: [0, 0, 0]
    Size: [160, 240, 256]
  Spacing: [1, 1, 1]
  Origin: [73.2791, 104.707, -131.187]
  Direction: 
-0.997527 0.0645574 -0.0278053
-0.0645323 -0.997914 -0.00179875
-0.0278634 4.01097e-08 0.999612

  IndexToPointMatrix: 
-0.997527 0.0645574 -0.0278053
-0.0645323 -0.997914 -0.00179875
-0.0278634 4.01097e-08 0.999612

  PointToIndexMatrix: 
-0.997526 -0.0645323 -0.0278634
0.0645574 -0.997914 4.00469e-08
-0.0278053 -0.00179875 0.999612

  Inverse Direction: 
-0.997526 -0.0645323 -0.0278634
0.0645574 -0.997914 4.00469e-08
-0.0278053 -0.00179875 0.999612

  PixelContainer: 
    ImportImageContainer (0x38df750)
      RTTI typeinfo:   itk::ImportImageContainer<unsigned long, double>
      Reference Count: 1
      Modified Time: 3932
      Debug: Off
      Object Name: 
      Observers: 
        none
      Pointer: 0x7f98e7dac010
      Container manages memory: true
      Size: 9830400
      Capacity: 9830400

     Weighting = 1
     Sampling strategy = none
     Number of bins = 32
     Radius = 4
     Sampling percentage  = 1
   Transform = SyN
     Gradient step = 0.1
     Update field sigma (voxel space) = 3
     Total field sigma (voxel space) = 0
     Update field time sigma = 0
     Total field time sigma  = 0
     Number of time indices = 0
     Number of time point samples = 0
Registration using 3 total stages.

Stage 0
  iterations = 1000x500x250x100
  convergence threshold = 1e-06
  convergence window size = 10
  number of levels = 4
  using the Mattes MI metric (number of bins = 32, weight = 1, use gradient filter = 0)
  preprocessing:  winsorizing the image intensities
  Shrink factors (level 1 out of 4): [8, 8, 8]
  Shrink factors (level 2 out of 4): [4, 4, 4]
  Shrink factors (level 3 out of 4): [2, 2, 2]
  Shrink factors (level 4 out of 4): [1, 1, 1]
  smoothing sigmas per level: [3, 2, 1, 0]
  regular sampling (percentage = 0.25)

*** Running Euler3DTransform registration ***

DIAGNOSTIC,Iteration,metricValue,convergenceValue,ITERATION_TIME_INDEX,SINCE_LAST
*/mnt/lustre/mathdugre/fast-interpolate/datasets/ds004513/derivatives/flint/antsRegistration/r8-p20/sub-s032/Stage1_level1_Iter0001.nii.gz
2DIAGNOSTIC,     1, -5.419739275917e-01, 1.797693134862e+308, 0.0000e+00, 0.0000e+00, 
*/mnt/lustre/mathdugre/fast-interpolate/datasets/ds004513/derivatives/flint/antsRegistration/r8-p20/sub-s032/Stage1_level1_Iter0002.nii.gz
2DIAGNOSTIC,     2, -5.445538621478e-01, 1.797693134862e+308, 0.0000e+00, 0.0000e+00, 
*/mnt/lustre/mathdugre/fast-interpolate/datasets/ds004513/derivatives/flint/antsRegistration/r8-p20/sub-s032/Stage1_level1_Iter0003.nii.gz
2DIAGNOSTIC,     3, -5.482915264262e-01, 1.797693134862e+308, 0.0000e+00, 0.0000e+00, 
*/mnt/lustre/mathdugre/fast-interpolate/datasets/ds004513/derivatives/flint/antsRegistration/r8-p20/sub-s032/Stage1_level1_Iter0004.nii.gz
2DIAGNOSTIC,     4, -5.537936330716e-01, 1.797693134862e+308, 0.0000e+00, 0.0000e+00, 
*/mnt/lustre/mathdugre/fast-interpolate/datasets/ds004513/derivatives/flint/antsRegistration/r8-p20/sub-s032/Stage1_level1_Iter0005.nii.gz
2DIAGNOSTIC,     5, -5.635496336852e-01, 1.797693134862e+308, 0.0000e+00, 0.0000e+00, 
*/mnt/lustre/mathdugre/fast-interpolate/datasets/ds004513/derivatives/flint/antsRegistration/r8-p20/sub-s032/Stage1_level1_Iter0006.nii.gz
2DIAGNOSTIC,     6, -5.797078467398e-01, 1.797693134862e+308, 0.0000e+00, 0.0000e+00, 
*/mnt/lustre/mathdugre/fast-interpolate/datasets/ds004513/derivatives/flint/antsRegistration/r8-p20/sub-s032/Stage1_level1_Iter0007.nii.gz
2DIAGNOSTIC,     7, -6.131062471800e-01, 1.797693134862e+308, 0.0000e+00, 0.0000e+00, 
*/mnt/lustre/mathdugre/fast-interpolate/datasets/ds004513/derivatives/flint/antsRegistration/r8-p20/sub-s032/Stage1_level1_Iter0008.nii.gz
2DIAGNOSTIC,     8, -6.302399001906e-01, 1.797693134862e+308, 0.0000e+00, 0.0000e+00, 
*/mnt/lustre/mathdugre/fast-interpolate/datasets/ds004513/derivatives/flint/antsRegistration/r8-p20/sub-s032/Stage1_level1_Iter0009.nii.gz
2DIAGNOSTIC,     9, -6.374630188124e-01, 1.797693134862e+308, 0.0000e+00, 0.0000e+00, 
*/mnt/lustre/mathdugre/fast-interpolate/datasets/ds004513/derivatives/flint/antsRegistration/r8-p20/sub-s032/Stage1_level1_Iter0010.nii.gz
2DIAGNOSTIC,    10, -6.435180679156e-01, 1.313614845276e-02, 0.0000e+00, 0.0000e+00, 
*/mnt/lustre/mathdugre/fast-interpolate/datasets/ds004513/derivatives/flint/antsRegistration/r8-p20/sub-s032/Stage1_level1_Iter0011.nii.gz
2DIAGNOSTIC,    11, -6.443836216160e-01, 1.217555999756e-02, 0.0000e+00, 0.0000e+00, 
*/mnt/lustre/mathdugre/fast-interpolate/datasets/ds004513/derivatives/flint/antsRegistration/r8-p20/sub-s032/Stage1_level1_Iter0012.nii.gz
2DIAGNOSTIC,    12, -6.462181081666e-01, 1.046186685562e-02, 0.0000e+00, 0.0000e+00, 
*/mnt/lustre/mathdugre/fast-interpolate/datasets/ds004513/derivatives/flint/antsRegistration/r8-p20/sub-s032/Stage1_level1_Iter0013.nii.gz
2DIAGNOSTIC,    13, -6.482194623634e-01, 8.295357227325e-03, 0.0000e+00, 0.0000e+00, 
*/mnt/lustre/mathdugre/fast-interpolate/datasets/ds004513/derivatives/flint/antsRegistration/r8-p20/sub-s032/Stage1_level1_Iter0014.nii.gz
2DIAGNOSTIC,    14, -6.497961496416e-01, 5.957603454590e-03, 0.0000e+00, 0.0000e+00, 
*/mnt/lustre/mathdugre/fast-interpolate/datasets/ds004513/derivatives/flint/antsRegistration/r8-p20/sub-s032/Stage1_level1_Iter0015.nii.gz
2DIAGNOSTIC,    15, -6.508055241470e-01, 3.751993179321e-03, 0.0000e+00, 0.0000e+00, 
*/mnt/lustre/mathdugre/fast-interpolate/datasets/ds004513/derivatives/flint/antsRegistration/r8-p20/sub-s032/Stage1_level1_Iter0016.nii.gz
2DIAGNOSTIC,    16, -6.520310949878e-01, 1.986086368561e-03, 0.0000e+00, 0.0000e+00, 
*/mnt/lustre/mathdugre/fast-interpolate/datasets/ds004513/derivatives/flint/antsRegistration/r8-p20/sub-s032/Stage1_level1_Iter0017.nii.gz
2DIAGNOSTIC,    17, -6.570767733455e-01, 1.300394535065e-03, 0.0000e+00, 0.0000e+00, 
*/mnt/lustre/mathdugre/fast-interpolate/datasets/ds004513/derivatives/flint/antsRegistration/r8-p20/sub-s032/Stage1_level1_Iter0018.nii.gz
2DIAGNOSTIC,    18, -6.585317861385e-01, 1.047044992447e-03, 0.0000e+00, 0.0000e+00, 
*/mnt/lustre/mathdugre/fast-interpolate/datasets/ds004513/derivatives/flint/antsRegistration/r8-p20/sub-s032/Stage1_level1_Iter0019.nii.gz
2DIAGNOSTIC,    19, -6.584649853728e-01, 8.958578109741e-04, 0.0000e+00, 0.0000e+00, 
*/mnt/lustre/mathdugre/fast-interpolate/datasets/ds004513/derivatives/flint/antsRegistration/r8-p20/sub-s032/Stage1_level1_Iter0020.nii.gz
2DIAGNOSTIC,    20, -6.586858387946e-01, 8.245110511780e-04, 0.0000e+00, 0.0000e+00, 
*/mnt/lustre/mathdugre/fast-interpolate/datasets/ds004513/derivatives/flint/antsRegistration/r8-p20/sub-s032/Stage1_level1_Iter0021.nii.gz
2DIAGNOSTIC,    21, -6.587374623674e-01, 7.032155990601e-04, 0.0000e+00, 0.0000e+00, 
*/mnt/lustre/mathdugre/fast-interpolate/datasets/ds004513/derivatives/flint/antsRegistration/r8-p20/sub-s032/Stage1_level1_Iter0022.nii.gz
2DIAGNOSTIC,    22, -6.589149884895e-01, 5.675852298737e-04, 0.0000e+00, 0.0000e+00, 
*/mnt/lustre/mathdugre/fast-interpolate/datasets/ds004513/derivatives/flint/antsRegistration/r8-p20/sub-s032/Stage1_level1_Iter0023.nii.gz
2DIAGNOSTIC,    23, -6.592016911901e-01, 4.357099533081e-04, 0.0000e+00, 0.0000e+00, 
*/mnt/lustre/mathdugre/fast-interpolate/datasets/ds004513/derivatives/flint/antsRegistration/r8-p20/sub-s032/Stage1_level1_Iter0024.nii.gz
2DIAGNOSTIC,    24, -6.592353899566e-01, 3.063678741455e-04, 0.0000e+00, 0.0000e+00, 
*/mnt/lustre/mathdugre/fast-interpolate/datasets/ds004513/derivatives/flint/antsRegistration/r8-p20/sub-s032/Stage1_level1_Iter0025.nii.gz
2DIAGNOSTIC,    25, -6.595376691104e-01, 1.841187477112e-04, 0.0000e+00, 0.0000e+00, 
*/mnt/lustre/mathdugre/fast-interpolate/datasets/ds004513/derivatives/flint/antsRegistration/r8-p20/sub-s032/Stage1_level1_Iter0026.nii.gz
2DIAGNOSTIC,    26, -6.595825765046e-01, 7.423758506775e-05, 0.0000e+00, 0.0000e+00, 
*/mnt/lustre/mathdugre/fast-interpolate/datasets/ds004513/derivatives/flint/antsRegistration/r8-p20/sub-s032/Stage1_level1_Iter0027.nii.gz
2DIAGNOSTIC,    27, -6.595672821117e-01, 4.947185516357e-05, 0.0000e+00, 0.0000e+00, 
*/mnt/lustre/mathdugre/fast-interpolate/datasets/ds004513/derivatives/flint/antsRegistration/r8-p20/sub-s032/Stage1_level1_Iter0028.nii.gz
2DIAGNOSTIC,    28, -6.595946035080e-01, 4.604458808899e-05, 0.0000e+00, 0.0000e+00, 
*/mnt/lustre/mathdugre/fast-interpolate/datasets/ds004513/derivatives/flint/antsRegistration/r8-p20/sub-s032/Stage1_level1_Iter0029.nii.gz
2DIAGNOSTIC,    29, -6.597246918220e-01, 3.948807716370e-05, 0.0000e+00, 0.0000e+00, 
*/mnt/lustre/mathdugre/fast-interpolate/datasets/ds004513/derivatives/flint/antsRegistration/r8-p20/sub-s032/Stage1_level1_Iter0030.nii.gz
2DIAGNOSTIC,    30, -6.598336152278e-01, 3.466010093689e-05, 0.0000e+00, 0.0000e+00, 
*/mnt/lustre/mathdugre/fast-interpolate/datasets/ds004513/derivatives/flint/antsRegistration/r8-p20/sub-s032/Stage1_level1_Iter0031.nii.gz
2DIAGNOSTIC,    31, -6.598869074999e-01, 2.846121788025e-05, 0.0000e+00, 0.0000e+00, 
*/mnt/lustre/mathdugre/fast-interpolate/datasets/ds004513/derivatives/flint/antsRegistration/r8-p20/sub-s032/Stage1_level1_Iter0032.nii.gz
2DIAGNOSTIC,    32, -6.609268507850e-01, 3.707408905029e-05, 0.0000e+00, 0.0000e+00, 
*/mnt/lustre/mathdugre/fast-interpolate/datasets/ds004513/derivatives/flint/antsRegistration/r8-p20/sub-s032/Stage1_level1_Iter0033.nii.gz
2DIAGNOSTIC,    33, -6.610255177335e-01, 4.661083221436e-05, 0.0000e+00, 0.0000e+00, 
*/mnt/lustre/mathdugre/fast-interpolate/datasets/ds004513/derivatives/flint/antsRegistration/r8-p20/sub-s032/Stage1_level1_Iter0034.nii.gz
2DIAGNOSTIC,    34, -6.610547343642e-01, 5.206465721130e-05, 0.0000e+00, 0.0000e+00, 
*/mnt/lustre/mathdugre/fast-interpolate/datasets/ds004513/derivatives/flint/antsRegistration/r8-p20/sub-s032/Stage1_level1_Iter0035.nii.gz
2DIAGNOSTIC,    35, -6.608964095397e-01, 5.432963371277e-05, 0.0000e+00, 0.0000e+00, 
*/mnt/lustre/mathdugre/fast-interpolate/datasets/ds004513/derivatives/flint/antsRegistration/r8-p20/sub-s032/Stage1_level1_Iter0036.nii.gz
2DIAGNOSTIC,    36, -6.609034067200e-01, 5.215406417847e-05, 0.0000e+00, 0.0000e+00, 
*/mnt/lustre/mathdugre/fast-interpolate/datasets/ds004513/derivatives/flint/antsRegistration/r8-p20/sub-s032/Stage1_level1_Iter0037.nii.gz
2DIAGNOSTIC,    37, -6.607253992300e-01, 4.263222217560e-05, 0.0000e+00, 0.0000e+00, 
*/mnt/lustre/mathdugre/fast-interpolate/datasets/ds004513/derivatives/flint/antsRegistration/r8-p20/sub-s032/Stage1_level1_Iter0038.nii.gz
2DIAGNOSTIC,    38, -6.606396920272e-01, 2.896785736084e-05, 0.0000e+00, 0.0000e+00, 
*/mnt/lustre/mathdugre/fast-interpolate/datasets/ds004513/derivatives/flint/antsRegistration/r8-p20/sub-s032/Stage1_level1_Iter0039.nii.gz
2DIAGNOSTIC,    39, -6.606474989900e-01, 1.505017280579e-05, 0.0000e+00, 0.0000e+00, 
*/mnt/lustre/mathdugre/fast-interpolate/datasets/ds004513/derivatives/flint/antsRegistration/r8-p20/sub-s032/Stage1_level1_Iter0040.nii.gz
2DIAGNOSTIC,    40, -6.606523518796e-01, 1.907348632812e-06, 0.0000e+00, 0.0000e+00, 
DIAGNOSTIC,Iteration,metricValue,convergenceValue,ITERATION_TIME_INDEX,SINCE_LAST
*/mnt/lustre/mathdugre/fast-interpolate/datasets/ds004513/derivatives/flint/antsRegistration/r8-p20/sub-s032/Stage1_level2_Iter0001.nii.gz
2DIAGNOSTIC,     1, -5.203244678719e-01, 1.797693134862e+308, 0.0000e+00, 0.0000e+00, 
*/mnt/lustre/mathdugre/fast-interpolate/datasets/ds004513/derivatives/flint/antsRegistration/r8-p20/sub-s032/Stage1_level2_Iter0002.nii.gz
2DIAGNOSTIC,     2, -5.207941175081e-01, 1.797693134862e+308, 0.0000e+00, 0.0000e+00, 
*/mnt/lustre/mathdugre/fast-interpolate/datasets/ds004513/derivatives/flint/antsRegistration/r8-p20/sub-s032/Stage1_level2_Iter0003.nii.gz
2DIAGNOSTIC,     3, -5.215068327378e-01, 1.797693134862e+308, 0.0000e+00, 0.0000e+00, 
*/mnt/lustre/mathdugre/fast-interpolate/datasets/ds004513/derivatives/flint/antsRegistration/r8-p20/sub-s032/Stage1_level2_Iter0004.nii.gz
2DIAGNOSTIC,     4, -5.223626057342e-01, 1.797693134862e+308, 0.0000e+00, 0.0000e+00, 
*/mnt/lustre/mathdugre/fast-interpolate/datasets/ds004513/derivatives/flint/antsRegistration/r8-p20/sub-s032/Stage1_level2_Iter0005.nii.gz
2DIAGNOSTIC,     5, -5.229661242852e-01, 1.797693134862e+308, 0.0000e+00, 0.0000e+00, 
*/mnt/lustre/mathdugre/fast-interpolate/datasets/ds004513/derivatives/flint/antsRegistration/r8-p20/sub-s032/Stage1_level2_Iter0006.nii.gz
2DIAGNOSTIC,     6, -5.237377821012e-01, 1.797693134862e+308, 0.0000e+00, 0.0000e+00, 
*/mnt/lustre/mathdugre/fast-interpolate/datasets/ds004513/derivatives/flint/antsRegistration/r8-p20/sub-s032/Stage1_level2_Iter0007.nii.gz
2DIAGNOSTIC,     7, -5.264214679994e-01, 1.797693134862e+308, 0.0000e+00, 0.0000e+00, 
*/mnt/lustre/mathdugre/fast-interpolate/datasets/ds004513/derivatives/flint/antsRegistration/r8-p20/sub-s032/Stage1_level2_Iter0008.nii.gz
2DIAGNOSTIC,     8, -5.293172404078e-01, 1.797693134862e+308, 0.0000e+00, 0.0000e+00, 
*/mnt/lustre/mathdugre/fast-interpolate/datasets/ds004513/derivatives/flint/antsRegistration/r8-p20/sub-s032/Stage1_level2_Iter0009.nii.gz
2DIAGNOSTIC,     9, -5.309053966838e-01, 1.797693134862e+308, 0.0000e+00, 0.0000e+00, 
*/mnt/lustre/mathdugre/fast-interpolate/datasets/ds004513/derivatives/flint/antsRegistration/r8-p20/sub-s032/Stage1_level2_Iter0010.nii.gz
2DIAGNOSTIC,    10, -5.313508434137e-01, 1.484811306000e-03, 0.0000e+00, 0.0000e+00, 
*/mnt/lustre/mathdugre/fast-interpolate/datasets/ds004513/derivatives/flint/antsRegistration/r8-p20/sub-s032/Stage1_level2_Iter0011.nii.gz
2DIAGNOSTIC,    11, -5.318643846084e-01, 1.432299613953e-03, 0.0000e+00, 0.0000e+00, 
*/mnt/lustre/mathdugre/fast-interpolate/datasets/ds004513/derivatives/flint/antsRegistration/r8-p20/sub-s032/Stage1_level2_Iter0012.nii.gz
2DIAGNOSTIC,    12, -5.320555609847e-01, 1.288354396820e-03, 0.0000e+00, 0.0000e+00, 
*/mnt/lustre/mathdugre/fast-interpolate/datasets/ds004513/derivatives/flint/antsRegistration/r8-p20/sub-s032/Stage1_level2_Iter0013.nii.gz
2DIAGNOSTIC,    13, -5.320549543207e-01, 1.077830791473e-03, 0.0000e+00, 0.0000e+00, 
*/mnt/lustre/mathdugre/fast-interpolate/datasets/ds004513/derivatives/flint/antsRegistration/r8-p20/sub-s032/Stage1_level2_Iter0014.nii.gz
2DIAGNOSTIC,    14, -5.320855030676e-01, 8.345246315002e-04, 0.0000e+00, 0.0000e+00, 
*/mnt/lustre/mathdugre/fast-interpolate/datasets/ds004513/derivatives/flint/antsRegistration/r8-p20/sub-s032/Stage1_level2_Iter0015.nii.gz
2DIAGNOSTIC,    15, -5.320845178901e-01, 5.712509155273e-04, 0.0000e+00, 0.0000e+00, 
*/mnt/lustre/mathdugre/fast-interpolate/datasets/ds004513/derivatives/flint/antsRegistration/r8-p20/sub-s032/Stage1_level2_Iter0016.nii.gz
2DIAGNOSTIC,    16, -5.320782483463e-01, 3.138184547424e-04, 0.0000e+00, 0.0000e+00, 
*/mnt/lustre/mathdugre/fast-interpolate/datasets/ds004513/derivatives/flint/antsRegistration/r8-p20/sub-s032/Stage1_level2_Iter0017.nii.gz
2DIAGNOSTIC,    17, -5.320906688184e-01, 1.417994499207e-04, 0.0000e+00, 0.0000e+00, 
*/mnt/lustre/mathdugre/fast-interpolate/datasets/ds004513/derivatives/flint/antsRegistration/r8-p20/sub-s032/Stage1_level2_Iter0018.nii.gz
2DIAGNOSTIC,    18, -5.321242307051e-01, 6.252527236938e-05, 0.0000e+00, 0.0000e+00, 
*/mnt/lustre/mathdugre/fast-interpolate/datasets/ds004513/derivatives/flint/antsRegistration/r8-p20/sub-s032/Stage1_level2_Iter0019.nii.gz
2DIAGNOSTIC,    19, -5.321276631469e-01, 3.105401992798e-05, 0.0000e+00, 0.0000e+00, 
*/mnt/lustre/mathdugre/fast-interpolate/datasets/ds004513/derivatives/flint/antsRegistration/r8-p20/sub-s032/Stage1_level2_Iter0020.nii.gz
2DIAGNOSTIC,    20, -5.321365488177e-01, 1.195073127747e-05, 0.0000e+00, 0.0000e+00, 
*/mnt/lustre/mathdugre/fast-interpolate/datasets/ds004513/derivatives/flint/antsRegistration/r8-p20/sub-s032/Stage1_level2_Iter0021.nii.gz
2DIAGNOSTIC,    21, -5.321426545198e-01, 6.884336471558e-06, 0.0000e+00, 0.0000e+00, 
*/mnt/lustre/mathdugre/fast-interpolate/datasets/ds004513/derivatives/flint/antsRegistration/r8-p20/sub-s032/Stage1_level2_Iter0022.nii.gz
2DIAGNOSTIC,    22, -5.321517282944e-01, 6.586313247681e-06, 0.0000e+00, 0.0000e+00, 
*/mnt/lustre/mathdugre/fast-interpolate/datasets/ds004513/derivatives/flint/antsRegistration/r8-p20/sub-s032/Stage1_level2_Iter0023.nii.gz
2DIAGNOSTIC,    23, -5.321451356912e-01, 5.722045898438e-06, 0.0000e+00, 0.0000e+00, 
*/mnt/lustre/mathdugre/fast-interpolate/datasets/ds004513/derivatives/flint/antsRegistration/r8-p20/sub-s032/Stage1_level2_Iter0024.nii.gz
2DIAGNOSTIC,    24, -5.321291705147e-01, 4.768371582031e-06, 0.0000e+00, 0.0000e+00, 
*/mnt/lustre/mathdugre/fast-interpolate/datasets/ds004513/derivatives/flint/antsRegistration/r8-p20/sub-s032/Stage1_level2_Iter0025.nii.gz
2DIAGNOSTIC,    25, -5.321228191019e-01, 3.516674041748e-06, 0.0000e+00, 0.0000e+00, 
*/mnt/lustre/mathdugre/fast-interpolate/datasets/ds004513/derivatives/flint/antsRegistration/r8-p20/sub-s032/Stage1_level2_Iter0026.nii.gz
2DIAGNOSTIC,    26, -5.321172168426e-01, 1.877546310425e-06, 0.0000e+00, 0.0000e+00, 
DIAGNOSTIC,Iteration,metricValue,convergenceValue,ITERATION_TIME_INDEX,SINCE_LAST
*/mnt/lustre/mathdugre/fast-interpolate/datasets/ds004513/derivatives/flint/antsRegistration/r8-p20/sub-s032/Stage1_level3_Iter0001.nii.gz
2DIAGNOSTIC,     1, -4.680323388697e-01, 1.797693134862e+308, 0.0000e+00, 0.0000e+00, 
*/mnt/lustre/mathdugre/fast-interpolate/datasets/ds004513/derivatives/flint/antsRegistration/r8-p20/sub-s032/Stage1_level3_Iter0002.nii.gz
2DIAGNOSTIC,     2, -4.685115376836e-01, 1.797693134862e+308, 0.0000e+00, 0.0000e+00, 
*/mnt/lustre/mathdugre/fast-interpolate/datasets/ds004513/derivatives/flint/antsRegistration/r8-p20/sub-s032/Stage1_level3_Iter0003.nii.gz
2DIAGNOSTIC,     3, -4.691444806155e-01, 1.797693134862e+308, 0.0000e+00, 0.0000e+00, 
*/mnt/lustre/mathdugre/fast-interpolate/datasets/ds004513/derivatives/flint/antsRegistration/r8-p20/sub-s032/Stage1_level3_Iter0004.nii.gz
2DIAGNOSTIC,     4, -4.698229579938e-01, 1.797693134862e+308, 0.0000e+00, 0.0000e+00, 
*/mnt/lustre/mathdugre/fast-interpolate/datasets/ds004513/derivatives/flint/antsRegistration/r8-p20/sub-s032/Stage1_level3_Iter0005.nii.gz
2DIAGNOSTIC,     5, -4.703546087243e-01, 1.797693134862e+308, 0.0000e+00, 0.0000e+00, 
*/mnt/lustre/mathdugre/fast-interpolate/datasets/ds004513/derivatives/flint/antsRegistration/r8-p20/sub-s032/Stage1_level3_Iter0006.nii.gz
2DIAGNOSTIC,     6, -4.707910979647e-01, 1.797693134862e+308, 0.0000e+00, 0.0000e+00, 
*/mnt/lustre/mathdugre/fast-interpolate/datasets/ds004513/derivatives/flint/antsRegistration/r8-p20/sub-s032/Stage1_level3_Iter0007.nii.gz
2DIAGNOSTIC,     7, -4.711431924264e-01, 1.797693134862e+308, 0.0000e+00, 0.0000e+00, 
*/mnt/lustre/mathdugre/fast-interpolate/datasets/ds004513/derivatives/flint/antsRegistration/r8-p20/sub-s032/Stage1_level3_Iter0008.nii.gz
2DIAGNOSTIC,     8, -4.718399032281e-01, 1.797693134862e+308, 0.0000e+00, 0.0000e+00, 
*/mnt/lustre/mathdugre/fast-interpolate/datasets/ds004513/derivatives/flint/antsRegistration/r8-p20/sub-s032/Stage1_level3_Iter0009.nii.gz
2DIAGNOSTIC,     9, -4.742144116821e-01, 1.797693134862e+308, 0.0000e+00, 0.0000e+00, 
*/mnt/lustre/mathdugre/fast-interpolate/datasets/ds004513/derivatives/flint/antsRegistration/r8-p20/sub-s032/Stage1_level3_Iter0010.nii.gz
2DIAGNOSTIC,    10, -4.830484823060e-01, 1.363575458527e-03, 0.0000e+00, 0.0000e+00, 
*/mnt/lustre/mathdugre/fast-interpolate/datasets/ds004513/derivatives/flint/antsRegistration/r8-p20/sub-s032/Stage1_level3_Iter0011.nii.gz
2DIAGNOSTIC,    11, -4.841788918327e-01, 1.732230186462e-03, 0.0000e+00, 0.0000e+00, 
*/mnt/lustre/mathdugre/fast-interpolate/datasets/ds004513/derivatives/flint/antsRegistration/r8-p20/sub-s032/Stage1_level3_Iter0012.nii.gz
2DIAGNOSTIC,    12, -4.850924005194e-01, 1.957714557648e-03, 0.0000e+00, 0.0000e+00, 
*/mnt/lustre/mathdugre/fast-interpolate/datasets/ds004513/derivatives/flint/antsRegistration/r8-p20/sub-s032/Stage1_level3_Iter0013.nii.gz
2DIAGNOSTIC,    13, -4.861517224055e-01, 2.054035663605e-03, 0.0000e+00, 0.0000e+00, 
*/mnt/lustre/mathdugre/fast-interpolate/datasets/ds004513/derivatives/flint/antsRegistration/r8-p20/sub-s032/Stage1_level3_Iter0014.nii.gz
2DIAGNOSTIC,    14, -4.891663176540e-01, 2.103209495544e-03, 0.0000e+00, 0.0000e+00, 
*/mnt/lustre/mathdugre/fast-interpolate/datasets/ds004513/derivatives/flint/antsRegistration/r8-p20/sub-s032/Stage1_level3_Iter0015.nii.gz
2DIAGNOSTIC,    15, -4.919894072334e-01, 2.078354358673e-03, 0.0000e+00, 0.0000e+00, 
*/mnt/lustre/mathdugre/fast-interpolate/datasets/ds004513/derivatives/flint/antsRegistration/r8-p20/sub-s032/Stage1_level3_Iter0016.nii.gz
2DIAGNOSTIC,    16, -4.928827085371e-01, 1.914024353027e-03, 0.0000e+00, 0.0000e+00, 
*/mnt/lustre/mathdugre/fast-interpolate/datasets/ds004513/derivatives/flint/antsRegistration/r8-p20/sub-s032/Stage1_level3_Iter0017.nii.gz
2DIAGNOSTIC,    17, -4.934292440641e-01, 1.631677150726e-03, 0.0000e+00, 0.0000e+00, 
*/mnt/lustre/mathdugre/fast-interpolate/datasets/ds004513/derivatives/flint/antsRegistration/r8-p20/sub-s032/Stage1_level3_Iter0018.nii.gz
2DIAGNOSTIC,    18, -4.940722313128e-01, 1.277506351471e-03, 0.0000e+00, 0.0000e+00, 
*/mnt/lustre/mathdugre/fast-interpolate/datasets/ds004513/derivatives/flint/antsRegistration/r8-p20/sub-s032/Stage1_level3_Iter0019.nii.gz
2DIAGNOSTIC,    19, -4.952391922801e-01, 9.448826313019e-04, 0.0000e+00, 0.0000e+00, 
*/mnt/lustre/mathdugre/fast-interpolate/datasets/ds004513/derivatives/flint/antsRegistration/r8-p20/sub-s032/Stage1_level3_Iter0020.nii.gz
2DIAGNOSTIC,    20, -5.002746266796e-01, 9.655058383942e-04, 0.0000e+00, 0.0000e+00, 
*/mnt/lustre/mathdugre/fast-interpolate/datasets/ds004513/derivatives/flint/antsRegistration/r8-p20/sub-s032/Stage1_level3_Iter0021.nii.gz
2DIAGNOSTIC,    21, -5.016139926298e-01, 9.605586528778e-04, 1.0240e+03, 1.0240e+03, 
*/mnt/lustre/mathdugre/fast-interpolate/datasets/ds004513/derivatives/flint/antsRegistration/r8-p20/sub-s032/Stage1_level3_Iter0022.nii.gz
2DIAGNOSTIC,    22, -5.031791837105e-01, 9.348392486572e-04, 1.0240e+03, 0.0000e+00, 
*/mnt/lustre/mathdugre/fast-interpolate/datasets/ds004513/derivatives/flint/antsRegistration/r8-p20/sub-s032/Stage1_level3_Iter0023.nii.gz
2DIAGNOSTIC,    23, -5.033374493211e-01, 8.554160594940e-04, 1.0240e+03, 0.0000e+00, 
*/mnt/lustre/mathdugre/fast-interpolate/datasets/ds004513/derivatives/flint/antsRegistration/r8-p20/sub-s032/Stage1_level3_Iter0024.nii.gz
2DIAGNOSTIC,    24, -5.033613897719e-01, 7.753968238831e-04, 1.0240e+03, 0.0000e+00, 
*/mnt/lustre/mathdugre/fast-interpolate/datasets/ds004513/derivatives/flint/antsRegistration/r8-p20/sub-s032/Stage1_level3_Iter0025.nii.gz
2DIAGNOSTIC,    25, -5.033729272612e-01, 6.940364837646e-04, 1.0240e+03, 0.0000e+00, 
*/mnt/lustre/mathdugre/fast-interpolate/datasets/ds004513/derivatives/flint/antsRegistration/r8-p20/sub-s032/Stage1_level3_Iter0026.nii.gz
2DIAGNOSTIC,    26, -5.033776791995e-01, 5.735158920288e-04, 1.0240e+03, 0.0000e+00, 
*/mnt/lustre/mathdugre/fast-interpolate/datasets/ds004513/derivatives/flint/antsRegistration/r8-p20/sub-s032/Stage1_level3_Iter0027.nii.gz
2DIAGNOSTIC,    27, -5.033856125540e-01, 4.213452339172e-04, 1.0240e+03, 0.0000e+00, 
*/mnt/lustre/mathdugre/fast-interpolate/datasets/ds004513/derivatives/flint/antsRegistration/r8-p20/sub-s032/Stage1_level3_Iter0028.nii.gz
2DIAGNOSTIC,    28, -5.034187323526e-01, 2.556741237640e-04, 1.0240e+03, 0.0000e+00, 
*/mnt/lustre/mathdugre/fast-interpolate/datasets/ds004513/derivatives/flint/antsRegistration/r8-p20/sub-s032/Stage1_level3_Iter0029.nii.gz
2DIAGNOSTIC,    29, -5.034973067291e-01, 1.008212566376e-04, 1.0240e+03, 0.0000e+00, 
*/mnt/lustre/mathdugre/fast-interpolate/datasets/ds004513/derivatives/flint/antsRegistration/r8-p20/sub-s032/Stage1_level3_Iter0030.nii.gz
2DIAGNOSTIC,    30, -5.036087992405e-01, 4.646182060242e-05, 1.0240e+03, 0.0000e+00, 
*/mnt/lustre/mathdugre/fast-interpolate/datasets/ds004513/derivatives/flint/antsRegistration/r8-p20/sub-s032/Stage1_level3_Iter0031.nii.gz
2DIAGNOSTIC,    31, -5.036164486790e-01, 1.588463783264e-05, 1.0240e+03, 0.0000e+00, 
*/mnt/lustre/mathdugre/fast-interpolate/datasets/ds004513/derivatives/flint/antsRegistration/r8-p20/sub-s032/Stage1_level3_Iter0032.nii.gz
2DIAGNOSTIC,    32, -5.036154267654e-01, 1.418590545654e-05, 1.0240e+03, 0.0000e+00, 
*/mnt/lustre/mathdugre/fast-interpolate/datasets/ds004513/derivatives/flint/antsRegistration/r8-p20/sub-s032/Stage1_level3_Iter0033.nii.gz
2DIAGNOSTIC,    33, -5.036152122717e-01, 1.418590545654e-05, 1.0240e+03, 0.0000e+00, 
*/mnt/lustre/mathdugre/fast-interpolate/datasets/ds004513/derivatives/flint/antsRegistration/r8-p20/sub-s032/Stage1_level3_Iter0034.nii.gz
2DIAGNOSTIC,    34, -5.036152746636e-01, 1.323223114014e-05, 1.0240e+03, 0.0000e+00, 
*/mnt/lustre/mathdugre/fast-interpolate/datasets/ds004513/derivatives/flint/antsRegistration/r8-p20/sub-s032/Stage1_level3_Iter0035.nii.gz
2DIAGNOSTIC,    35, -5.036131777549e-01, 1.135468482971e-05, 1.0240e+03, 0.0000e+00, 
*/mnt/lustre/mathdugre/fast-interpolate/datasets/ds004513/derivatives/flint/antsRegistration/r8-p20/sub-s032/Stage1_level3_Iter0036.nii.gz
2DIAGNOSTIC,    36, -5.036117718340e-01, 8.627772331238e-06, 1.0240e+03, 0.0000e+00, 
*/mnt/lustre/mathdugre/fast-interpolate/datasets/ds004513/derivatives/flint/antsRegistration/r8-p20/sub-s032/Stage1_level3_Iter0037.nii.gz
2DIAGNOSTIC,    37, -5.036120796408e-01, 5.453824996948e-06, 1.0240e+03, 0.0000e+00, 
*/mnt/lustre/mathdugre/fast-interpolate/datasets/ds004513/derivatives/flint/antsRegistration/r8-p20/sub-s032/Stage1_level3_Iter0038.nii.gz
2DIAGNOSTIC,    38, -5.036123311454e-01, 2.562999725342e-06, 1.0240e+03, 0.0000e+00, 
DIAGNOSTIC,Iteration,metricValue,convergenceValue,ITERATION_TIME_INDEX,SINCE_LAST
*/mnt/lustre/mathdugre/fast-interpolate/datasets/ds004513/derivatives/flint/antsRegistration/r8-p20/sub-s032/Stage1_level4_Iter0001.nii.gz
2DIAGNOSTIC,     1, -4.679803994081e-01, 1.797693134862e+308, 1.0240e+03, 0.0000e+00, 
*/mnt/lustre/mathdugre/fast-interpolate/datasets/ds004513/derivatives/flint/antsRegistration/r8-p20/sub-s032/Stage1_level4_Iter0002.nii.gz
2DIAGNOSTIC,     2, -4.681011925568e-01, 1.797693134862e+308, 1.0240e+03, 0.0000e+00, 
*/mnt/lustre/mathdugre/fast-interpolate/datasets/ds004513/derivatives/flint/antsRegistration/r8-p20/sub-s032/Stage1_level4_Iter0003.nii.gz
2DIAGNOSTIC,     3, -4.681974266712e-01, 1.797693134862e+308, 1.0240e+03, 0.0000e+00, 
*/mnt/lustre/mathdugre/fast-interpolate/datasets/ds004513/derivatives/flint/antsRegistration/r8-p20/sub-s032/Stage1_level4_Iter0004.nii.gz
2DIAGNOSTIC,     4, -4.682335075241e-01, 1.797693134862e+308, 1.0240e+03, 0.0000e+00, 
*/mnt/lustre/mathdugre/fast-interpolate/datasets/ds004513/derivatives/flint/antsRegistration/r8-p20/sub-s032/Stage1_level4_Iter0005.nii.gz
2DIAGNOSTIC,     5, -4.682358104852e-01, 1.797693134862e+308, 1.0240e+03, 0.0000e+00, 
*/mnt/lustre/mathdugre/fast-interpolate/datasets/ds004513/derivatives/flint/antsRegistration/r8-p20/sub-s032/Stage1_level4_Iter0006.nii.gz
2DIAGNOSTIC,     6, -4.682346586287e-01, 1.797693134862e+308, 1.0240e+03, 0.0000e+00, 
*/mnt/lustre/mathdugre/fast-interpolate/datasets/ds004513/derivatives/flint/antsRegistration/r8-p20/sub-s032/Stage1_level4_Iter0007.nii.gz
2DIAGNOSTIC,     7, -4.682350382053e-01, 1.797693134862e+308, 1.0240e+03, 0.0000e+00, 
*/mnt/lustre/mathdugre/fast-interpolate/datasets/ds004513/derivatives/flint/antsRegistration/r8-p20/sub-s032/Stage1_level4_Iter0008.nii.gz
2DIAGNOSTIC,     8, -4.682349595902e-01, 1.797693134862e+308, 1.0240e+03, 0.0000e+00, 
*/mnt/lustre/mathdugre/fast-interpolate/datasets/ds004513/derivatives/flint/antsRegistration/r8-p20/sub-s032/Stage1_level4_Iter0009.nii.gz
2DIAGNOSTIC,     9, -4.682343793668e-01, 1.797693134862e+308, 1.0240e+03, 0.0000e+00, 
*/mnt/lustre/mathdugre/fast-interpolate/datasets/ds004513/derivatives/flint/antsRegistration/r8-p20/sub-s032/Stage1_level4_Iter0010.nii.gz
2DIAGNOSTIC,    10, -4.682344003061e-01, 2.729892730713e-05, 1.0240e+03, 0.0000e+00, 
*/mnt/lustre/mathdugre/fast-interpolate/datasets/ds004513/derivatives/flint/antsRegistration/r8-p20/sub-s032/Stage1_level4_Iter0011.nii.gz
2DIAGNOSTIC,    11, -4.682341105806e-01, 1.204013824463e-05, 1.0240e+03, 0.0000e+00, 
*/mnt/lustre/mathdugre/fast-interpolate/datasets/ds004513/derivatives/flint/antsRegistration/r8-p20/sub-s032/Stage1_level4_Iter0012.nii.gz
2DIAGNOSTIC,    12, -4.682344868604e-01, 4.410743713379e-06, 1.0240e+03, 0.0000e+00, 
*/mnt/lustre/mathdugre/fast-interpolate/datasets/ds004513/derivatives/flint/antsRegistration/r8-p20/sub-s032/Stage1_level4_Iter0013.nii.gz
2DIAGNOSTIC,    13, -4.682344861715e-01, 2.205371856689e-06, 1.0240e+03, 0.0000e+00, 
*/mnt/lustre/mathdugre/fast-interpolate/datasets/ds004513/derivatives/flint/antsRegistration/r8-p20/sub-s032/Stage1_level4_Iter0014.nii.gz
