
##########################
# Experiment information #
##########################

EXPERIMENT_NAME: r8-p22
VFC_BACKENDS: libinterflop_vprec.so --range-binary32=8 --precision-binary32=22 --range-binary64=8 --precision-binary64=22

SIF_IMG: /mnt/lustre/mathdugre/containers/ants-vprec-no_metric.simg

SUBJECT_ID: s032
INPUT_IMG: /mnt/lustre/mathdugre/fast-interpolate/datasets/ds004513/derivatives/flint/antsBrainExtraction/sub-s032/BrainExtractionBrain.nii.gz
OUTPUT_DIR: /mnt/lustre/mathdugre/fast-interpolate/datasets/ds004513/derivatives/flint/antsRegistration/r8-p22/sub-s032

FIXED_IMG: /templateflow/tpl-MNI152NLin2009cAsym/tpl-MNI152NLin2009cAsym_res-01_desc-brain_T1w.nii.gz
DATA_DIR: /mnt/lustre/mathdugre/fast-interpolate/datasets/ds004513
TEMPLATEFLOW_DIR: /home/mathdugre/.cache/templateflow
ITK_GLOBAL_DEFAULT_NUMBER_OF_THREADS: 4
##########################

Info [verificarlo]: loaded backend libinterflop_vprec.so
Info [interflop-vprec]: load backend with: 
Info [interflop-vprec]: precision-binary32 = 22
Info [interflop-vprec]: range-binary32 = 8
Info [interflop-vprec]: precision-binary64 = 22
Info [interflop-vprec]: range-binary64 = 8
Info [interflop-vprec]: mode = ob
Info [interflop-vprec]: error-mode = rel
Info [interflop-vprec]: max-abs-error-exponent = -1022
Info [interflop-vprec]: daz = false
Info [interflop-vprec]: ftz = false
Info [interflop-vprec]: 	instrument = none
Info [interflop-vprec]: 	prec-input-file = (null)
Info [interflop-vprec]: 	prec-output-file = (null)
Info [interflop-vprec]: 	prec-log-file = (null)
All_Command_lines_OK
Using double precision for computations.
=============================================================================
The composite transform comprises the following transforms (in order): 
  1. Center of mass alignment using fixed image: /templateflow/tpl-MNI152NLin2009cAsym/tpl-MNI152NLin2009cAsym_res-01_desc-brain_T1w.nii.gz and moving image: /mnt/lustre/mathdugre/fast-interpolate/datasets/ds004513/derivatives/flint/antsBrainExtraction/sub-s032/BrainExtractionBrain.nii.gz (type = Euler3DTransform)
=============================================================================
  number of levels = 4
  number of levels = 4
  number of levels = 4
  fixed image: /templateflow/tpl-MNI152NLin2009cAsym/tpl-MNI152NLin2009cAsym_res-01_desc-brain_T1w.nii.gz
  moving image: /mnt/lustre/mathdugre/fast-interpolate/datasets/ds004513/derivatives/flint/antsBrainExtraction/sub-s032/BrainExtractionBrain.nii.gz
  fixed image: /templateflow/tpl-MNI152NLin2009cAsym/tpl-MNI152NLin2009cAsym_res-01_desc-brain_T1w.nii.gz
  moving image: /mnt/lustre/mathdugre/fast-interpolate/datasets/ds004513/derivatives/flint/antsBrainExtraction/sub-s032/BrainExtractionBrain.nii.gz
  fixed image: /templateflow/tpl-MNI152NLin2009cAsym/tpl-MNI152NLin2009cAsym_res-01_desc-brain_T1w.nii.gz
  moving image: /mnt/lustre/mathdugre/fast-interpolate/datasets/ds004513/derivatives/flint/antsBrainExtraction/sub-s032/BrainExtractionBrain.nii.gz
Dimension = 3
Number of stages = 3
Use histogram matching = false
Winsorize image intensities = true
  Lower quantile = 0.005
  Upper quantile = 0.995


Stage 1 State
   Image metric = MattesMI
     Fixed image = Image (0x4cc3b30)
  RTTI typeinfo:   itk::Image<double, 3u>
  Reference Count: 2
  Modified Time: 2385
  Debug: Off
  Object Name: 
  Observers: 
    none
  Source: (none)
  Source output name: (none)
  Release Data: Off
  Data Released: False
  Global Release Data: Off
  PipelineMTime: 0
  UpdateMTime: 1996
  RealTimeStamp: 0 seconds 
  LargestPossibleRegion: 
    Dimension: 3
    Index: [0, 0, 0]
    Size: [193, 229, 193]
  BufferedRegion: 
    Dimension: 3
    Index: [0, 0, 0]
    Size: [193, 229, 193]
  RequestedRegion: 
    Dimension: 3
    Index: [0, 0, 0]
    Size: [193, 229, 193]
  Spacing: [1, 1, 1]
  Origin: [96, 132, -78]
  Direction: 
-1 0 0
0 -1 0
0 0 1

  IndexToPointMatrix: 
-1 0 0
0 -1 0
0 0 1

  PointToIndexMatrix: 
-1 0 0
0 -1 0
0 0 1

  Inverse Direction: 
-1 0 0
0 -1 0
0 0 1

  PixelContainer: 
    ImportImageContainer (0x4cc8a10)
      RTTI typeinfo:   itk::ImportImageContainer<unsigned long, double>
      Reference Count: 1
      Modified Time: 1993
      Debug: Off
      Object Name: 
      Observers: 
        none
      Pointer: 0x7fd034983010
      Container manages memory: true
      Size: 8530021
      Capacity: 8530021

     Moving image = Image (0x4cbf400)
  RTTI typeinfo:   itk::Image<double, 3u>
  Reference Count: 2
  Modified Time: 2386
  Debug: Off
  Object Name: 
  Observers: 
    none
  Source: (none)
  Source output name: (none)
  Release Data: Off
  Data Released: False
  Global Release Data: Off
  PipelineMTime: 0
  UpdateMTime: 2383
  RealTimeStamp: 0 seconds 
  LargestPossibleRegion: 
    Dimension: 3
    Index: [0, 0, 0]
    Size: [160, 240, 256]
  BufferedRegion: 
    Dimension: 3
    Index: [0, 0, 0]
    Size: [160, 240, 256]
  RequestedRegion: 
    Dimension: 3
    Index: [0, 0, 0]
    Size: [160, 240, 256]
  Spacing: [1, 1, 1]
  Origin: [73.279, 104.707, -131.187]
  Direction: 
-0.997527 0.0645574 -0.0278053
-0.0645323 -0.997914 -0.00179875
-0.0278634 4.01097e-08 0.999612

  IndexToPointMatrix: 
-0.997527 0.0645574 -0.0278053
-0.0645323 -0.997914 -0.00179875
-0.0278634 4.01097e-08 0.999612

  PointToIndexMatrix: 
-0.997527 -0.0645323 -0.0278634
0.0645574 -0.997914 1.20141e-07
-0.0278053 -0.00179879 0.999612

  Inverse Direction: 
-0.997527 -0.0645323 -0.0278634
0.0645574 -0.997914 1.20141e-07
-0.0278053 -0.00179879 0.999612

  PixelContainer: 
    ImportImageContainer (0x4e936d0)
      RTTI typeinfo:   itk::ImportImageContainer<unsigned long, double>
      Reference Count: 1
      Modified Time: 2380
      Debug: Off
      Object Name: 
      Observers: 
        none
      Pointer: 0x7fd02fe82010
      Container manages memory: true
      Size: 9830400
      Capacity: 9830400

     Weighting = 1
     Sampling strategy = regular
     Number of bins = 32
     Radius = 4
     Sampling percentage  = 0.25
   Transform = Rigid
     Gradient step = 0.1
     Update field sigma (voxel space) = 0
     Total field sigma (voxel space) = 0
     Update field time sigma = 0
     Total field time sigma  = 0
     Number of time indices = 0
     Number of time point samples = 0
Stage 2 State
   Image metric = MattesMI
     Fixed image = Image (0x4cdfec0)
  RTTI typeinfo:   itk::Image<double, 3u>
  Reference Count: 2
  Modified Time: 3161
  Debug: Off
  Object Name: 
  Observers: 
    none
  Source: (none)
  Source output name: (none)
  Release Data: Off
  Data Released: False
  Global Release Data: Off
  PipelineMTime: 0
  UpdateMTime: 2772
  RealTimeStamp: 0 seconds 
  LargestPossibleRegion: 
    Dimension: 3
    Index: [0, 0, 0]
    Size: [193, 229, 193]
  BufferedRegion: 
    Dimension: 3
    Index: [0, 0, 0]
    Size: [193, 229, 193]
  RequestedRegion: 
    Dimension: 3
    Index: [0, 0, 0]
    Size: [193, 229, 193]
  Spacing: [1, 1, 1]
  Origin: [96, 132, -78]
  Direction: 
-1 0 0
0 -1 0
0 0 1

  IndexToPointMatrix: 
-1 0 0
0 -1 0
0 0 1

  PointToIndexMatrix: 
-1 0 0
0 -1 0
0 0 1

  Inverse Direction: 
-1 0 0
0 -1 0
0 0 1

  PixelContainer: 
    ImportImageContainer (0x4ce0c80)
      RTTI typeinfo:   itk::ImportImageContainer<unsigned long, double>
      Reference Count: 1
      Modified Time: 2769
      Debug: Off
      Object Name: 
      Observers: 
        none
      Pointer: 0x7fd02bd6d010
      Container manages memory: true
      Size: 8530021
      Capacity: 8530021

     Moving image = Image (0x4ce8690)
  RTTI typeinfo:   itk::Image<double, 3u>
  Reference Count: 2
  Modified Time: 3162
  Debug: Off
  Object Name: 
  Observers: 
    none
  Source: (none)
  Source output name: (none)
  Release Data: Off
  Data Released: False
  Global Release Data: Off
  PipelineMTime: 0
  UpdateMTime: 3159
  RealTimeStamp: 0 seconds 
  LargestPossibleRegion: 
    Dimension: 3
    Index: [0, 0, 0]
    Size: [160, 240, 256]
  BufferedRegion: 
    Dimension: 3
    Index: [0, 0, 0]
    Size: [160, 240, 256]
  RequestedRegion: 
    Dimension: 3
    Index: [0, 0, 0]
    Size: [160, 240, 256]
  Spacing: [1, 1, 1]
  Origin: [73.279, 104.707, -131.187]
  Direction: 
-0.997527 0.0645574 -0.0278053
-0.0645323 -0.997914 -0.00179875
-0.0278634 4.01097e-08 0.999612

  IndexToPointMatrix: 
-0.997527 0.0645574 -0.0278053
-0.0645323 -0.997914 -0.00179875
-0.0278634 4.01097e-08 0.999612

  PointToIndexMatrix: 
-0.997527 -0.0645323 -0.0278634
0.0645574 -0.997914 1.20141e-07
-0.0278053 -0.00179879 0.999612

  Inverse Direction: 
-0.997527 -0.0645323 -0.0278634
0.0645574 -0.997914 1.20141e-07
-0.0278053 -0.00179879 0.999612

  PixelContainer: 
    ImportImageContainer (0x4e736d0)
      RTTI typeinfo:   itk::ImportImageContainer<unsigned long, double>
      Reference Count: 1
      Modified Time: 3156
      Debug: Off
      Object Name: 
      Observers: 
        none
      Pointer: 0x7fd02726c010
      Container manages memory: true
      Size: 9830400
      Capacity: 9830400

     Weighting = 1
     Sampling strategy = regular
     Number of bins = 32
     Radius = 4
     Sampling percentage  = 0.25
   Transform = Affine
     Gradient step = 0.1
     Update field sigma (voxel space) = 0
     Total field sigma (voxel space) = 0
     Update field time sigma = 0
     Total field time sigma  = 0
     Number of time indices = 0
     Number of time point samples = 0
Stage 3 State
   Image metric = CC
     Fixed image = Image (0x4ce8220)
  RTTI typeinfo:   itk::Image<double, 3u>
  Reference Count: 2
  Modified Time: 3937
  Debug: Off
  Object Name: 
  Observers: 
    none
  Source: (none)
  Source output name: (none)
  Release Data: Off
  Data Released: False
  Global Release Data: Off
  PipelineMTime: 0
  UpdateMTime: 3548
  RealTimeStamp: 0 seconds 
  LargestPossibleRegion: 
    Dimension: 3
    Index: [0, 0, 0]
    Size: [193, 229, 193]
  BufferedRegion: 
    Dimension: 3
    Index: [0, 0, 0]
    Size: [193, 229, 193]
  RequestedRegion: 
    Dimension: 3
    Index: [0, 0, 0]
    Size: [193, 229, 193]
  Spacing: [1, 1, 1]
  Origin: [96, 132, -78]
  Direction: 
-1 0 0
0 -1 0
0 0 1

  IndexToPointMatrix: 
-1 0 0
0 -1 0
0 0 1

  PointToIndexMatrix: 
-1 0 0
0 -1 0
0 0 1

  Inverse Direction: 
-1 0 0
0 -1 0
0 0 1

  PixelContainer: 
    ImportImageContainer (0x4ce7d40)
      RTTI typeinfo:   itk::ImportImageContainer<unsigned long, double>
      Reference Count: 1
      Modified Time: 3545
      Debug: Off
      Object Name: 
      Observers: 
        none
      Pointer: 0x7fd023157010
      Container manages memory: true
      Size: 8530021
      Capacity: 8530021

     Moving image = Image (0x4cdda80)
  RTTI typeinfo:   itk::Image<double, 3u>
  Reference Count: 2
  Modified Time: 3938
  Debug: Off
  Object Name: 
  Observers: 
    none
  Source: (none)
  Source output name: (none)
  Release Data: Off
  Data Released: False
  Global Release Data: Off
  PipelineMTime: 0
  UpdateMTime: 3935
  RealTimeStamp: 0 seconds 
  LargestPossibleRegion: 
    Dimension: 3
    Index: [0, 0, 0]
    Size: [160, 240, 256]
  BufferedRegion: 
    Dimension: 3
    Index: [0, 0, 0]
    Size: [160, 240, 256]
  RequestedRegion: 
    Dimension: 3
    Index: [0, 0, 0]
    Size: [160, 240, 256]
  Spacing: [1, 1, 1]
  Origin: [73.279, 104.707, -131.187]
  Direction: 
-0.997527 0.0645574 -0.0278053
-0.0645323 -0.997914 -0.00179875
-0.0278634 4.01097e-08 0.999612

  IndexToPointMatrix: 
-0.997527 0.0645574 -0.0278053
-0.0645323 -0.997914 -0.00179875
-0.0278634 4.01097e-08 0.999612

  PointToIndexMatrix: 
-0.997527 -0.0645323 -0.0278634
0.0645574 -0.997914 1.20141e-07
-0.0278053 -0.00179879 0.999612

  Inverse Direction: 
-0.997527 -0.0645323 -0.0278634
0.0645574 -0.997914 1.20141e-07
-0.0278053 -0.00179879 0.999612

  PixelContainer: 
    ImportImageContainer (0x4eb3750)
      RTTI typeinfo:   itk::ImportImageContainer<unsigned long, double>
      Reference Count: 1
      Modified Time: 3932
      Debug: Off
      Object Name: 
      Observers: 
        none
      Pointer: 0x7fd01e656010
      Container manages memory: true
      Size: 9830400
      Capacity: 9830400

     Weighting = 1
     Sampling strategy = none
     Number of bins = 32
     Radius = 4
     Sampling percentage  = 1
   Transform = SyN
     Gradient step = 0.1
     Update field sigma (voxel space) = 3
     Total field sigma (voxel space) = 0
     Update field time sigma = 0
     Total field time sigma  = 0
     Number of time indices = 0
     Number of time point samples = 0
Registration using 3 total stages.

Stage 0
  iterations = 1000x500x250x100
  convergence threshold = 1e-06
  convergence window size = 10
  number of levels = 4
  using the Mattes MI metric (number of bins = 32, weight = 1, use gradient filter = 0)
  preprocessing:  winsorizing the image intensities
  Shrink factors (level 1 out of 4): [8, 8, 8]
  Shrink factors (level 2 out of 4): [4, 4, 4]
  Shrink factors (level 3 out of 4): [2, 2, 2]
  Shrink factors (level 4 out of 4): [1, 1, 1]
  smoothing sigmas per level: [3, 2, 1, 0]
  regular sampling (percentage = 0.25)

*** Running Euler3DTransform registration ***

DIAGNOSTIC,Iteration,metricValue,convergenceValue,ITERATION_TIME_INDEX,SINCE_LAST
*/mnt/lustre/mathdugre/fast-interpolate/datasets/ds004513/derivatives/flint/antsRegistration/r8-p22/sub-s032/Stage1_level1_Iter0001.nii.gz
2DIAGNOSTIC,     1, -5.516442830117e-01, 1.797693134862e+308, 0.0000e+00, 0.0000e+00, 
*/mnt/lustre/mathdugre/fast-interpolate/datasets/ds004513/derivatives/flint/antsRegistration/r8-p22/sub-s032/Stage1_level1_Iter0002.nii.gz
2DIAGNOSTIC,     2, -5.543152840469e-01, 1.797693134862e+308, 0.0000e+00, 0.0000e+00, 
*/mnt/lustre/mathdugre/fast-interpolate/datasets/ds004513/derivatives/flint/antsRegistration/r8-p22/sub-s032/Stage1_level1_Iter0003.nii.gz
2DIAGNOSTIC,     3, -5.597326056267e-01, 1.797693134862e+308, 0.0000e+00, 0.0000e+00, 
*/mnt/lustre/mathdugre/fast-interpolate/datasets/ds004513/derivatives/flint/antsRegistration/r8-p22/sub-s032/Stage1_level1_Iter0004.nii.gz
2DIAGNOSTIC,     4, -5.667237360519e-01, 1.797693134862e+308, 0.0000e+00, 0.0000e+00, 
*/mnt/lustre/mathdugre/fast-interpolate/datasets/ds004513/derivatives/flint/antsRegistration/r8-p22/sub-s032/Stage1_level1_Iter0005.nii.gz
2DIAGNOSTIC,     5, -5.749733332720e-01, 1.797693134862e+308, 0.0000e+00, 0.0000e+00, 
*/mnt/lustre/mathdugre/fast-interpolate/datasets/ds004513/derivatives/flint/antsRegistration/r8-p22/sub-s032/Stage1_level1_Iter0006.nii.gz
2DIAGNOSTIC,     6, -5.986782963202e-01, 1.797693134862e+308, 0.0000e+00, 0.0000e+00, 
*/mnt/lustre/mathdugre/fast-interpolate/datasets/ds004513/derivatives/flint/antsRegistration/r8-p22/sub-s032/Stage1_level1_Iter0007.nii.gz
2DIAGNOSTIC,     7, -6.173334821348e-01, 1.797693134862e+308, 0.0000e+00, 0.0000e+00, 
*/mnt/lustre/mathdugre/fast-interpolate/datasets/ds004513/derivatives/flint/antsRegistration/r8-p22/sub-s032/Stage1_level1_Iter0008.nii.gz
2DIAGNOSTIC,     8, -6.354713627386e-01, 1.797693134862e+308, 0.0000e+00, 0.0000e+00, 
*/mnt/lustre/mathdugre/fast-interpolate/datasets/ds004513/derivatives/flint/antsRegistration/r8-p22/sub-s032/Stage1_level1_Iter0009.nii.gz
2DIAGNOSTIC,     9, -6.370683117520e-01, 1.797693134862e+308, 0.0000e+00, 0.0000e+00, 
*/mnt/lustre/mathdugre/fast-interpolate/datasets/ds004513/derivatives/flint/antsRegistration/r8-p22/sub-s032/Stage1_level1_Iter0010.nii.gz
2DIAGNOSTIC,    10, -6.384292606060e-01, 1.148781180382e-02, 0.0000e+00, 0.0000e+00, 
*/mnt/lustre/mathdugre/fast-interpolate/datasets/ds004513/derivatives/flint/antsRegistration/r8-p22/sub-s032/Stage1_level1_Iter0011.nii.gz
2DIAGNOSTIC,    11, -6.438716673257e-01, 1.032972335815e-02, 0.0000e+00, 0.0000e+00, 
*/mnt/lustre/mathdugre/fast-interpolate/datasets/ds004513/derivatives/flint/antsRegistration/r8-p22/sub-s032/Stage1_level1_Iter0012.nii.gz
2DIAGNOSTIC,    12, -6.454130508721e-01, 8.601471781731e-03, 0.0000e+00, 0.0000e+00, 
*/mnt/lustre/mathdugre/fast-interpolate/datasets/ds004513/derivatives/flint/antsRegistration/r8-p22/sub-s032/Stage1_level1_Iter0013.nii.gz
2DIAGNOSTIC,    13, -6.494607991421e-01, 6.721124053001e-03, 0.0000e+00, 0.0000e+00, 
*/mnt/lustre/mathdugre/fast-interpolate/datasets/ds004513/derivatives/flint/antsRegistration/r8-p22/sub-s032/Stage1_level1_Iter0014.nii.gz
2DIAGNOSTIC,    14, -6.513304711357e-01, 4.822880029678e-03, 0.0000e+00, 0.0000e+00, 
*/mnt/lustre/mathdugre/fast-interpolate/datasets/ds004513/derivatives/flint/antsRegistration/r8-p22/sub-s032/Stage1_level1_Iter0015.nii.gz
2DIAGNOSTIC,    15, -6.553304171841e-01, 3.128260374069e-03, 0.0000e+00, 0.0000e+00, 
*/mnt/lustre/mathdugre/fast-interpolate/datasets/ds004513/derivatives/flint/antsRegistration/r8-p22/sub-s032/Stage1_level1_Iter0016.nii.gz
2DIAGNOSTIC,    16, -6.566283370687e-01, 2.084225416183e-03, 0.0000e+00, 0.0000e+00, 
*/mnt/lustre/mathdugre/fast-interpolate/datasets/ds004513/derivatives/flint/antsRegistration/r8-p22/sub-s032/Stage1_level1_Iter0017.nii.gz
2DIAGNOSTIC,    17, -6.574264288790e-01, 1.493230462074e-03, 0.0000e+00, 0.0000e+00, 
*/mnt/lustre/mathdugre/fast-interpolate/datasets/ds004513/derivatives/flint/antsRegistration/r8-p22/sub-s032/Stage1_level1_Iter0018.nii.gz
2DIAGNOSTIC,    18, -6.587203355354e-01, 1.330666244030e-03, 0.0000e+00, 0.0000e+00, 
*/mnt/lustre/mathdugre/fast-interpolate/datasets/ds004513/derivatives/flint/antsRegistration/r8-p22/sub-s032/Stage1_level1_Iter0019.nii.gz
2DIAGNOSTIC,    19, -6.587619088968e-01, 1.102551817894e-03, 0.0000e+00, 0.0000e+00, 
*/mnt/lustre/mathdugre/fast-interpolate/datasets/ds004513/derivatives/flint/antsRegistration/r8-p22/sub-s032/Stage1_level1_Iter0020.nii.gz
2DIAGNOSTIC,    20, -6.592735341107e-01, 8.363798260689e-04, 0.0000e+00, 0.0000e+00, 
*/mnt/lustre/mathdugre/fast-interpolate/datasets/ds004513/derivatives/flint/antsRegistration/r8-p22/sub-s032/Stage1_level1_Iter0021.nii.gz
2DIAGNOSTIC,    21, -6.593186890141e-01, 6.382092833519e-04, 0.0000e+00, 0.0000e+00, 
*/mnt/lustre/mathdugre/fast-interpolate/datasets/ds004513/derivatives/flint/antsRegistration/r8-p22/sub-s032/Stage1_level1_Iter0022.nii.gz
2DIAGNOSTIC,    22, -6.592795881586e-01, 4.297196865082e-04, 0.0000e+00, 0.0000e+00, 
*/mnt/lustre/mathdugre/fast-interpolate/datasets/ds004513/derivatives/flint/antsRegistration/r8-p22/sub-s032/Stage1_level1_Iter0023.nii.gz
2DIAGNOSTIC,    23, -6.595243832522e-01, 2.847313880920e-04, 0.0000e+00, 0.0000e+00, 
*/mnt/lustre/mathdugre/fast-interpolate/datasets/ds004513/derivatives/flint/antsRegistration/r8-p22/sub-s032/Stage1_level1_Iter0024.nii.gz
2DIAGNOSTIC,    24, -6.596109936589e-01, 1.608207821846e-04, 0.0000e+00, 0.0000e+00, 
*/mnt/lustre/mathdugre/fast-interpolate/datasets/ds004513/derivatives/flint/antsRegistration/r8-p22/sub-s032/Stage1_level1_Iter0025.nii.gz
2DIAGNOSTIC,    25, -6.595388161673e-01, 1.028552651405e-04, 0.0000e+00, 0.0000e+00, 
*/mnt/lustre/mathdugre/fast-interpolate/datasets/ds004513/derivatives/flint/antsRegistration/r8-p22/sub-s032/Stage1_level1_Iter0026.nii.gz
2DIAGNOSTIC,    26, -6.595162055389e-01, 6.204843521118e-05, 0.0000e+00, 0.0000e+00, 
*/mnt/lustre/mathdugre/fast-interpolate/datasets/ds004513/derivatives/flint/antsRegistration/r8-p22/sub-s032/Stage1_level1_Iter0027.nii.gz
2DIAGNOSTIC,    27, -6.597428096234e-01, 3.522634506226e-05, 0.0000e+00, 0.0000e+00, 
*/mnt/lustre/mathdugre/fast-interpolate/datasets/ds004513/derivatives/flint/antsRegistration/r8-p22/sub-s032/Stage1_level1_Iter0028.nii.gz
2DIAGNOSTIC,    28, -6.598656791900e-01, 2.982467412949e-05, 0.0000e+00, 0.0000e+00, 
*/mnt/lustre/mathdugre/fast-interpolate/datasets/ds004513/derivatives/flint/antsRegistration/r8-p22/sub-s032/Stage1_level1_Iter0029.nii.gz
2DIAGNOSTIC,    29, -6.597816087805e-01, 2.114474773407e-05, 0.0000e+00, 0.0000e+00, 
*/mnt/lustre/mathdugre/fast-interpolate/datasets/ds004513/derivatives/flint/antsRegistration/r8-p22/sub-s032/Stage1_level1_Iter0030.nii.gz
2DIAGNOSTIC,    30, -6.597949584716e-01, 1.917034387589e-05, 0.0000e+00, 0.0000e+00, 
*/mnt/lustre/mathdugre/fast-interpolate/datasets/ds004513/derivatives/flint/antsRegistration/r8-p22/sub-s032/Stage1_level1_Iter0031.nii.gz
2DIAGNOSTIC,    31, -6.598112150585e-01, 1.659989356995e-05, 0.0000e+00, 0.0000e+00, 
*/mnt/lustre/mathdugre/fast-interpolate/datasets/ds004513/derivatives/flint/antsRegistration/r8-p22/sub-s032/Stage1_level1_Iter0032.nii.gz
2DIAGNOSTIC,    32, -6.597215443911e-01, 1.074373722076e-05, 0.0000e+00, 0.0000e+00, 
*/mnt/lustre/mathdugre/fast-interpolate/datasets/ds004513/derivatives/flint/antsRegistration/r8-p22/sub-s032/Stage1_level1_Iter0033.nii.gz
2DIAGNOSTIC,    33, -6.597224020653e-01, 7.599592208862e-06, 0.0000e+00, 0.0000e+00, 
*/mnt/lustre/mathdugre/fast-interpolate/datasets/ds004513/derivatives/flint/antsRegistration/r8-p22/sub-s032/Stage1_level1_Iter0034.nii.gz
2DIAGNOSTIC,    34, -6.597237151797e-01, 5.252659320831e-06, 0.0000e+00, 0.0000e+00, 
*/mnt/lustre/mathdugre/fast-interpolate/datasets/ds004513/derivatives/flint/antsRegistration/r8-p22/sub-s032/Stage1_level1_Iter0035.nii.gz
2DIAGNOSTIC,    35, -6.597289108379e-01, 1.832842826843e-06, 0.0000e+00, 0.0000e+00, 
DIAGNOSTIC,Iteration,metricValue,convergenceValue,ITERATION_TIME_INDEX,SINCE_LAST
*/mnt/lustre/mathdugre/fast-interpolate/datasets/ds004513/derivatives/flint/antsRegistration/r8-p22/sub-s032/Stage1_level2_Iter0001.nii.gz
2DIAGNOSTIC,     1, -5.186400796010e-01, 1.797693134862e+308, 2.5600e+02, 2.5600e+02, 
*/mnt/lustre/mathdugre/fast-interpolate/datasets/ds004513/derivatives/flint/antsRegistration/r8-p22/sub-s032/Stage1_level2_Iter0002.nii.gz
2DIAGNOSTIC,     2, -5.191248549485e-01, 1.797693134862e+308, 2.5600e+02, 0.0000e+00, 
*/mnt/lustre/mathdugre/fast-interpolate/datasets/ds004513/derivatives/flint/antsRegistration/r8-p22/sub-s032/Stage1_level2_Iter0003.nii.gz
2DIAGNOSTIC,     3, -5.195970431117e-01, 1.797693134862e+308, 2.5600e+02, 0.0000e+00, 
*/mnt/lustre/mathdugre/fast-interpolate/datasets/ds004513/derivatives/flint/antsRegistration/r8-p22/sub-s032/Stage1_level2_Iter0004.nii.gz
2DIAGNOSTIC,     4, -5.199975782572e-01, 1.797693134862e+308, 2.5600e+02, 0.0000e+00, 
*/mnt/lustre/mathdugre/fast-interpolate/datasets/ds004513/derivatives/flint/antsRegistration/r8-p22/sub-s032/Stage1_level2_Iter0005.nii.gz
2DIAGNOSTIC,     5, -5.207901702867e-01, 1.797693134862e+308, 2.5600e+02, 0.0000e+00, 
*/mnt/lustre/mathdugre/fast-interpolate/datasets/ds004513/derivatives/flint/antsRegistration/r8-p22/sub-s032/Stage1_level2_Iter0006.nii.gz
2DIAGNOSTIC,     6, -5.216732742259e-01, 1.797693134862e+308, 2.5600e+02, 0.0000e+00, 
*/mnt/lustre/mathdugre/fast-interpolate/datasets/ds004513/derivatives/flint/antsRegistration/r8-p22/sub-s032/Stage1_level2_Iter0007.nii.gz
2DIAGNOSTIC,     7, -5.233273603105e-01, 1.797693134862e+308, 2.5600e+02, 0.0000e+00, 
*/mnt/lustre/mathdugre/fast-interpolate/datasets/ds004513/derivatives/flint/antsRegistration/r8-p22/sub-s032/Stage1_level2_Iter0008.nii.gz
2DIAGNOSTIC,     8, -5.283136710951e-01, 1.797693134862e+308, 2.5600e+02, 0.0000e+00, 
*/mnt/lustre/mathdugre/fast-interpolate/datasets/ds004513/derivatives/flint/antsRegistration/r8-p22/sub-s032/Stage1_level2_Iter0009.nii.gz
2DIAGNOSTIC,     9, -5.301811079314e-01, 1.797693134862e+308, 2.5600e+02, 0.0000e+00, 
*/mnt/lustre/mathdugre/fast-interpolate/datasets/ds004513/derivatives/flint/antsRegistration/r8-p22/sub-s032/Stage1_level2_Iter0010.nii.gz
2DIAGNOSTIC,    10, -5.305680236682e-01, 1.600578427315e-03, 2.5600e+02, 0.0000e+00, 
*/mnt/lustre/mathdugre/fast-interpolate/datasets/ds004513/derivatives/flint/antsRegistration/r8-p22/sub-s032/Stage1_level2_Iter0011.nii.gz
2DIAGNOSTIC,    11, -5.309296080197e-01, 1.597017049789e-03, 2.5600e+02, 0.0000e+00, 
*/mnt/lustre/mathdugre/fast-interpolate/datasets/ds004513/derivatives/flint/antsRegistration/r8-p22/sub-s032/Stage1_level2_Iter0012.nii.gz
2DIAGNOSTIC,    12, -5.311993045705e-01, 1.484319567680e-03, 2.5600e+02, 0.0000e+00, 
*/mnt/lustre/mathdugre/fast-interpolate/datasets/ds004513/derivatives/flint/antsRegistration/r8-p22/sub-s032/Stage1_level2_Iter0013.nii.gz
2DIAGNOSTIC,    13, -5.314613071620e-01, 1.282647252083e-03, 2.5600e+02, 0.0000e+00, 
*/mnt/lustre/mathdugre/fast-interpolate/datasets/ds004513/derivatives/flint/antsRegistration/r8-p22/sub-s032/Stage1_level2_Iter0014.nii.gz
2DIAGNOSTIC,    14, -5.319496258884e-01, 1.026794314384e-03, 2.5600e+02, 0.0000e+00, 
*/mnt/lustre/mathdugre/fast-interpolate/datasets/ds004513/derivatives/flint/antsRegistration/r8-p22/sub-s032/Stage1_level2_Iter0015.nii.gz
2DIAGNOSTIC,    15, -5.319594115436e-01, 7.428973913193e-04, 2.5600e+02, 0.0000e+00, 
*/mnt/lustre/mathdugre/fast-interpolate/datasets/ds004513/derivatives/flint/antsRegistration/r8-p22/sub-s032/Stage1_level2_Iter0016.nii.gz
2DIAGNOSTIC,    16, -5.319480416748e-01, 4.578977823257e-04, 2.5600e+02, 0.0000e+00, 
*/mnt/lustre/mathdugre/fast-interpolate/datasets/ds004513/derivatives/flint/antsRegistration/r8-p22/sub-s032/Stage1_level2_Iter0017.nii.gz
2DIAGNOSTIC,    17, -5.319447726356e-01, 2.136379480362e-04, 2.5600e+02, 0.0000e+00, 
*/mnt/lustre/mathdugre/fast-interpolate/datasets/ds004513/derivatives/flint/antsRegistration/r8-p22/sub-s032/Stage1_level2_Iter0018.nii.gz
2DIAGNOSTIC,    18, -5.319396682353e-01, 1.250058412552e-04, 2.5600e+02, 0.0000e+00, 
*/mnt/lustre/mathdugre/fast-interpolate/datasets/ds004513/derivatives/flint/antsRegistration/r8-p22/sub-s032/Stage1_level2_Iter0019.nii.gz
2DIAGNOSTIC,    19, -5.319342410188e-01, 8.682906627655e-05, 2.5600e+02, 0.0000e+00, 
*/mnt/lustre/mathdugre/fast-interpolate/datasets/ds004513/derivatives/flint/antsRegistration/r8-p22/sub-s032/Stage1_level2_Iter0020.nii.gz
2DIAGNOSTIC,    20, -5.319299124729e-01, 5.478411912918e-05, 2.5600e+02, 0.0000e+00, 
*/mnt/lustre/mathdugre/fast-interpolate/datasets/ds004513/derivatives/flint/antsRegistration/r8-p22/sub-s032/Stage1_level2_Iter0021.nii.gz
2DIAGNOSTIC,    21, -5.319339118025e-01, 3.034621477127e-05, 2.5600e+02, 0.0000e+00, 
*/mnt/lustre/mathdugre/fast-interpolate/datasets/ds004513/derivatives/flint/antsRegistration/r8-p22/sub-s032/Stage1_level2_Iter0022.nii.gz
2DIAGNOSTIC,    22, -5.319286745045e-01, 1.187622547150e-05, 2.5600e+02, 0.0000e+00, 
DIAGNOSTIC,Iteration,metricValue,convergenceValue,ITERATION_TIME_INDEX,SINCE_LAST
*/mnt/lustre/mathdugre/fast-interpolate/datasets/ds004513/derivatives/flint/antsRegistration/r8-p22/sub-s032/Stage1_level3_Iter0001.nii.gz
2DIAGNOSTIC,     1, -4.682194084071e-01, 1.797693134862e+308, 2.5600e+02, 0.0000e+00, 
*/mnt/lustre/mathdugre/fast-interpolate/datasets/ds004513/derivatives/flint/antsRegistration/r8-p22/sub-s032/Stage1_level3_Iter0002.nii.gz
2DIAGNOSTIC,     2, -4.686158019629e-01, 1.797693134862e+308, 2.5600e+02, 0.0000e+00, 
*/mnt/lustre/mathdugre/fast-interpolate/datasets/ds004513/derivatives/flint/antsRegistration/r8-p22/sub-s032/Stage1_level3_Iter0003.nii.gz
2DIAGNOSTIC,     3, -4.691779882513e-01, 1.797693134862e+308, 2.5600e+02, 0.0000e+00, 
*/mnt/lustre/mathdugre/fast-interpolate/datasets/ds004513/derivatives/flint/antsRegistration/r8-p22/sub-s032/Stage1_level3_Iter0004.nii.gz
2DIAGNOSTIC,     4, -4.697500028547e-01, 1.797693134862e+308, 2.5600e+02, 0.0000e+00, 
*/mnt/lustre/mathdugre/fast-interpolate/datasets/ds004513/derivatives/flint/antsRegistration/r8-p22/sub-s032/Stage1_level3_Iter0005.nii.gz
2DIAGNOSTIC,     5, -4.702079255881e-01, 1.797693134862e+308, 2.5600e+02, 0.0000e+00, 
*/mnt/lustre/mathdugre/fast-interpolate/datasets/ds004513/derivatives/flint/antsRegistration/r8-p22/sub-s032/Stage1_level3_Iter0006.nii.gz
2DIAGNOSTIC,     6, -4.705842884294e-01, 1.797693134862e+308, 2.5600e+02, 0.0000e+00, 
*/mnt/lustre/mathdugre/fast-interpolate/datasets/ds004513/derivatives/flint/antsRegistration/r8-p22/sub-s032/Stage1_level3_Iter0007.nii.gz
2DIAGNOSTIC,     7, -4.709010408952e-01, 1.797693134862e+308, 2.5600e+02, 0.0000e+00, 
*/mnt/lustre/mathdugre/fast-interpolate/datasets/ds004513/derivatives/flint/antsRegistration/r8-p22/sub-s032/Stage1_level3_Iter0008.nii.gz
2DIAGNOSTIC,     8, -4.717011034985e-01, 1.797693134862e+308, 2.5600e+02, 0.0000e+00, 
*/mnt/lustre/mathdugre/fast-interpolate/datasets/ds004513/derivatives/flint/antsRegistration/r8-p22/sub-s032/Stage1_level3_Iter0009.nii.gz
2DIAGNOSTIC,     9, -4.724860540071e-01, 1.797693134862e+308, 2.5600e+02, 0.0000e+00, 
*/mnt/lustre/mathdugre/fast-interpolate/datasets/ds004513/derivatives/flint/antsRegistration/r8-p22/sub-s032/Stage1_level3_Iter0010.nii.gz
2DIAGNOSTIC,    10, -4.729778638600e-01, 6.381571292877e-04, 2.5600e+02, 0.0000e+00, 
*/mnt/lustre/mathdugre/fast-interpolate/datasets/ds004513/derivatives/flint/antsRegistration/r8-p22/sub-s032/Stage1_level3_Iter0011.nii.gz
2DIAGNOSTIC,    11, -4.731315038490e-01, 5.795806646347e-04, 2.5600e+02, 0.0000e+00, 
*/mnt/lustre/mathdugre/fast-interpolate/datasets/ds004513/derivatives/flint/antsRegistration/r8-p22/sub-s032/Stage1_level3_Iter0012.nii.gz
2DIAGNOSTIC,    12, -4.734267532232e-01, 5.140304565430e-04, 2.5600e+02, 0.0000e+00, 
*/mnt/lustre/mathdugre/fast-interpolate/datasets/ds004513/derivatives/flint/antsRegistration/r8-p22/sub-s032/Stage1_level3_Iter0013.nii.gz
2DIAGNOSTIC,    13, -4.740049478833e-01, 4.643648862839e-04, 2.5600e+02, 0.0000e+00, 
*/mnt/lustre/mathdugre/fast-interpolate/datasets/ds004513/derivatives/flint/antsRegistration/r8-p22/sub-s032/Stage1_level3_Iter0014.nii.gz
2DIAGNOSTIC,    14, -4.749817854889e-01, 4.451423883438e-04, 2.5600e+02, 0.0000e+00, 
*/mnt/lustre/mathdugre/fast-interpolate/datasets/ds004513/derivatives/flint/antsRegistration/r8-p22/sub-s032/Stage1_level3_Iter0015.nii.gz
2DIAGNOSTIC,    15, -4.803391186853e-01, 6.203353404999e-04, 2.5600e+02, 0.0000e+00, 
*/mnt/lustre/mathdugre/fast-interpolate/datasets/ds004513/derivatives/flint/antsRegistration/r8-p22/sub-s032/Stage1_level3_Iter0016.nii.gz
2DIAGNOSTIC,    16, -4.809052299688e-01, 7.473677396774e-04, 2.5600e+02, 0.0000e+00, 
*/mnt/lustre/mathdugre/fast-interpolate/datasets/ds004513/derivatives/flint/antsRegistration/r8-p22/sub-s032/Stage1_level3_Iter0017.nii.gz
2DIAGNOSTIC,    17, -4.812073270333e-01, 8.142739534378e-04, 2.5600e+02, 0.0000e+00, 
*/mnt/lustre/mathdugre/fast-interpolate/datasets/ds004513/derivatives/flint/antsRegistration/r8-p22/sub-s032/Stage1_level3_Iter0018.nii.gz
2DIAGNOSTIC,    18, -4.822556315867e-01, 8.620917797089e-04, 2.5600e+02, 0.0000e+00, 
*/mnt/lustre/mathdugre/fast-interpolate/datasets/ds004513/derivatives/flint/antsRegistration/r8-p22/sub-s032/Stage1_level3_Iter0019.nii.gz
2DIAGNOSTIC,    19, -4.882630547592e-01, 1.036785542965e-03, 2.5600e+02, 0.0000e+00, 
*/mnt/lustre/mathdugre/fast-interpolate/datasets/ds004513/derivatives/flint/antsRegistration/r8-p22/sub-s032/Stage1_level3_Iter0020.nii.gz
2DIAGNOSTIC,    20, -4.977027157196e-01, 1.385897397995e-03, 2.5600e+02, 0.0000e+00, 
*/mnt/lustre/mathdugre/fast-interpolate/datasets/ds004513/derivatives/flint/antsRegistration/r8-p22/sub-s032/Stage1_level3_Iter0021.nii.gz
2DIAGNOSTIC,    21, -5.011964593327e-01, 1.669041812420e-03, 2.5600e+02, 0.0000e+00, 
*/mnt/lustre/mathdugre/fast-interpolate/datasets/ds004513/derivatives/flint/antsRegistration/r8-p22/sub-s032/Stage1_level3_Iter0022.nii.gz
2DIAGNOSTIC,    22, -5.023016606147e-01, 1.812458038330e-03, 2.5600e+02, 0.0000e+00, 
*/mnt/lustre/mathdugre/fast-interpolate/datasets/ds004513/derivatives/flint/antsRegistration/r8-p22/sub-s032/Stage1_level3_Iter0023.nii.gz
2DIAGNOSTIC,    23, -5.027058242120e-01, 1.803383231163e-03, 2.5600e+02, 0.0000e+00, 
*/mnt/lustre/mathdugre/fast-interpolate/datasets/ds004513/derivatives/flint/antsRegistration/r8-p22/sub-s032/Stage1_level3_Iter0024.nii.gz
2DIAGNOSTIC,    24, -5.027754939466e-01, 1.646801829338e-03, 2.5600e+02, 0.0000e+00, 
*/mnt/lustre/mathdugre/fast-interpolate/datasets/ds004513/derivatives/flint/antsRegistration/r8-p22/sub-s032/Stage1_level3_Iter0025.nii.gz
2DIAGNOSTIC,    25, -5.029752708443e-01, 1.476459205151e-03, 2.5600e+02, 0.0000e+00, 
*/mnt/lustre/mathdugre/fast-interpolate/datasets/ds004513/derivatives/flint/antsRegistration/r8-p22/sub-s032/Stage1_level3_Iter0026.nii.gz
2DIAGNOSTIC,    26, -5.034392644784e-01, 1.204729080200e-03, 2.5600e+02, 0.0000e+00, 
*/mnt/lustre/mathdugre/fast-interpolate/datasets/ds004513/derivatives/flint/antsRegistration/r8-p22/sub-s032/Stage1_level3_Iter0027.nii.gz
2DIAGNOSTIC,    27, -5.035029299594e-01, 8.521527051926e-04, 2.5600e+02, 0.0000e+00, 
*/mnt/lustre/mathdugre/fast-interpolate/datasets/ds004513/derivatives/flint/antsRegistration/r8-p22/sub-s032/Stage1_level3_Iter0028.nii.gz
2DIAGNOSTIC,    28, -5.035097335505e-01, 4.676878452301e-04, 2.5600e+02, 0.0000e+00, 
*/mnt/lustre/mathdugre/fast-interpolate/datasets/ds004513/derivatives/flint/antsRegistration/r8-p22/sub-s032/Stage1_level3_Iter0029.nii.gz
2DIAGNOSTIC,    29, -5.035064980500e-01, 1.842603087425e-04, 2.5600e+02, 0.0000e+00, 
*/mnt/lustre/mathdugre/fast-interpolate/datasets/ds004513/derivatives/flint/antsRegistration/r8-p22/sub-s032/Stage1_level3_Iter0030.nii.gz
2DIAGNOSTIC,    30, -5.035083081040e-01, 8.602440357208e-05, 2.5600e+02, 0.0000e+00, 
*/mnt/lustre/mathdugre/fast-interpolate/datasets/ds004513/derivatives/flint/antsRegistration/r8-p22/sub-s032/Stage1_level3_Iter0031.nii.gz
2DIAGNOSTIC,    31, -5.035067006995e-01, 5.167722702026e-05, 2.5600e+02, 0.0000e+00, 
*/mnt/lustre/mathdugre/fast-interpolate/datasets/ds004513/derivatives/flint/antsRegistration/r8-p22/sub-s032/Stage1_level3_Iter0032.nii.gz
2DIAGNOSTIC,    32, -5.035072674491e-01, 3.479421138763e-05, 2.5600e+02, 0.0000e+00, 
*/mnt/lustre/mathdugre/fast-interpolate/datasets/ds004513/derivatives/flint/antsRegistration/r8-p22/sub-s032/Stage1_level3_Iter0033.nii.gz
2DIAGNOSTIC,    33, -5.035068124510e-01, 2.304464578629e-05, 2.5600e+02, 0.0000e+00, 
*/mnt/lustre/mathdugre/fast-interpolate/datasets/ds004513/derivatives/flint/antsRegistration/r8-p22/sub-s032/Stage1_level3_Iter0034.nii.gz
2DIAGNOSTIC,    34, -5.035065716234e-01, 1.113861799240e-05, 2.5600e+02, 0.0000e+00, 
*/mnt/lustre/mathdugre/fast-interpolate/datasets/ds004513/derivatives/flint/antsRegistration/r8-p22/sub-s032/Stage1_level3_Iter0035.nii.gz
2DIAGNOSTIC,    35, -5.035057696341e-01, 2.071261405945e-06, 5.1200e+02, 2.5600e+02, 
DIAGNOSTIC,Iteration,metricValue,convergenceValue,ITERATION_TIME_INDEX,SINCE_LAST
*/mnt/lustre/mathdugre/fast-interpolate/datasets/ds004513/derivatives/flint/antsRegistration/r8-p22/sub-s032/Stage1_level4_Iter0001.nii.gz
2DIAGNOSTIC,     1, -4.679191869497e-01, 1.797693134862e+308, 5.1200e+02, 0.0000e+00, 
*/mnt/lustre/mathdugre/fast-interpolate/datasets/ds004513/derivatives/flint/antsRegistration/r8-p22/sub-s032/Stage1_level4_Iter0002.nii.gz
2DIAGNOSTIC,     2, -4.679992324846e-01, 1.797693134862e+308, 5.1200e+02, 0.0000e+00, 
*/mnt/lustre/mathdugre/fast-interpolate/datasets/ds004513/derivatives/flint/antsRegistration/r8-p22/sub-s032/Stage1_level4_Iter0003.nii.gz
2DIAGNOSTIC,     3, -4.680439330209e-01, 1.797693134862e+308, 5.1200e+02, 0.0000e+00, 
*/mnt/lustre/mathdugre/fast-interpolate/datasets/ds004513/derivatives/flint/antsRegistration/r8-p22/sub-s032/Stage1_level4_Iter0004.nii.gz
2DIAGNOSTIC,     4, -4.680457686245e-01, 1.797693134862e+308, 5.1200e+02, 0.0000e+00, 
*/mnt/lustre/mathdugre/fast-interpolate/datasets/ds004513/derivatives/flint/antsRegistration/r8-p22/sub-s032/Stage1_level4_Iter0005.nii.gz
2DIAGNOSTIC,     5, -4.680458349237e-01, 1.797693134862e+308, 5.1200e+02, 0.0000e+00, 
*/mnt/lustre/mathdugre/fast-interpolate/datasets/ds004513/derivatives/flint/antsRegistration/r8-p22/sub-s032/Stage1_level4_Iter0006.nii.gz
2DIAGNOSTIC,     6, -4.680458144703e-01, 1.797693134862e+308, 5.1200e+02, 0.0000e+00, 
*/mnt/lustre/mathdugre/fast-interpolate/datasets/ds004513/derivatives/flint/antsRegistration/r8-p22/sub-s032/Stage1_level4_Iter0007.nii.gz
2DIAGNOSTIC,     7, -4.680458507655e-01, 1.797693134862e+308, 5.1200e+02, 0.0000e+00, 
*/mnt/lustre/mathdugre/fast-interpolate/datasets/ds004513/derivatives/flint/antsRegistration/r8-p22/sub-s032/Stage1_level4_Iter0008.nii.gz
2DIAGNOSTIC,     8, -4.680457670799e-01, 1.797693134862e+308, 5.1200e+02, 0.0000e+00, 
*/mnt/lustre/mathdugre/fast-interpolate/datasets/ds004513/derivatives/flint/antsRegistration/r8-p22/sub-s032/Stage1_level4_Iter0009.nii.gz
2DIAGNOSTIC,     9, -4.680457774871e-01, 1.797693134862e+308, 5.1200e+02, 0.0000e+00, 
*/mnt/lustre/mathdugre/fast-interpolate/datasets/ds004513/derivatives/flint/antsRegistration/r8-p22/sub-s032/Stage1_level4_Iter0010.nii.gz
2DIAGNOSTIC,    10, -4.680457682359e-01, 1.341104507446e-05, 5.1200e+02, 0.0000e+00, 
*/mnt/lustre/mathdugre/fast-interpolate/datasets/ds004513/derivatives/flint/antsRegistration/r8-p22/sub-s032/Stage1_level4_Iter0011.nii.gz
2DIAGNOSTIC,    11, -4.680457628179e-01, 5.573034286499e-06, 5.1200e+02, 0.0000e+00, 
*/mnt/lustre/mathdugre/fast-interpolate/datasets/ds004513/derivatives/flint/antsRegistration/r8-p22/sub-s032/Stage1_level4_Iter0012.nii.gz
2DIAGNOSTIC,    12, -4.680457417439e-01, 2.756714820862e-06, 5.1200e+02, 0.0000e+00, 
*/mnt/lustre/mathdugre/fast-interpolate/datasets/ds004513/derivatives/flint/antsRegistration/r8-p22/sub-s032/Stage1_level4_Iter0013.nii.gz
2DIAGNOSTIC,    13, -4.680457407488e-01, 2.473592758179e-06, 7.6800e+02, 2.5600e+02, 
*/mnt/lustre/mathdugre/fast-interpolate/datasets/ds004513/derivatives/flint/antsRegistration/r8-p22/sub-s032/Stage1_level4_Iter0014.nii.gz
2DIAGNOSTIC,    14, -4.680457748555e-01, 2.250075340271e-06, 7.6800e+02, 0.0000e+00, 
*/mnt/lustre/mathdugre/fast-interpolate/datasets/ds004513/derivatives/flint/antsRegistration/r8-p22/sub-s032/Stage1_level4_Iter0015.nii.gz
2DIAGNOSTIC,    15, -4.680457680956e-01, 2.115964889526e-06, 7.6800e+02, 0.0000e+00, 
*/mnt/lustre/mathdugre/fast-interpolate/datasets/ds004513/derivatives/flint/antsRegistration/r8-p22/sub-s032/Stage1_level4_Iter0016.nii.gz
2DIAGNOSTIC,    16, -4.680457677810e-01, 1.981854438782e-06, 7.6800e+02, 0.0000e+00, 
*/mnt/lustre/mathdugre/fast-interpolate/datasets/ds004513/derivatives/flint/antsRegistration/r8-p22/sub-s032/Stage1_level4_Iter0017.nii.gz
2DIAGNOSTIC,    17, -4.680457685387e-01, 1.884996891022e-06, 7.6800e+02, 0.0000e+00, 
*/mnt/lustre/mathdugre/fast-interpolate/datasets/ds004513/derivatives/flint/antsRegistration/r8-p22/sub-s032/Stage1_level4_Iter0018.nii.gz
2DIAGNOSTIC,    18, -4.680457553559e-01, 1.765787601471e-06, 7.6800e+02, 0.0000e+00, 
*/mnt/lustre/mathdugre/fast-interpolate/datasets/ds004513/derivatives/flint/antsRegistration/r8-p22/sub-s032/Stage1_level4_Iter0019.nii.gz
2DIAGNOSTIC,    19, -4.680457553325e-01, 1.676380634308e-06, 7.6800e+02, 0.0000e+00, 
*/mnt/lustre/mathdugre/fast-interpolate/datasets/ds004513/derivatives/flint/antsRegistration/r8-p22/sub-s032/Stage1_level4_Iter0020.nii.gz
2DIAGNOSTIC,    20, -4.680457553093e-01, 1.594424247742e-06, 7.6800e+02, 0.0000e+00, 
*/mnt/lustre/mathdugre/fast-interpolate/datasets/ds004513/derivatives/flint/antsRegistration/r8-p22/sub-s032/Stage1_level4_Iter0021.nii.gz
2DIAGNOSTIC,    21, -4.680457551844e-01, 1.527369022369e-06, 7.6800e+02, 0.0000e+00, 
*/mnt/lustre/mathdugre/fast-interpolate/datasets/ds004513/derivatives/flint/antsRegistration/r8-p22/sub-s032/Stage1_level4_Iter0022.nii.gz
2DIAGNOSTIC,    22, -4.680457551856e-01, 1.445412635803e-06, 1.0240e+03, 2.5600e+02, 
*/mnt/lustre/mathdugre/fast-interpolate/datasets/ds004513/derivatives/flint/antsRegistration/r8-p22/sub-s032/Stage1_level4_Iter0023.nii.gz
2DIAGNOSTIC,    23, -4.680457552154e-01, 1.393258571625e-06, 1.0240e+03, 0.0000e+00, 
*/mnt/lustre/mathdugre/fast-interpolate/datasets/ds004513/derivatives/flint/antsRegistration/r8-p22/sub-s032/Stage1_level4_Iter0024.nii.gz
2DIAGNOSTIC,    24, -4.680457551965e-01, 1.318752765656e-06, 1.0240e+03, 0.0000e+00, 
*/mnt/lustre/mathdugre/fast-interpolate/datasets/ds004513/derivatives/flint/antsRegistration/r8-p22/sub-s032/Stage1_level4_Iter0025.nii.gz
2DIAGNOSTIC,    25, -4.680457551604e-01, 1.266598701477e-06, 1.0240e+03, 0.0000e+00, 
*/mnt/lustre/mathdugre/fast-interpolate/datasets/ds004513/derivatives/flint/antsRegistration/r8-p22/sub-s032/Stage1_level4_Iter0026.nii.gz
