
##########################
# Experiment information #
##########################

EXPERIMENT_NAME: r8-p17
VFC_BACKENDS: libinterflop_vprec.so --range-binary32=8 --precision-binary32=17 --range-binary64=8 --precision-binary64=17

SIF_IMG: /mnt/lustre/mathdugre/containers/ants-vprec-no_metric.simg

SUBJECT_ID: s037
INPUT_IMG: /mnt/lustre/mathdugre/fast-interpolate/datasets/ds004513/derivatives/flint/antsBrainExtraction/sub-s037/BrainExtractionBrain.nii.gz
OUTPUT_DIR: /mnt/lustre/mathdugre/fast-interpolate/datasets/ds004513/derivatives/flint/antsRegistration/r8-p17/sub-s037

FIXED_IMG: /templateflow/tpl-MNI152NLin2009cAsym/tpl-MNI152NLin2009cAsym_res-01_desc-brain_T1w.nii.gz
DATA_DIR: /mnt/lustre/mathdugre/fast-interpolate/datasets/ds004513
TEMPLATEFLOW_DIR: /home/mathdugre/.cache/templateflow
ITK_GLOBAL_DEFAULT_NUMBER_OF_THREADS: 4
##########################

Info [verificarlo]: loaded backend libinterflop_vprec.so
Info [interflop-vprec]: load backend with: 
Info [interflop-vprec]: precision-binary32 = 17
Info [interflop-vprec]: range-binary32 = 8
Info [interflop-vprec]: precision-binary64 = 17
Info [interflop-vprec]: range-binary64 = 8
Info [interflop-vprec]: mode = ob
Info [interflop-vprec]: error-mode = rel
Info [interflop-vprec]: max-abs-error-exponent = -1022
Info [interflop-vprec]: daz = false
Info [interflop-vprec]: ftz = false
Info [interflop-vprec]: 	instrument = none
Info [interflop-vprec]: 	prec-input-file = (null)
Info [interflop-vprec]: 	prec-output-file = (null)
Info [interflop-vprec]: 	prec-log-file = (null)
All_Command_lines_OK
Using double precision for computations.
=============================================================================
The composite transform comprises the following transforms (in order): 
  1. Center of mass alignment using fixed image: /templateflow/tpl-MNI152NLin2009cAsym/tpl-MNI152NLin2009cAsym_res-01_desc-brain_T1w.nii.gz and moving image: /mnt/lustre/mathdugre/fast-interpolate/datasets/ds004513/derivatives/flint/antsBrainExtraction/sub-s037/BrainExtractionBrain.nii.gz (type = Euler3DTransform)
=============================================================================
  number of levels = 4
  number of levels = 4
  number of levels = 4
  fixed image: /templateflow/tpl-MNI152NLin2009cAsym/tpl-MNI152NLin2009cAsym_res-01_desc-brain_T1w.nii.gz
  moving image: /mnt/lustre/mathdugre/fast-interpolate/datasets/ds004513/derivatives/flint/antsBrainExtraction/sub-s037/BrainExtractionBrain.nii.gz
  fixed image: /templateflow/tpl-MNI152NLin2009cAsym/tpl-MNI152NLin2009cAsym_res-01_desc-brain_T1w.nii.gz
  moving image: /mnt/lustre/mathdugre/fast-interpolate/datasets/ds004513/derivatives/flint/antsBrainExtraction/sub-s037/BrainExtractionBrain.nii.gz
  fixed image: /templateflow/tpl-MNI152NLin2009cAsym/tpl-MNI152NLin2009cAsym_res-01_desc-brain_T1w.nii.gz
  moving image: /mnt/lustre/mathdugre/fast-interpolate/datasets/ds004513/derivatives/flint/antsBrainExtraction/sub-s037/BrainExtractionBrain.nii.gz
Dimension = 3
Number of stages = 3
Use histogram matching = false
Winsorize image intensities = true
  Lower quantile = 0.005
  Upper quantile = 0.995


Stage 1 State
   Image metric = MattesMI
     Fixed image = Image (0x49bbb30)
  RTTI typeinfo:   itk::Image<double, 3u>
  Reference Count: 2
  Modified Time: 2385
  Debug: Off
  Object Name: 
  Observers: 
    none
  Source: (none)
  Source output name: (none)
  Release Data: Off
  Data Released: False
  Global Release Data: Off
  PipelineMTime: 0
  UpdateMTime: 1996
  RealTimeStamp: 0 seconds 
  LargestPossibleRegion: 
    Dimension: 3
    Index: [0, 0, 0]
    Size: [193, 229, 193]
  BufferedRegion: 
    Dimension: 3
    Index: [0, 0, 0]
    Size: [193, 229, 193]
  RequestedRegion: 
    Dimension: 3
    Index: [0, 0, 0]
    Size: [193, 229, 193]
  Spacing: [1, 1, 1]
  Origin: [96, 132, -78]
  Direction: 
-1 0 0
0 -1 0
0 0 1

  IndexToPointMatrix: 
-1 0 0
0 -1 0
0 0 1

  PointToIndexMatrix: 
-1 0 0
0 -1 0
0 0 1

  Inverse Direction: 
-1 0 0
0 -1 0
0 0 1

  PixelContainer: 
    ImportImageContainer (0x49c0a10)
      RTTI typeinfo:   itk::ImportImageContainer<unsigned long, double>
      Reference Count: 1
      Modified Time: 1993
      Debug: Off
      Object Name: 
      Observers: 
        none
      Pointer: 0x7ffb709fd010
      Container manages memory: true
      Size: 8530021
      Capacity: 8530021

     Moving image = Image (0x49b7400)
  RTTI typeinfo:   itk::Image<double, 3u>
  Reference Count: 2
  Modified Time: 2386
  Debug: Off
  Object Name: 
  Observers: 
    none
  Source: (none)
  Source output name: (none)
  Release Data: Off
  Data Released: False
  Global Release Data: Off
  PipelineMTime: 0
  UpdateMTime: 2383
  RealTimeStamp: 0 seconds 
  LargestPossibleRegion: 
    Dimension: 3
    Index: [0, 0, 0]
    Size: [160, 240, 256]
  BufferedRegion: 
    Dimension: 3
    Index: [0, 0, 0]
    Size: [160, 240, 256]
  RequestedRegion: 
    Dimension: 3
    Index: [0, 0, 0]
    Size: [160, 240, 256]
  Spacing: [1, 1, 1]
  Origin: [87.9507, 102.562, -147.639]
  Direction: 
-0.998657 -0.043612 -0.027913
0.0435951 -0.99905 0.00121848
-0.0279396 -2.65543e-08 0.999611

  IndexToPointMatrix: 
-0.998657 -0.043612 -0.027913
0.0435951 -0.99905 0.00121848
-0.0279396 -2.65543e-08 0.999611

  PointToIndexMatrix: 
-0.998657 0.0435951 -0.0279396
-0.043612 -0.99905 -2.98023e-08
-0.027913 0.00121847 0.999611

  Inverse Direction: 
-0.998657 0.0435951 -0.0279396
-0.043612 -0.99905 -2.98023e-08
-0.027913 0.00121847 0.999611

  PixelContainer: 
    ImportImageContainer (0x4b8b6d0)
      RTTI typeinfo:   itk::ImportImageContainer<unsigned long, double>
      Reference Count: 1
      Modified Time: 2380
      Debug: Off
      Object Name: 
      Observers: 
        none
      Pointer: 0x7ffb6befc010
      Container manages memory: true
      Size: 9830400
      Capacity: 9830400

     Weighting = 1
     Sampling strategy = regular
     Number of bins = 32
     Radius = 4
     Sampling percentage  = 0.25
   Transform = Rigid
     Gradient step = 0.1
     Update field sigma (voxel space) = 0
     Total field sigma (voxel space) = 0
     Update field time sigma = 0
     Total field time sigma  = 0
     Number of time indices = 0
     Number of time point samples = 0
Stage 2 State
   Image metric = MattesMI
     Fixed image = Image (0x49d7ec0)
  RTTI typeinfo:   itk::Image<double, 3u>
  Reference Count: 2
  Modified Time: 3161
  Debug: Off
  Object Name: 
  Observers: 
    none
  Source: (none)
  Source output name: (none)
  Release Data: Off
  Data Released: False
  Global Release Data: Off
  PipelineMTime: 0
  UpdateMTime: 2772
  RealTimeStamp: 0 seconds 
  LargestPossibleRegion: 
    Dimension: 3
    Index: [0, 0, 0]
    Size: [193, 229, 193]
  BufferedRegion: 
    Dimension: 3
    Index: [0, 0, 0]
    Size: [193, 229, 193]
  RequestedRegion: 
    Dimension: 3
    Index: [0, 0, 0]
    Size: [193, 229, 193]
  Spacing: [1, 1, 1]
  Origin: [96, 132, -78]
  Direction: 
-1 0 0
0 -1 0
0 0 1

  IndexToPointMatrix: 
-1 0 0
0 -1 0
0 0 1

  PointToIndexMatrix: 
-1 0 0
0 -1 0
0 0 1

  Inverse Direction: 
-1 0 0
0 -1 0
0 0 1

  PixelContainer: 
    ImportImageContainer (0x49d8c80)
      RTTI typeinfo:   itk::ImportImageContainer<unsigned long, double>
      Reference Count: 1
      Modified Time: 2769
      Debug: Off
      Object Name: 
      Observers: 
        none
      Pointer: 0x7ffb67de7010
      Container manages memory: true
      Size: 8530021
      Capacity: 8530021

     Moving image = Image (0x49e0690)
  RTTI typeinfo:   itk::Image<double, 3u>
  Reference Count: 2
  Modified Time: 3162
  Debug: Off
  Object Name: 
  Observers: 
    none
  Source: (none)
  Source output name: (none)
  Release Data: Off
  Data Released: False
  Global Release Data: Off
  PipelineMTime: 0
  UpdateMTime: 3159
  RealTimeStamp: 0 seconds 
  LargestPossibleRegion: 
    Dimension: 3
    Index: [0, 0, 0]
    Size: [160, 240, 256]
  BufferedRegion: 
    Dimension: 3
    Index: [0, 0, 0]
    Size: [160, 240, 256]
  RequestedRegion: 
    Dimension: 3
    Index: [0, 0, 0]
    Size: [160, 240, 256]
  Spacing: [1, 1, 1]
  Origin: [87.9507, 102.562, -147.639]
  Direction: 
-0.998657 -0.043612 -0.027913
0.0435951 -0.99905 0.00121848
-0.0279396 -2.65543e-08 0.999611

  IndexToPointMatrix: 
-0.998657 -0.043612 -0.027913
0.0435951 -0.99905 0.00121848
-0.0279396 -2.65543e-08 0.999611

  PointToIndexMatrix: 
-0.998657 0.0435951 -0.0279396
-0.043612 -0.99905 -2.98023e-08
-0.027913 0.00121847 0.999611

  Inverse Direction: 
-0.998657 0.0435951 -0.0279396
-0.043612 -0.99905 -2.98023e-08
-0.027913 0.00121847 0.999611

  PixelContainer: 
    ImportImageContainer (0x4b6b6d0)
      RTTI typeinfo:   itk::ImportImageContainer<unsigned long, double>
      Reference Count: 1
      Modified Time: 3156
      Debug: Off
      Object Name: 
      Observers: 
        none
      Pointer: 0x7ffb632e6010
      Container manages memory: true
      Size: 9830400
      Capacity: 9830400

     Weighting = 1
     Sampling strategy = regular
     Number of bins = 32
     Radius = 4
     Sampling percentage  = 0.25
   Transform = Affine
     Gradient step = 0.1
     Update field sigma (voxel space) = 0
     Total field sigma (voxel space) = 0
     Update field time sigma = 0
     Total field time sigma  = 0
     Number of time indices = 0
     Number of time point samples = 0
Stage 3 State
   Image metric = CC
     Fixed image = Image (0x49e0220)
  RTTI typeinfo:   itk::Image<double, 3u>
  Reference Count: 2
  Modified Time: 3937
  Debug: Off
  Object Name: 
  Observers: 
    none
  Source: (none)
  Source output name: (none)
  Release Data: Off
  Data Released: False
  Global Release Data: Off
  PipelineMTime: 0
  UpdateMTime: 3548
  RealTimeStamp: 0 seconds 
  LargestPossibleRegion: 
    Dimension: 3
    Index: [0, 0, 0]
    Size: [193, 229, 193]
  BufferedRegion: 
    Dimension: 3
    Index: [0, 0, 0]
    Size: [193, 229, 193]
  RequestedRegion: 
    Dimension: 3
    Index: [0, 0, 0]
    Size: [193, 229, 193]
  Spacing: [1, 1, 1]
  Origin: [96, 132, -78]
  Direction: 
-1 0 0
0 -1 0
0 0 1

  IndexToPointMatrix: 
-1 0 0
0 -1 0
0 0 1

  PointToIndexMatrix: 
-1 0 0
0 -1 0
0 0 1

  Inverse Direction: 
-1 0 0
0 -1 0
0 0 1

  PixelContainer: 
    ImportImageContainer (0x49dfd40)
      RTTI typeinfo:   itk::ImportImageContainer<unsigned long, double>
      Reference Count: 1
      Modified Time: 3545
      Debug: Off
      Object Name: 
      Observers: 
        none
      Pointer: 0x7ffb5f1d1010
      Container manages memory: true
      Size: 8530021
      Capacity: 8530021

     Moving image = Image (0x49d5a80)
  RTTI typeinfo:   itk::Image<double, 3u>
  Reference Count: 2
  Modified Time: 3938
  Debug: Off
  Object Name: 
  Observers: 
    none
  Source: (none)
  Source output name: (none)
  Release Data: Off
  Data Released: False
  Global Release Data: Off
  PipelineMTime: 0
  UpdateMTime: 3935
  RealTimeStamp: 0 seconds 
  LargestPossibleRegion: 
    Dimension: 3
    Index: [0, 0, 0]
    Size: [160, 240, 256]
  BufferedRegion: 
    Dimension: 3
    Index: [0, 0, 0]
    Size: [160, 240, 256]
  RequestedRegion: 
    Dimension: 3
    Index: [0, 0, 0]
    Size: [160, 240, 256]
  Spacing: [1, 1, 1]
  Origin: [87.9507, 102.562, -147.639]
  Direction: 
-0.998657 -0.043612 -0.027913
0.0435951 -0.99905 0.00121848
-0.0279396 -2.65543e-08 0.999611

  IndexToPointMatrix: 
-0.998657 -0.043612 -0.027913
0.0435951 -0.99905 0.00121848
-0.0279396 -2.65543e-08 0.999611

  PointToIndexMatrix: 
-0.998657 0.0435951 -0.0279396
-0.043612 -0.99905 -2.98023e-08
-0.027913 0.00121847 0.999611

  Inverse Direction: 
-0.998657 0.0435951 -0.0279396
-0.043612 -0.99905 -2.98023e-08
-0.027913 0.00121847 0.999611

  PixelContainer: 
    ImportImageContainer (0x4bab750)
      RTTI typeinfo:   itk::ImportImageContainer<unsigned long, double>
      Reference Count: 1
      Modified Time: 3932
      Debug: Off
      Object Name: 
      Observers: 
        none
      Pointer: 0x7ffb5a6d0010
      Container manages memory: true
      Size: 9830400
      Capacity: 9830400

     Weighting = 1
     Sampling strategy = none
     Number of bins = 32
     Radius = 4
     Sampling percentage  = 1
   Transform = SyN
     Gradient step = 0.1
     Update field sigma (voxel space) = 3
     Total field sigma (voxel space) = 0
     Update field time sigma = 0
     Total field time sigma  = 0
     Number of time indices = 0
     Number of time point samples = 0
Registration using 3 total stages.

Stage 0
  iterations = 1000x500x250x100
  convergence threshold = 1e-06
  convergence window size = 10
  number of levels = 4
  using the Mattes MI metric (number of bins = 32, weight = 1, use gradient filter = 0)
  preprocessing:  winsorizing the image intensities
  Shrink factors (level 1 out of 4): [8, 8, 8]
  Shrink factors (level 2 out of 4): [4, 4, 4]
  Shrink factors (level 3 out of 4): [2, 2, 2]
  Shrink factors (level 4 out of 4): [1, 1, 1]
  smoothing sigmas per level: [3, 2, 1, 0]
  regular sampling (percentage = 0.25)

*** Running Euler3DTransform registration ***

DIAGNOSTIC,Iteration,metricValue,convergenceValue,ITERATION_TIME_INDEX,SINCE_LAST
*/mnt/lustre/mathdugre/fast-interpolate/datasets/ds004513/derivatives/flint/antsRegistration/r8-p17/sub-s037/Stage1_level1_Iter0001.nii.gz
2DIAGNOSTIC,     1, -1.053991714790e-01, 1.797693134862e+308, 0.0000e+00, 0.0000e+00, 
*/mnt/lustre/mathdugre/fast-interpolate/datasets/ds004513/derivatives/flint/antsRegistration/r8-p17/sub-s037/Stage1_level1_Iter0002.nii.gz
2DIAGNOSTIC,     2, -1.058703142042e-01, 1.797693134862e+308, 0.0000e+00, 0.0000e+00, 
*/mnt/lustre/mathdugre/fast-interpolate/datasets/ds004513/derivatives/flint/antsRegistration/r8-p17/sub-s037/Stage1_level1_Iter0003.nii.gz
2DIAGNOSTIC,     3, -1.068299887097e-01, 1.797693134862e+308, 0.0000e+00, 0.0000e+00, 
*/mnt/lustre/mathdugre/fast-interpolate/datasets/ds004513/derivatives/flint/antsRegistration/r8-p17/sub-s037/Stage1_level1_Iter0004.nii.gz
2DIAGNOSTIC,     4, -1.072613700439e-01, 1.797693134862e+308, 0.0000e+00, 0.0000e+00, 
*/mnt/lustre/mathdugre/fast-interpolate/datasets/ds004513/derivatives/flint/antsRegistration/r8-p17/sub-s037/Stage1_level1_Iter0005.nii.gz
2DIAGNOSTIC,     5, -1.076830574949e-01, 1.797693134862e+308, 0.0000e+00, 0.0000e+00, 
*/mnt/lustre/mathdugre/fast-interpolate/datasets/ds004513/derivatives/flint/antsRegistration/r8-p17/sub-s037/Stage1_level1_Iter0006.nii.gz
2DIAGNOSTIC,     6, -1.080106015181e-01, 1.797693134862e+308, 0.0000e+00, 0.0000e+00, 
*/mnt/lustre/mathdugre/fast-interpolate/datasets/ds004513/derivatives/flint/antsRegistration/r8-p17/sub-s037/Stage1_level1_Iter0007.nii.gz
2DIAGNOSTIC,     7, -1.080799762946e-01, 1.797693134862e+308, 0.0000e+00, 0.0000e+00, 
*/mnt/lustre/mathdugre/fast-interpolate/datasets/ds004513/derivatives/flint/antsRegistration/r8-p17/sub-s037/Stage1_level1_Iter0008.nii.gz
2DIAGNOSTIC,     8, -1.088436655818e-01, 1.797693134862e+308, 0.0000e+00, 0.0000e+00, 
*/mnt/lustre/mathdugre/fast-interpolate/datasets/ds004513/derivatives/flint/antsRegistration/r8-p17/sub-s037/Stage1_level1_Iter0009.nii.gz
2DIAGNOSTIC,     9, -1.086822513735e-01, 1.797693134862e+308, 0.0000e+00, 0.0000e+00, 
*/mnt/lustre/mathdugre/fast-interpolate/datasets/ds004513/derivatives/flint/antsRegistration/r8-p17/sub-s037/Stage1_level1_Iter0010.nii.gz
2DIAGNOSTIC,    10, -1.220798287416e-01, 5.482196807861e-03, 0.0000e+00, 0.0000e+00, 
*/mnt/lustre/mathdugre/fast-interpolate/datasets/ds004513/derivatives/flint/antsRegistration/r8-p17/sub-s037/Stage1_level1_Iter0011.nii.gz
2DIAGNOSTIC,    11, -1.291931132024e-01, 8.915424346924e-03, 0.0000e+00, 0.0000e+00, 
*/mnt/lustre/mathdugre/fast-interpolate/datasets/ds004513/derivatives/flint/antsRegistration/r8-p17/sub-s037/Stage1_level1_Iter0012.nii.gz
2DIAGNOSTIC,    12, -2.094427045843e-01, 2.634906768799e-02, 0.0000e+00, 0.0000e+00, 
*/mnt/lustre/mathdugre/fast-interpolate/datasets/ds004513/derivatives/flint/antsRegistration/r8-p17/sub-s037/Stage1_level1_Iter0013.nii.gz
2DIAGNOSTIC,    13, -2.909995603298e-01, 4.862928390503e-02, 0.0000e+00, 0.0000e+00, 
*/mnt/lustre/mathdugre/fast-interpolate/datasets/ds004513/derivatives/flint/antsRegistration/r8-p17/sub-s037/Stage1_level1_Iter0014.nii.gz
2DIAGNOSTIC,    14, -4.077560343891e-01, 7.256317138672e-02, 0.0000e+00, 0.0000e+00, 
*/mnt/lustre/mathdugre/fast-interpolate/datasets/ds004513/derivatives/flint/antsRegistration/r8-p17/sub-s037/Stage1_level1_Iter0015.nii.gz
2DIAGNOSTIC,    15, -4.145989585030e-01, 8.328151702881e-02, 0.0000e+00, 0.0000e+00, 
*/mnt/lustre/mathdugre/fast-interpolate/datasets/ds004513/derivatives/flint/antsRegistration/r8-p17/sub-s037/Stage1_level1_Iter0016.nii.gz
2DIAGNOSTIC,    16, -4.176291843662e-01, 8.442687988281e-02, 0.0000e+00, 0.0000e+00, 
*/mnt/lustre/mathdugre/fast-interpolate/datasets/ds004513/derivatives/flint/antsRegistration/r8-p17/sub-s037/Stage1_level1_Iter0017.nii.gz
2DIAGNOSTIC,    17, -4.198708360046e-01, 7.822799682617e-02, 0.0000e+00, 0.0000e+00, 
*/mnt/lustre/mathdugre/fast-interpolate/datasets/ds004513/derivatives/flint/antsRegistration/r8-p17/sub-s037/Stage1_level1_Iter0018.nii.gz
2DIAGNOSTIC,    18, -4.241013277112e-01, 6.676340103149e-02, 0.0000e+00, 0.0000e+00, 
*/mnt/lustre/mathdugre/fast-interpolate/datasets/ds004513/derivatives/flint/antsRegistration/r8-p17/sub-s037/Stage1_level1_Iter0019.nii.gz
2DIAGNOSTIC,    19, -4.356666042079e-01, 5.225825309753e-02, 0.0000e+00, 0.0000e+00, 
*/mnt/lustre/mathdugre/fast-interpolate/datasets/ds004513/derivatives/flint/antsRegistration/r8-p17/sub-s037/Stage1_level1_Iter0020.nii.gz
2DIAGNOSTIC,    20, -4.644700401947e-01, 3.823065757751e-02, 0.0000e+00, 0.0000e+00, 
*/mnt/lustre/mathdugre/fast-interpolate/datasets/ds004513/derivatives/flint/antsRegistration/r8-p17/sub-s037/Stage1_level1_Iter0021.nii.gz
2DIAGNOSTIC,    21, -4.687435167648e-01, 2.392292022705e-02, 0.0000e+00, 0.0000e+00, 
*/mnt/lustre/mathdugre/fast-interpolate/datasets/ds004513/derivatives/flint/antsRegistration/r8-p17/sub-s037/Stage1_level1_Iter0022.nii.gz
2DIAGNOSTIC,    22, -4.742826300723e-01, 1.413393020630e-02, 0.0000e+00, 0.0000e+00, 
*/mnt/lustre/mathdugre/fast-interpolate/datasets/ds004513/derivatives/flint/antsRegistration/r8-p17/sub-s037/Stage1_level1_Iter0023.nii.gz
2DIAGNOSTIC,    23, -4.772950710864e-01, 8.372306823730e-03, 0.0000e+00, 0.0000e+00, 
*/mnt/lustre/mathdugre/fast-interpolate/datasets/ds004513/derivatives/flint/antsRegistration/r8-p17/sub-s037/Stage1_level1_Iter0024.nii.gz
2DIAGNOSTIC,    24, -4.792043309248e-01, 7.774353027344e-03, 0.0000e+00, 0.0000e+00, 
*/mnt/lustre/mathdugre/fast-interpolate/datasets/ds004513/derivatives/flint/antsRegistration/r8-p17/sub-s037/Stage1_level1_Iter0025.nii.gz
2DIAGNOSTIC,    25, -4.805758229634e-01, 6.858348846436e-03, 0.0000e+00, 0.0000e+00, 
*/mnt/lustre/mathdugre/fast-interpolate/datasets/ds004513/derivatives/flint/antsRegistration/r8-p17/sub-s037/Stage1_level1_Iter0026.nii.gz
2DIAGNOSTIC,    26, -4.837920173791e-01, 5.663394927979e-03, 0.0000e+00, 0.0000e+00, 
*/mnt/lustre/mathdugre/fast-interpolate/datasets/ds004513/derivatives/flint/antsRegistration/r8-p17/sub-s037/Stage1_level1_Iter0027.nii.gz
2DIAGNOSTIC,    27, -4.842775474564e-01, 4.199743270874e-03, 0.0000e+00, 0.0000e+00, 
*/mnt/lustre/mathdugre/fast-interpolate/datasets/ds004513/derivatives/flint/antsRegistration/r8-p17/sub-s037/Stage1_level1_Iter0028.nii.gz
2DIAGNOSTIC,    28, -4.844635684140e-01, 2.661943435669e-03, 0.0000e+00, 0.0000e+00, 
*/mnt/lustre/mathdugre/fast-interpolate/datasets/ds004513/derivatives/flint/antsRegistration/r8-p17/sub-s037/Stage1_level1_Iter0029.nii.gz
2DIAGNOSTIC,    29, -4.852723583589e-01, 1.413583755493e-03, 0.0000e+00, 0.0000e+00, 
*/mnt/lustre/mathdugre/fast-interpolate/datasets/ds004513/derivatives/flint/antsRegistration/r8-p17/sub-s037/Stage1_level1_Iter0030.nii.gz
2DIAGNOSTIC,    30, -4.897501679309e-01, 1.153230667114e-03, 0.0000e+00, 0.0000e+00, 
*/mnt/lustre/mathdugre/fast-interpolate/datasets/ds004513/derivatives/flint/antsRegistration/r8-p17/sub-s037/Stage1_level1_Iter0031.nii.gz
2DIAGNOSTIC,    31, -5.173647837070e-01, 1.705408096313e-03, 0.0000e+00, 0.0000e+00, 
*/mnt/lustre/mathdugre/fast-interpolate/datasets/ds004513/derivatives/flint/antsRegistration/r8-p17/sub-s037/Stage1_level1_Iter0032.nii.gz
2DIAGNOSTIC,    32, -5.214747749294e-01, 2.283096313477e-03, 0.0000e+00, 0.0000e+00, 
*/mnt/lustre/mathdugre/fast-interpolate/datasets/ds004513/derivatives/flint/antsRegistration/r8-p17/sub-s037/Stage1_level1_Iter0033.nii.gz
2DIAGNOSTIC,    33, -5.214989961590e-01, 2.678871154785e-03, 0.0000e+00, 0.0000e+00, 
*/mnt/lustre/mathdugre/fast-interpolate/datasets/ds004513/derivatives/flint/antsRegistration/r8-p17/sub-s037/Stage1_level1_Iter0034.nii.gz
2DIAGNOSTIC,    34, -5.215081409485e-01, 2.847433090210e-03, 0.0000e+00, 0.0000e+00, 
*/mnt/lustre/mathdugre/fast-interpolate/datasets/ds004513/derivatives/flint/antsRegistration/r8-p17/sub-s037/Stage1_level1_Iter0035.nii.gz
2DIAGNOSTIC,    35, -5.215080037569e-01, 2.763271331787e-03, 0.0000e+00, 0.0000e+00, 
*/mnt/lustre/mathdugre/fast-interpolate/datasets/ds004513/derivatives/flint/antsRegistration/r8-p17/sub-s037/Stage1_level1_Iter0036.nii.gz
2DIAGNOSTIC,    36, -5.215169466591e-01, 2.487659454346e-03, 0.0000e+00, 0.0000e+00, 
*/mnt/lustre/mathdugre/fast-interpolate/datasets/ds004513/derivatives/flint/antsRegistration/r8-p17/sub-s037/Stage1_level1_Iter0037.nii.gz
2DIAGNOSTIC,    37, -5.215229845077e-01, 2.009153366089e-03, 0.0000e+00, 0.0000e+00, 
*/mnt/lustre/mathdugre/fast-interpolate/datasets/ds004513/derivatives/flint/antsRegistration/r8-p17/sub-s037/Stage1_level1_Iter0038.nii.gz
2DIAGNOSTIC,    38, -5.215345820233e-01, 1.392364501953e-03, 0.0000e+00, 0.0000e+00, 
*/mnt/lustre/mathdugre/fast-interpolate/datasets/ds004513/derivatives/flint/antsRegistration/r8-p17/sub-s037/Stage1_level1_Iter0039.nii.gz
2DIAGNOSTIC,    39, -5.215554369286e-01, 7.112026214600e-04, 0.0000e+00, 0.0000e+00, 
*/mnt/lustre/mathdugre/fast-interpolate/datasets/ds004513/derivatives/flint/antsRegistration/r8-p17/sub-s037/Stage1_level1_Iter0040.nii.gz
2DIAGNOSTIC,    40, -5.215758247462e-01, 8.440017700195e-05, 0.0000e+00, 0.0000e+00, 
*/mnt/lustre/mathdugre/fast-interpolate/datasets/ds004513/derivatives/flint/antsRegistration/r8-p17/sub-s037/Stage1_level1_Iter0041.nii.gz
2DIAGNOSTIC,    41, -5.215444315886e-01, 4.291534423828e-06, 0.0000e+00, 0.0000e+00, 
*/mnt/lustre/mathdugre/fast-interpolate/datasets/ds004513/derivatives/flint/antsRegistration/r8-p17/sub-s037/Stage1_level1_Iter0042.nii.gz
2DIAGNOSTIC,    42, -5.216026240493e-01, 4.529953002930e-06, 0.0000e+00, 0.0000e+00, 
*/mnt/lustre/mathdugre/fast-interpolate/datasets/ds004513/derivatives/flint/antsRegistration/r8-p17/sub-s037/Stage1_level1_Iter0043.nii.gz
2DIAGNOSTIC,    43, -5.216346551394e-01, 5.245208740234e-06, 0.0000e+00, 0.0000e+00, 
*/mnt/lustre/mathdugre/fast-interpolate/datasets/ds004513/derivatives/flint/antsRegistration/r8-p17/sub-s037/Stage1_level1_Iter0044.nii.gz
2DIAGNOSTIC,    44, -5.216324432624e-01, 6.198883056641e-06, 0.0000e+00, 0.0000e+00, 
*/mnt/lustre/mathdugre/fast-interpolate/datasets/ds004513/derivatives/flint/antsRegistration/r8-p17/sub-s037/Stage1_level1_Iter0045.nii.gz
2DIAGNOSTIC,    45, -5.217429365718e-01, 7.629394531250e-06, 0.0000e+00, 0.0000e+00, 
*/mnt/lustre/mathdugre/fast-interpolate/datasets/ds004513/derivatives/flint/antsRegistration/r8-p17/sub-s037/Stage1_level1_Iter0046.nii.gz
2DIAGNOSTIC,    46, -5.219328859934e-01, 1.156330108643e-05, 0.0000e+00, 0.0000e+00, 
*/mnt/lustre/mathdugre/fast-interpolate/datasets/ds004513/derivatives/flint/antsRegistration/r8-p17/sub-s037/Stage1_level1_Iter0047.nii.gz
2DIAGNOSTIC,    47, -5.222581007442e-01, 1.978874206543e-05, 0.0000e+00, 0.0000e+00, 
*/mnt/lustre/mathdugre/fast-interpolate/datasets/ds004513/derivatives/flint/antsRegistration/r8-p17/sub-s037/Stage1_level1_Iter0048.nii.gz
2DIAGNOSTIC,    48, -5.228143409766e-01, 3.361701965332e-05, 0.0000e+00, 0.0000e+00, 
*/mnt/lustre/mathdugre/fast-interpolate/datasets/ds004513/derivatives/flint/antsRegistration/r8-p17/sub-s037/Stage1_level1_Iter0049.nii.gz
2DIAGNOSTIC,    49, -5.237862640623e-01, 5.817413330078e-05, 0.0000e+00, 0.0000e+00, 
*/mnt/lustre/mathdugre/fast-interpolate/datasets/ds004513/derivatives/flint/antsRegistration/r8-p17/sub-s037/Stage1_level1_Iter0050.nii.gz
2DIAGNOSTIC,    50, -5.251716169416e-01, 9.584426879883e-05, 0.0000e+00, 0.0000e+00, 
*/mnt/lustre/mathdugre/fast-interpolate/datasets/ds004513/derivatives/flint/antsRegistration/r8-p17/sub-s037/Stage1_level1_Iter0051.nii.gz
2DIAGNOSTIC,    51, -5.272685119314e-01, 1.510381698608e-04, 0.0000e+00, 0.0000e+00, 
*/mnt/lustre/mathdugre/fast-interpolate/datasets/ds004513/derivatives/flint/antsRegistration/r8-p17/sub-s037/Stage1_level1_Iter0052.nii.gz
2DIAGNOSTIC,    52, -5.285115354338e-01, 2.058744430542e-04, 0.0000e+00, 0.0000e+00, 
*/mnt/lustre/mathdugre/fast-interpolate/datasets/ds004513/derivatives/flint/antsRegistration/r8-p17/sub-s037/Stage1_level1_Iter0053.nii.gz
2DIAGNOSTIC,    53, -5.301926612592e-01, 2.614259719849e-04, 0.0000e+00, 0.0000e+00, 
*/mnt/lustre/mathdugre/fast-interpolate/datasets/ds004513/derivatives/flint/antsRegistration/r8-p17/sub-s037/Stage1_level1_Iter0054.nii.gz
2DIAGNOSTIC,    54, -5.326359686201e-01, 3.203153610229e-04, 0.0000e+00, 0.0000e+00, 
*/mnt/lustre/mathdugre/fast-interpolate/datasets/ds004513/derivatives/flint/antsRegistration/r8-p17/sub-s037/Stage1_level1_Iter0055.nii.gz
2DIAGNOSTIC,    55, -5.348491289858e-01, 3.743171691895e-04, 0.0000e+00, 0.0000e+00, 
*/mnt/lustre/mathdugre/fast-interpolate/datasets/ds004513/derivatives/flint/antsRegistration/r8-p17/sub-s037/Stage1_level1_Iter0056.nii.gz
2DIAGNOSTIC,    56, -5.363763397245e-01, 4.109144210815e-04, 0.0000e+00, 0.0000e+00, 
*/mnt/lustre/mathdugre/fast-interpolate/datasets/ds004513/derivatives/flint/antsRegistration/r8-p17/sub-s037/Stage1_level1_Iter0057.nii.gz
2DIAGNOSTIC,    57, -5.392741667654e-01, 4.453659057617e-04, 0.0000e+00, 0.0000e+00, 
*/mnt/lustre/mathdugre/fast-interpolate/datasets/ds004513/derivatives/flint/antsRegistration/r8-p17/sub-s037/Stage1_level1_Iter0058.nii.gz
2DIAGNOSTIC,    58, -5.410545691115e-01, 4.624128341675e-04, 0.0000e+00, 0.0000e+00, 
*/mnt/lustre/mathdugre/fast-interpolate/datasets/ds004513/derivatives/flint/antsRegistration/r8-p17/sub-s037/Stage1_level1_Iter0059.nii.gz
2DIAGNOSTIC,    59, -5.483145389901e-01, 5.285739898682e-04, 0.0000e+00, 0.0000e+00, 
*/mnt/lustre/mathdugre/fast-interpolate/datasets/ds004513/derivatives/flint/antsRegistration/r8-p17/sub-s037/Stage1_level1_Iter0060.nii.gz
2DIAGNOSTIC,    60, -5.485878142887e-01, 5.575418472290e-04, 0.0000e+00, 0.0000e+00, 
*/mnt/lustre/mathdugre/fast-interpolate/datasets/ds004513/derivatives/flint/antsRegistration/r8-p17/sub-s037/Stage1_level1_Iter0061.nii.gz
2DIAGNOSTIC,    61, -5.489216221297e-01, 5.595684051514e-04, 0.0000e+00, 0.0000e+00, 
*/mnt/lustre/mathdugre/fast-interpolate/datasets/ds004513/derivatives/flint/antsRegistration/r8-p17/sub-s037/Stage1_level1_Iter0062.nii.gz
2DIAGNOSTIC,    62, -5.494009391635e-01, 5.270242691040e-04, 0.0000e+00, 0.0000e+00, 
*/mnt/lustre/mathdugre/fast-interpolate/datasets/ds004513/derivatives/flint/antsRegistration/r8-p17/sub-s037/Stage1_level1_Iter0063.nii.gz
2DIAGNOSTIC,    63, -5.498078137593e-01, 4.670619964600e-04, 0.0000e+00, 0.0000e+00, 
*/mnt/lustre/mathdugre/fast-interpolate/datasets/ds004513/derivatives/flint/antsRegistration/r8-p17/sub-s037/Stage1_level1_Iter0064.nii.gz
2DIAGNOSTIC,    64, -5.500557582590e-01, 3.907680511475e-04, 0.0000e+00, 0.0000e+00, 
*/mnt/lustre/mathdugre/fast-interpolate/datasets/ds004513/derivatives/flint/antsRegistration/r8-p17/sub-s037/Stage1_level1_Iter0065.nii.gz
2DIAGNOSTIC,    65, -5.502376059817e-01, 3.045797348022e-04, 0.0000e+00, 0.0000e+00, 
*/mnt/lustre/mathdugre/fast-interpolate/datasets/ds004513/derivatives/flint/antsRegistration/r8-p17/sub-s037/Stage1_level1_Iter0066.nii.gz
2DIAGNOSTIC,    66, -5.504751259947e-01, 2.102851867676e-04, 0.0000e+00, 0.0000e+00, 
*/mnt/lustre/mathdugre/fast-interpolate/datasets/ds004513/derivatives/flint/antsRegistration/r8-p17/sub-s037/Stage1_level1_Iter0067.nii.gz
2DIAGNOSTIC,    67, -5.520793177620e-01, 1.434087753296e-04, 0.0000e+00, 0.0000e+00, 
*/mnt/lustre/mathdugre/fast-interpolate/datasets/ds004513/derivatives/flint/antsRegistration/r8-p17/sub-s037/Stage1_level1_Iter0068.nii.gz
2DIAGNOSTIC,    68, -5.544380479628e-01, 1.027584075928e-04, 0.0000e+00, 0.0000e+00, 
*/mnt/lustre/mathdugre/fast-interpolate/datasets/ds004513/derivatives/flint/antsRegistration/r8-p17/sub-s037/Stage1_level1_Iter0069.nii.gz
2DIAGNOSTIC,    69, -5.561044236464e-01, 1.373291015625e-04, 0.0000e+00, 0.0000e+00, 
*/mnt/lustre/mathdugre/fast-interpolate/datasets/ds004513/derivatives/flint/antsRegistration/r8-p17/sub-s037/Stage1_level1_Iter0070.nii.gz
2DIAGNOSTIC,    70, -5.572870051477e-01, 1.708269119263e-04, 0.0000e+00, 0.0000e+00, 
*/mnt/lustre/mathdugre/fast-interpolate/datasets/ds004513/derivatives/flint/antsRegistration/r8-p17/sub-s037/Stage1_level1_Iter0071.nii.gz
2DIAGNOSTIC,    71, -5.574797306073e-01, 1.913309097290e-04, 0.0000e+00, 0.0000e+00, 
*/mnt/lustre/mathdugre/fast-interpolate/datasets/ds004513/derivatives/flint/antsRegistration/r8-p17/sub-s037/Stage1_level1_Iter0072.nii.gz
2DIAGNOSTIC,    72, -5.576352280542e-01, 1.987218856812e-04, 0.0000e+00, 0.0000e+00, 
*/mnt/lustre/mathdugre/fast-interpolate/datasets/ds004513/derivatives/flint/antsRegistration/r8-p17/sub-s037/Stage1_level1_Iter0073.nii.gz
2DIAGNOSTIC,    73, -5.577777779465e-01, 1.912117004395e-04, 0.0000e+00, 0.0000e+00, 
*/mnt/lustre/mathdugre/fast-interpolate/datasets/ds004513/derivatives/flint/antsRegistration/r8-p17/sub-s037/Stage1_level1_Iter0074.nii.gz
2DIAGNOSTIC,    74, -5.579452769416e-01, 1.690387725830e-04, 0.0000e+00, 0.0000e+00, 
*/mnt/lustre/mathdugre/fast-interpolate/datasets/ds004513/derivatives/flint/antsRegistration/r8-p17/sub-s037/Stage1_level1_Iter0075.nii.gz
2DIAGNOSTIC,    75, -5.583353490727e-01, 1.363754272461e-04, 0.0000e+00, 0.0000e+00, 
*/mnt/lustre/mathdugre/fast-interpolate/datasets/ds004513/derivatives/flint/antsRegistration/r8-p17/sub-s037/Stage1_level1_Iter0076.nii.gz
2DIAGNOSTIC,    76, -5.585625766712e-01, 9.560585021973e-05, 0.0000e+00, 0.0000e+00, 
*/mnt/lustre/mathdugre/fast-interpolate/datasets/ds004513/derivatives/flint/antsRegistration/r8-p17/sub-s037/Stage1_level1_Iter0077.nii.gz
2DIAGNOSTIC,    77, -5.587061963442e-01, 6.091594696045e-05, 0.0000e+00, 0.0000e+00, 
*/mnt/lustre/mathdugre/fast-interpolate/datasets/ds004513/derivatives/flint/antsRegistration/r8-p17/sub-s037/Stage1_level1_Iter0078.nii.gz
2DIAGNOSTIC,    78, -5.587416345758e-01, 4.076957702637e-05, 0.0000e+00, 0.0000e+00, 
*/mnt/lustre/mathdugre/fast-interpolate/datasets/ds004513/derivatives/flint/antsRegistration/r8-p17/sub-s037/Stage1_level1_Iter0079.nii.gz
2DIAGNOSTIC,    79, -5.588401783461e-01, 3.087520599365e-05, 0.0000e+00, 0.0000e+00, 
*/mnt/lustre/mathdugre/fast-interpolate/datasets/ds004513/derivatives/flint/antsRegistration/r8-p17/sub-s037/Stage1_level1_Iter0080.nii.gz
2DIAGNOSTIC,    80, -5.589227493863e-01, 2.837181091309e-05, 0.0000e+00, 0.0000e+00, 
*/mnt/lustre/mathdugre/fast-interpolate/datasets/ds004513/derivatives/flint/antsRegistration/r8-p17/sub-s037/Stage1_level1_Iter0081.nii.gz
2DIAGNOSTIC,    81, -5.590877301299e-01, 2.586841583252e-05, 0.0000e+00, 0.0000e+00, 
*/mnt/lustre/mathdugre/fast-interpolate/datasets/ds004513/derivatives/flint/antsRegistration/r8-p17/sub-s037/Stage1_level1_Iter0082.nii.gz
2DIAGNOSTIC,    82, -5.592086731027e-01, 2.288818359375e-05, 0.0000e+00, 0.0000e+00, 
*/mnt/lustre/mathdugre/fast-interpolate/datasets/ds004513/derivatives/flint/antsRegistration/r8-p17/sub-s037/Stage1_level1_Iter0083.nii.gz
2DIAGNOSTIC,    83, -5.592608345879e-01, 1.966953277588e-05, 0.0000e+00, 0.0000e+00, 
*/mnt/lustre/mathdugre/fast-interpolate/datasets/ds004513/derivatives/flint/antsRegistration/r8-p17/sub-s037/Stage1_level1_Iter0084.nii.gz
2DIAGNOSTIC,    84, -5.593047669996e-01, 1.591444015503e-05, 0.0000e+00, 0.0000e+00, 
*/mnt/lustre/mathdugre/fast-interpolate/datasets/ds004513/derivatives/flint/antsRegistration/r8-p17/sub-s037/Stage1_level1_Iter0085.nii.gz
2DIAGNOSTIC,    85, -5.593334435563e-01, 1.376867294312e-05, 0.0000e+00, 0.0000e+00, 
*/mnt/lustre/mathdugre/fast-interpolate/datasets/ds004513/derivatives/flint/antsRegistration/r8-p17/sub-s037/Stage1_level1_Iter0086.nii.gz
2DIAGNOSTIC,    86, -5.593368441718e-01, 1.227855682373e-05, 0.0000e+00, 0.0000e+00, 
*/mnt/lustre/mathdugre/fast-interpolate/datasets/ds004513/derivatives/flint/antsRegistration/r8-p17/sub-s037/Stage1_level1_Iter0087.nii.gz
2DIAGNOSTIC,    87, -5.593431355668e-01, 1.049041748047e-05, 0.0000e+00, 0.0000e+00, 
*/mnt/lustre/mathdugre/fast-interpolate/datasets/ds004513/derivatives/flint/antsRegistration/r8-p17/sub-s037/Stage1_level1_Iter0088.nii.gz
2DIAGNOSTIC,    88, -5.593479842662e-01, 8.225440979004e-06, 0.0000e+00, 0.0000e+00, 
*/mnt/lustre/mathdugre/fast-interpolate/datasets/ds004513/derivatives/flint/antsRegistration/r8-p17/sub-s037/Stage1_level1_Iter0089.nii.gz
2DIAGNOSTIC,    89, -5.593616809566e-01, 6.020069122314e-06, 0.0000e+00, 0.0000e+00, 
*/mnt/lustre/mathdugre/fast-interpolate/datasets/ds004513/derivatives/flint/antsRegistration/r8-p17/sub-s037/Stage1_level1_Iter0090.nii.gz
2DIAGNOSTIC,    90, -5.593728894765e-01, 3.755092620850e-06, 0.0000e+00, 0.0000e+00, 
*/mnt/lustre/mathdugre/fast-interpolate/datasets/ds004513/derivatives/flint/antsRegistration/r8-p17/sub-s037/Stage1_level1_Iter0091.nii.gz
2DIAGNOSTIC,    91, -5.593890133299e-01, 2.682209014893e-06, 0.0000e+00, 0.0000e+00, 
*/mnt/lustre/mathdugre/fast-interpolate/datasets/ds004513/derivatives/flint/antsRegistration/r8-p17/sub-s037/Stage1_level1_Iter0092.nii.gz
2DIAGNOSTIC,    92, -5.593938142101e-01, 2.026557922363e-06, 0.0000e+00, 0.0000e+00, 
*/mnt/lustre/mathdugre/fast-interpolate/datasets/ds004513/derivatives/flint/antsRegistration/r8-p17/sub-s037/Stage1_level1_Iter0093.nii.gz
2DIAGNOSTIC,    93, -5.593992611974e-01, 1.668930053711e-06, 0.0000e+00, 0.0000e+00, 
*/mnt/lustre/mathdugre/fast-interpolate/datasets/ds004513/derivatives/flint/antsRegistration/r8-p17/sub-s037/Stage1_level1_Iter0094.nii.gz
2DIAGNOSTIC,    94, -5.594014710153e-01, 1.609325408936e-06, 0.0000e+00, 0.0000e+00, 
*/mnt/lustre/mathdugre/fast-interpolate/datasets/ds004513/derivatives/flint/antsRegistration/r8-p17/sub-s037/Stage1_level1_Iter0095.nii.gz
2DIAGNOSTIC,    95, -5.594026976214e-01, 1.370906829834e-06, 0.0000e+00, 0.0000e+00, 
*/mnt/lustre/mathdugre/fast-interpolate/datasets/ds004513/derivatives/flint/antsRegistration/r8-p17/sub-s037/Stage1_level1_Iter0096.nii.gz
2DIAGNOSTIC,    96, -5.594003137228e-01, 1.311302185059e-06, 0.0000e+00, 0.0000e+00, 
*/mnt/lustre/mathdugre/fast-interpolate/datasets/ds004513/derivatives/flint/antsRegistration/r8-p17/sub-s037/Stage1_level1_Iter0097.nii.gz
2DIAGNOSTIC,    97, -5.594012587757e-01, 1.072883605957e-06, 0.0000e+00, 0.0000e+00, 
DIAGNOSTIC,Iteration,metricValue,convergenceValue,ITERATION_TIME_INDEX,SINCE_LAST
*/mnt/lustre/mathdugre/fast-interpolate/datasets/ds004513/derivatives/flint/antsRegistration/r8-p17/sub-s037/Stage1_level2_Iter0001.nii.gz
2DIAGNOSTIC,     1, -4.537795208256e-01, 1.797693134862e+308, 0.0000e+00, 0.0000e+00, 
*/mnt/lustre/mathdugre/fast-interpolate/datasets/ds004513/derivatives/flint/antsRegistration/r8-p17/sub-s037/Stage1_level2_Iter0002.nii.gz
2DIAGNOSTIC,     2, -4.543011141129e-01, 1.797693134862e+308, 0.0000e+00, 0.0000e+00, 
*/mnt/lustre/mathdugre/fast-interpolate/datasets/ds004513/derivatives/flint/antsRegistration/r8-p17/sub-s037/Stage1_level2_Iter0003.nii.gz
2DIAGNOSTIC,     3, -4.550232462472e-01, 1.797693134862e+308, 0.0000e+00, 0.0000e+00, 
*/mnt/lustre/mathdugre/fast-interpolate/datasets/ds004513/derivatives/flint/antsRegistration/r8-p17/sub-s037/Stage1_level2_Iter0004.nii.gz
2DIAGNOSTIC,     4, -4.560054990927e-01, 1.797693134862e+308, 0.0000e+00, 0.0000e+00, 
*/mnt/lustre/mathdugre/fast-interpolate/datasets/ds004513/derivatives/flint/antsRegistration/r8-p17/sub-s037/Stage1_level2_Iter0005.nii.gz
2DIAGNOSTIC,     5, -4.569240537137e-01, 1.797693134862e+308, 0.0000e+00, 0.0000e+00, 
*/mnt/lustre/mathdugre/fast-interpolate/datasets/ds004513/derivatives/flint/antsRegistration/r8-p17/sub-s037/Stage1_level2_Iter0006.nii.gz
2DIAGNOSTIC,     6, -4.584860365015e-01, 1.797693134862e+308, 0.0000e+00, 0.0000e+00, 
*/mnt/lustre/mathdugre/fast-interpolate/datasets/ds004513/derivatives/flint/antsRegistration/r8-p17/sub-s037/Stage1_level2_Iter0007.nii.gz
2DIAGNOSTIC,     7, -4.610316538426e-01, 1.797693134862e+308, 0.0000e+00, 0.0000e+00, 
*/mnt/lustre/mathdugre/fast-interpolate/datasets/ds004513/derivatives/flint/antsRegistration/r8-p17/sub-s037/Stage1_level2_Iter0008.nii.gz
2DIAGNOSTIC,     8, -4.635105984236e-01, 1.797693134862e+308, 0.0000e+00, 0.0000e+00, 
*/mnt/lustre/mathdugre/fast-interpolate/datasets/ds004513/derivatives/flint/antsRegistration/r8-p17/sub-s037/Stage1_level2_Iter0009.nii.gz
2DIAGNOSTIC,     9, -4.700584543518e-01, 1.797693134862e+308, 0.0000e+00, 0.0000e+00, 
*/mnt/lustre/mathdugre/fast-interpolate/datasets/ds004513/derivatives/flint/antsRegistration/r8-p17/sub-s037/Stage1_level2_Iter0010.nii.gz
2DIAGNOSTIC,    10, -4.708200308676e-01, 2.435684204102e-03, 0.0000e+00, 0.0000e+00, 
*/mnt/lustre/mathdugre/fast-interpolate/datasets/ds004513/derivatives/flint/antsRegistration/r8-p17/sub-s037/Stage1_level2_Iter0011.nii.gz
2DIAGNOSTIC,    11, -4.713797080447e-01, 2.481937408447e-03, 0.0000e+00, 0.0000e+00, 
*/mnt/lustre/mathdugre/fast-interpolate/datasets/ds004513/derivatives/flint/antsRegistration/r8-p17/sub-s037/Stage1_level2_Iter0012.nii.gz
2DIAGNOSTIC,    12, -4.743899852207e-01, 2.480983734131e-03, 0.0000e+00, 0.0000e+00, 
*/mnt/lustre/mathdugre/fast-interpolate/datasets/ds004513/derivatives/flint/antsRegistration/r8-p17/sub-s037/Stage1_level2_Iter0013.nii.gz
2DIAGNOSTIC,    13, -4.771591434791e-01, 2.413749694824e-03, 0.0000e+00, 0.0000e+00, 
*/mnt/lustre/mathdugre/fast-interpolate/datasets/ds004513/derivatives/flint/antsRegistration/r8-p17/sub-s037/Stage1_level2_Iter0014.nii.gz
2DIAGNOSTIC,    14, -4.786463877218e-01, 2.240180969238e-03, 0.0000e+00, 0.0000e+00, 
*/mnt/lustre/mathdugre/fast-interpolate/datasets/ds004513/derivatives/flint/antsRegistration/r8-p17/sub-s037/Stage1_level2_Iter0015.nii.gz
2DIAGNOSTIC,    15, -4.791833214162e-01, 1.947402954102e-03, 0.0000e+00, 0.0000e+00, 
*/mnt/lustre/mathdugre/fast-interpolate/datasets/ds004513/derivatives/flint/antsRegistration/r8-p17/sub-s037/Stage1_level2_Iter0016.nii.gz
2DIAGNOSTIC,    16, -4.793739423492e-01, 1.583576202393e-03, 0.0000e+00, 0.0000e+00, 
*/mnt/lustre/mathdugre/fast-interpolate/datasets/ds004513/derivatives/flint/antsRegistration/r8-p17/sub-s037/Stage1_level2_Iter0017.nii.gz
2DIAGNOSTIC,    17, -4.796119873233e-01, 1.217842102051e-03, 0.0000e+00, 0.0000e+00, 
*/mnt/lustre/mathdugre/fast-interpolate/datasets/ds004513/derivatives/flint/antsRegistration/r8-p17/sub-s037/Stage1_level2_Iter0018.nii.gz
2DIAGNOSTIC,    18, -4.801716355752e-01, 8.761882781982e-04, 0.0000e+00, 0.0000e+00, 
*/mnt/lustre/mathdugre/fast-interpolate/datasets/ds004513/derivatives/flint/antsRegistration/r8-p17/sub-s037/Stage1_level2_Iter0019.nii.gz
2DIAGNOSTIC,    19, -4.801995406082e-01, 6.992816925049e-04, 0.0000e+00, 0.0000e+00, 
*/mnt/lustre/mathdugre/fast-interpolate/datasets/ds004513/derivatives/flint/antsRegistration/r8-p17/sub-s037/Stage1_level2_Iter0020.nii.gz
2DIAGNOSTIC,    20, -4.803919995585e-01, 5.073547363281e-04, 0.0000e+00, 0.0000e+00, 
*/mnt/lustre/mathdugre/fast-interpolate/datasets/ds004513/derivatives/flint/antsRegistration/r8-p17/sub-s037/Stage1_level2_Iter0021.nii.gz
2DIAGNOSTIC,    21, -4.804793986783e-01, 3.042221069336e-04, 0.0000e+00, 0.0000e+00, 
*/mnt/lustre/mathdugre/fast-interpolate/datasets/ds004513/derivatives/flint/antsRegistration/r8-p17/sub-s037/Stage1_level2_Iter0022.nii.gz
