
##########################
# Experiment information #
##########################

EXPERIMENT_NAME: r8-p22
VFC_BACKENDS: libinterflop_vprec.so --range-binary32=8 --precision-binary32=22 --range-binary64=8 --precision-binary64=22

SIF_IMG: /mnt/lustre/mathdugre/containers/ants-vprec-no_metric.simg

SUBJECT_ID: s025
INPUT_IMG: /mnt/lustre/mathdugre/fast-interpolate/datasets/ds004513/derivatives/flint/antsBrainExtraction/sub-s025/BrainExtractionBrain.nii.gz
OUTPUT_DIR: /mnt/lustre/mathdugre/fast-interpolate/datasets/ds004513/derivatives/flint/antsRegistration/r8-p22/sub-s025

FIXED_IMG: /templateflow/tpl-MNI152NLin2009cAsym/tpl-MNI152NLin2009cAsym_res-01_desc-brain_T1w.nii.gz
DATA_DIR: /mnt/lustre/mathdugre/fast-interpolate/datasets/ds004513
TEMPLATEFLOW_DIR: /home/mathdugre/.cache/templateflow
ITK_GLOBAL_DEFAULT_NUMBER_OF_THREADS: 4
##########################

Info [verificarlo]: loaded backend libinterflop_vprec.so
Info [interflop-vprec]: load backend with: 
Info [interflop-vprec]: precision-binary32 = 22
Info [interflop-vprec]: range-binary32 = 8
Info [interflop-vprec]: precision-binary64 = 22
Info [interflop-vprec]: range-binary64 = 8
Info [interflop-vprec]: mode = ob
Info [interflop-vprec]: error-mode = rel
Info [interflop-vprec]: max-abs-error-exponent = -1022
Info [interflop-vprec]: daz = false
Info [interflop-vprec]: ftz = false
Info [interflop-vprec]: 	instrument = none
Info [interflop-vprec]: 	prec-input-file = (null)
Info [interflop-vprec]: 	prec-output-file = (null)
Info [interflop-vprec]: 	prec-log-file = (null)
All_Command_lines_OK
Using double precision for computations.
=============================================================================
The composite transform comprises the following transforms (in order): 
  1. Center of mass alignment using fixed image: /templateflow/tpl-MNI152NLin2009cAsym/tpl-MNI152NLin2009cAsym_res-01_desc-brain_T1w.nii.gz and moving image: /mnt/lustre/mathdugre/fast-interpolate/datasets/ds004513/derivatives/flint/antsBrainExtraction/sub-s025/BrainExtractionBrain.nii.gz (type = Euler3DTransform)
=============================================================================
  number of levels = 4
  number of levels = 4
  number of levels = 4
  fixed image: /templateflow/tpl-MNI152NLin2009cAsym/tpl-MNI152NLin2009cAsym_res-01_desc-brain_T1w.nii.gz
  moving image: /mnt/lustre/mathdugre/fast-interpolate/datasets/ds004513/derivatives/flint/antsBrainExtraction/sub-s025/BrainExtractionBrain.nii.gz
  fixed image: /templateflow/tpl-MNI152NLin2009cAsym/tpl-MNI152NLin2009cAsym_res-01_desc-brain_T1w.nii.gz
  moving image: /mnt/lustre/mathdugre/fast-interpolate/datasets/ds004513/derivatives/flint/antsBrainExtraction/sub-s025/BrainExtractionBrain.nii.gz
  fixed image: /templateflow/tpl-MNI152NLin2009cAsym/tpl-MNI152NLin2009cAsym_res-01_desc-brain_T1w.nii.gz
  moving image: /mnt/lustre/mathdugre/fast-interpolate/datasets/ds004513/derivatives/flint/antsBrainExtraction/sub-s025/BrainExtractionBrain.nii.gz
Dimension = 3
Number of stages = 3
Use histogram matching = false
Winsorize image intensities = true
  Lower quantile = 0.005
  Upper quantile = 0.995


Stage 1 State
   Image metric = MattesMI
     Fixed image = Image (0x36e8b30)
  RTTI typeinfo:   itk::Image<double, 3u>
  Reference Count: 2
  Modified Time: 2389
  Debug: Off
  Object Name: 
  Observers: 
    none
  Source: (none)
  Source output name: (none)
  Release Data: Off
  Data Released: False
  Global Release Data: Off
  PipelineMTime: 0
  UpdateMTime: 1998
  RealTimeStamp: 0 seconds 
  LargestPossibleRegion: 
    Dimension: 3
    Index: [0, 0, 0]
    Size: [193, 229, 193]
  BufferedRegion: 
    Dimension: 3
    Index: [0, 0, 0]
    Size: [193, 229, 193]
  RequestedRegion: 
    Dimension: 3
    Index: [0, 0, 0]
    Size: [193, 229, 193]
  Spacing: [1, 1, 1]
  Origin: [96, 132, -78]
  Direction: 
-1 0 0
0 -1 0
0 0 1

  IndexToPointMatrix: 
-1 0 0
0 -1 0
0 0 1

  PointToIndexMatrix: 
-1 0 0
0 -1 0
0 0 1

  Inverse Direction: 
-1 0 0
0 -1 0
0 0 1

  PixelContainer: 
    ImportImageContainer (0x37106b0)
      RTTI typeinfo:   itk::ImportImageContainer<unsigned long, double>
      Reference Count: 1
      Modified Time: 1995
      Debug: Off
      Object Name: 
      Observers: 
        none
      Pointer: 0x7f3d10ed7010
      Container manages memory: true
      Size: 8530021
      Capacity: 8530021

     Moving image = Image (0x36e4400)
  RTTI typeinfo:   itk::Image<double, 3u>
  Reference Count: 2
  Modified Time: 2390
  Debug: Off
  Object Name: 
  Observers: 
    none
  Source: (none)
  Source output name: (none)
  Release Data: Off
  Data Released: False
  Global Release Data: Off
  PipelineMTime: 0
  UpdateMTime: 2387
  RealTimeStamp: 0 seconds 
  LargestPossibleRegion: 
    Dimension: 3
    Index: [0, 0, 0]
    Size: [176, 240, 256]
  BufferedRegion: 
    Dimension: 3
    Index: [0, 0, 0]
    Size: [176, 240, 256]
  RequestedRegion: 
    Dimension: 3
    Index: [0, 0, 0]
    Size: [176, 240, 256]
  Spacing: [0.999999, 1, 1]
  Origin: [90.3778, 84.5091, -154.071]
  Direction: 
-0.999391 7.48184e-06 -0.0348969
-7.47664e-06 -1 -2.7953e-07
-0.0348969 -1.84481e-08 0.999391

  IndexToPointMatrix: 
-0.99939 7.48184e-06 -0.0348969
-7.47663e-06 -1 -2.7953e-07
-0.0348968 -1.84481e-08 0.999391

  PointToIndexMatrix: 
-0.999393 -7.47665e-06 -0.0348969
7.48184e-06 -1 -1.84481e-08
-0.0348969 -2.7953e-07 0.999391

  Inverse Direction: 
-0.999391 -7.47665e-06 -0.0348969
7.48184e-06 -1 -1.8448e-08
-0.0348969 -2.7953e-07 0.999391

  PixelContainer: 
    ImportImageContainer (0x38b86d0)
      RTTI typeinfo:   itk::ImportImageContainer<unsigned long, double>
      Reference Count: 1
      Modified Time: 2384
      Debug: Off
      Object Name: 
      Observers: 
        none
      Pointer: 0x7f3d0bc56010
      Container manages memory: true
      Size: 10813440
      Capacity: 10813440

     Weighting = 1
     Sampling strategy = regular
     Number of bins = 32
     Radius = 4
     Sampling percentage  = 0.25
   Transform = Rigid
     Gradient step = 0.1
     Update field sigma (voxel space) = 0
     Total field sigma (voxel space) = 0
     Update field time sigma = 0
     Total field time sigma  = 0
     Number of time indices = 0
     Number of time point samples = 0
Stage 2 State
   Image metric = MattesMI
     Fixed image = Image (0x3704d50)
  RTTI typeinfo:   itk::Image<double, 3u>
  Reference Count: 2
  Modified Time: 3167
  Debug: Off
  Object Name: 
  Observers: 
    none
  Source: (none)
  Source output name: (none)
  Release Data: Off
  Data Released: False
  Global Release Data: Off
  PipelineMTime: 0
  UpdateMTime: 2776
  RealTimeStamp: 0 seconds 
  LargestPossibleRegion: 
    Dimension: 3
    Index: [0, 0, 0]
    Size: [193, 229, 193]
  BufferedRegion: 
    Dimension: 3
    Index: [0, 0, 0]
    Size: [193, 229, 193]
  RequestedRegion: 
    Dimension: 3
    Index: [0, 0, 0]
    Size: [193, 229, 193]
  Spacing: [1, 1, 1]
  Origin: [96, 132, -78]
  Direction: 
-1 0 0
0 -1 0
0 0 1

  IndexToPointMatrix: 
-1 0 0
0 -1 0
0 0 1

  PointToIndexMatrix: 
-1 0 0
0 -1 0
0 0 1

  Inverse Direction: 
-1 0 0
0 -1 0
0 0 1

  PixelContainer: 
    ImportImageContainer (0x37c0570)
      RTTI typeinfo:   itk::ImportImageContainer<unsigned long, double>
      Reference Count: 1
      Modified Time: 2773
      Debug: Off
      Object Name: 
      Observers: 
        none
      Pointer: 0x7f3d07b41010
      Container manages memory: true
      Size: 8530021
      Capacity: 8530021

     Moving image = Image (0x36eef50)
  RTTI typeinfo:   itk::Image<double, 3u>
  Reference Count: 2
  Modified Time: 3168
  Debug: Off
  Object Name: 
  Observers: 
    none
  Source: (none)
  Source output name: (none)
  Release Data: Off
  Data Released: False
  Global Release Data: Off
  PipelineMTime: 0
  UpdateMTime: 3165
  RealTimeStamp: 0 seconds 
  LargestPossibleRegion: 
    Dimension: 3
    Index: [0, 0, 0]
    Size: [176, 240, 256]
  BufferedRegion: 
    Dimension: 3
    Index: [0, 0, 0]
    Size: [176, 240, 256]
  RequestedRegion: 
    Dimension: 3
    Index: [0, 0, 0]
    Size: [176, 240, 256]
  Spacing: [0.999999, 1, 1]
  Origin: [90.3778, 84.5091, -154.071]
  Direction: 
-0.999391 7.48184e-06 -0.0348969
-7.47664e-06 -1 -2.7953e-07
-0.0348969 -1.84481e-08 0.999391

  IndexToPointMatrix: 
-0.99939 7.48184e-06 -0.0348969
-7.47663e-06 -1 -2.7953e-07
-0.0348968 -1.84481e-08 0.999391

  PointToIndexMatrix: 
-0.999393 -7.47665e-06 -0.0348969
7.48184e-06 -1 -1.84481e-08
-0.0348969 -2.7953e-07 0.999391

  Inverse Direction: 
-0.999391 -7.47665e-06 -0.0348969
7.48184e-06 -1 -1.8448e-08
-0.0348969 -2.7953e-07 0.999391

  PixelContainer: 
    ImportImageContainer (0x3898650)
      RTTI typeinfo:   itk::ImportImageContainer<unsigned long, double>
      Reference Count: 1
      Modified Time: 3162
      Debug: Off
      Object Name: 
      Observers: 
        none
      Pointer: 0x7f3d028c0010
      Container manages memory: true
      Size: 10813440
      Capacity: 10813440

     Weighting = 1
     Sampling strategy = regular
     Number of bins = 32
     Radius = 4
     Sampling percentage  = 0.25
   Transform = Affine
     Gradient step = 0.1
     Update field sigma (voxel space) = 0
     Total field sigma (voxel space) = 0
     Update field time sigma = 0
     Total field time sigma  = 0
     Number of time indices = 0
     Number of time point samples = 0
Stage 3 State
   Image metric = CC
     Fixed image = Image (0x36efcf0)
  RTTI typeinfo:   itk::Image<double, 3u>
  Reference Count: 2
  Modified Time: 3945
  Debug: Off
  Object Name: 
  Observers: 
    none
  Source: (none)
  Source output name: (none)
  Release Data: Off
  Data Released: False
  Global Release Data: Off
  PipelineMTime: 0
  UpdateMTime: 3554
  RealTimeStamp: 0 seconds 
  LargestPossibleRegion: 
    Dimension: 3
    Index: [0, 0, 0]
    Size: [193, 229, 193]
  BufferedRegion: 
    Dimension: 3
    Index: [0, 0, 0]
    Size: [193, 229, 193]
  RequestedRegion: 
    Dimension: 3
    Index: [0, 0, 0]
    Size: [193, 229, 193]
  Spacing: [1, 1, 1]
  Origin: [96, 132, -78]
  Direction: 
-1 0 0
0 -1 0
0 0 1

  IndexToPointMatrix: 
-1 0 0
0 -1 0
0 0 1

  PointToIndexMatrix: 
-1 0 0
0 -1 0
0 0 1

  Inverse Direction: 
-1 0 0
0 -1 0
0 0 1

  PixelContainer: 
    ImportImageContainer (0x37d06b0)
      RTTI typeinfo:   itk::ImportImageContainer<unsigned long, double>
      Reference Count: 1
      Modified Time: 3551
      Debug: Off
      Object Name: 
      Observers: 
        none
      Pointer: 0x7f3cfe7ab010
      Container manages memory: true
      Size: 8530021
      Capacity: 8530021

     Moving image = Image (0x3701480)
  RTTI typeinfo:   itk::Image<double, 3u>
  Reference Count: 2
  Modified Time: 3946
  Debug: Off
  Object Name: 
  Observers: 
    none
  Source: (none)
  Source output name: (none)
  Release Data: Off
  Data Released: False
  Global Release Data: Off
  PipelineMTime: 0
  UpdateMTime: 3943
  RealTimeStamp: 0 seconds 
  LargestPossibleRegion: 
    Dimension: 3
    Index: [0, 0, 0]
    Size: [176, 240, 256]
  BufferedRegion: 
    Dimension: 3
    Index: [0, 0, 0]
    Size: [176, 240, 256]
  RequestedRegion: 
    Dimension: 3
    Index: [0, 0, 0]
    Size: [176, 240, 256]
  Spacing: [0.999999, 1, 1]
  Origin: [90.3778, 84.5091, -154.071]
  Direction: 
-0.999391 7.48184e-06 -0.0348969
-7.47664e-06 -1 -2.7953e-07
-0.0348969 -1.84481e-08 0.999391

  IndexToPointMatrix: 
-0.99939 7.48184e-06 -0.0348969
-7.47663e-06 -1 -2.7953e-07
-0.0348968 -1.84481e-08 0.999391

  PointToIndexMatrix: 
-0.999393 -7.47665e-06 -0.0348969
7.48184e-06 -1 -1.84481e-08
-0.0348969 -2.7953e-07 0.999391

  Inverse Direction: 
-0.999391 -7.47665e-06 -0.0348969
7.48184e-06 -1 -1.8448e-08
-0.0348969 -2.7953e-07 0.999391

  PixelContainer: 
    ImportImageContainer (0x3860750)
      RTTI typeinfo:   itk::ImportImageContainer<unsigned long, double>
      Reference Count: 1
      Modified Time: 3940
      Debug: Off
      Object Name: 
      Observers: 
        none
      Pointer: 0x7f3cf952a010
      Container manages memory: true
      Size: 10813440
      Capacity: 10813440

     Weighting = 1
     Sampling strategy = none
     Number of bins = 32
     Radius = 4
     Sampling percentage  = 1
   Transform = SyN
     Gradient step = 0.1
     Update field sigma (voxel space) = 3
     Total field sigma (voxel space) = 0
     Update field time sigma = 0
     Total field time sigma  = 0
     Number of time indices = 0
     Number of time point samples = 0
Registration using 3 total stages.

Stage 0
  iterations = 1000x500x250x100
  convergence threshold = 1e-06
  convergence window size = 10
  number of levels = 4
  using the Mattes MI metric (number of bins = 32, weight = 1, use gradient filter = 0)
  preprocessing:  winsorizing the image intensities
  Shrink factors (level 1 out of 4): [8, 8, 8]
  Shrink factors (level 2 out of 4): [4, 4, 4]
  Shrink factors (level 3 out of 4): [2, 2, 2]
  Shrink factors (level 4 out of 4): [1, 1, 1]
  smoothing sigmas per level: [3, 2, 1, 0]
  regular sampling (percentage = 0.25)

*** Running Euler3DTransform registration ***

DIAGNOSTIC,Iteration,metricValue,convergenceValue,ITERATION_TIME_INDEX,SINCE_LAST
*/mnt/lustre/mathdugre/fast-interpolate/datasets/ds004513/derivatives/flint/antsRegistration/r8-p22/sub-s025/Stage1_level1_Iter0001.nii.gz
2DIAGNOSTIC,     1, -5.332660646647e-01, 1.797693134862e+308, 0.0000e+00, 0.0000e+00, 
*/mnt/lustre/mathdugre/fast-interpolate/datasets/ds004513/derivatives/flint/antsRegistration/r8-p22/sub-s025/Stage1_level1_Iter0002.nii.gz
2DIAGNOSTIC,     2, -5.354921392718e-01, 1.797693134862e+308, 0.0000e+00, 0.0000e+00, 
*/mnt/lustre/mathdugre/fast-interpolate/datasets/ds004513/derivatives/flint/antsRegistration/r8-p22/sub-s025/Stage1_level1_Iter0003.nii.gz
2DIAGNOSTIC,     3, -5.385031420723e-01, 1.797693134862e+308, 0.0000e+00, 0.0000e+00, 
*/mnt/lustre/mathdugre/fast-interpolate/datasets/ds004513/derivatives/flint/antsRegistration/r8-p22/sub-s025/Stage1_level1_Iter0004.nii.gz
2DIAGNOSTIC,     4, -5.431586861177e-01, 1.797693134862e+308, 0.0000e+00, 0.0000e+00, 
*/mnt/lustre/mathdugre/fast-interpolate/datasets/ds004513/derivatives/flint/antsRegistration/r8-p22/sub-s025/Stage1_level1_Iter0005.nii.gz
2DIAGNOSTIC,     5, -5.492754713046e-01, 1.797693134862e+308, 0.0000e+00, 0.0000e+00, 
*/mnt/lustre/mathdugre/fast-interpolate/datasets/ds004513/derivatives/flint/antsRegistration/r8-p22/sub-s025/Stage1_level1_Iter0006.nii.gz
2DIAGNOSTIC,     6, -5.543632852220e-01, 1.797693134862e+308, 0.0000e+00, 0.0000e+00, 
*/mnt/lustre/mathdugre/fast-interpolate/datasets/ds004513/derivatives/flint/antsRegistration/r8-p22/sub-s025/Stage1_level1_Iter0007.nii.gz
2DIAGNOSTIC,     7, -5.628722698383e-01, 1.797693134862e+308, 0.0000e+00, 0.0000e+00, 
*/mnt/lustre/mathdugre/fast-interpolate/datasets/ds004513/derivatives/flint/antsRegistration/r8-p22/sub-s025/Stage1_level1_Iter0008.nii.gz
2DIAGNOSTIC,     8, -5.765150493541e-01, 1.797693134862e+308, 0.0000e+00, 0.0000e+00, 
*/mnt/lustre/mathdugre/fast-interpolate/datasets/ds004513/derivatives/flint/antsRegistration/r8-p22/sub-s025/Stage1_level1_Iter0009.nii.gz
2DIAGNOSTIC,     9, -5.870597833111e-01, 1.797693134862e+308, 0.0000e+00, 0.0000e+00, 
*/mnt/lustre/mathdugre/fast-interpolate/datasets/ds004513/derivatives/flint/antsRegistration/r8-p22/sub-s025/Stage1_level1_Iter0010.nii.gz
2DIAGNOSTIC,    10, -5.990836542339e-01, 7.521510124207e-03, 0.0000e+00, 0.0000e+00, 
*/mnt/lustre/mathdugre/fast-interpolate/datasets/ds004513/derivatives/flint/antsRegistration/r8-p22/sub-s025/Stage1_level1_Iter0011.nii.gz
2DIAGNOSTIC,    11, -6.086079413441e-01, 7.855847477913e-03, 0.0000e+00, 0.0000e+00, 
*/mnt/lustre/mathdugre/fast-interpolate/datasets/ds004513/derivatives/flint/antsRegistration/r8-p22/sub-s025/Stage1_level1_Iter0012.nii.gz
2DIAGNOSTIC,    12, -6.127212010439e-01, 7.687211036682e-03, 0.0000e+00, 0.0000e+00, 
*/mnt/lustre/mathdugre/fast-interpolate/datasets/ds004513/derivatives/flint/antsRegistration/r8-p22/sub-s025/Stage1_level1_Iter0013.nii.gz
2DIAGNOSTIC,    13, -6.137440078117e-01, 7.007300853729e-03, 0.0000e+00, 0.0000e+00, 
*/mnt/lustre/mathdugre/fast-interpolate/datasets/ds004513/derivatives/flint/antsRegistration/r8-p22/sub-s025/Stage1_level1_Iter0014.nii.gz
2DIAGNOSTIC,    14, -6.141927331780e-01, 5.976289510727e-03, 0.0000e+00, 0.0000e+00, 
*/mnt/lustre/mathdugre/fast-interpolate/datasets/ds004513/derivatives/flint/antsRegistration/r8-p22/sub-s025/Stage1_level1_Iter0015.nii.gz
2DIAGNOSTIC,    15, -6.161537362310e-01, 4.812464118004e-03, 0.0000e+00, 0.0000e+00, 
*/mnt/lustre/mathdugre/fast-interpolate/datasets/ds004513/derivatives/flint/antsRegistration/r8-p22/sub-s025/Stage1_level1_Iter0016.nii.gz
2DIAGNOSTIC,    16, -6.169481935348e-01, 3.539502620697e-03, 0.0000e+00, 0.0000e+00, 
*/mnt/lustre/mathdugre/fast-interpolate/datasets/ds004513/derivatives/flint/antsRegistration/r8-p22/sub-s025/Stage1_level1_Iter0017.nii.gz
2DIAGNOSTIC,    17, -6.186340000701e-01, 2.389162778854e-03, 0.0000e+00, 0.0000e+00, 
*/mnt/lustre/mathdugre/fast-interpolate/datasets/ds004513/derivatives/flint/antsRegistration/r8-p22/sub-s025/Stage1_level1_Iter0018.nii.gz
2DIAGNOSTIC,    18, -6.213530977433e-01, 1.595966517925e-03, 0.0000e+00, 0.0000e+00, 
*/mnt/lustre/mathdugre/fast-interpolate/datasets/ds004513/derivatives/flint/antsRegistration/r8-p22/sub-s025/Stage1_level1_Iter0019.nii.gz
2DIAGNOSTIC,    19, -6.227556396619e-01, 1.043550670147e-03, 0.0000e+00, 0.0000e+00, 
*/mnt/lustre/mathdugre/fast-interpolate/datasets/ds004513/derivatives/flint/antsRegistration/r8-p22/sub-s025/Stage1_level1_Iter0020.nii.gz
2DIAGNOSTIC,    20, -6.249306629139e-01, 7.911100983620e-04, 0.0000e+00, 0.0000e+00, 
*/mnt/lustre/mathdugre/fast-interpolate/datasets/ds004513/derivatives/flint/antsRegistration/r8-p22/sub-s025/Stage1_level1_Iter0021.nii.gz
2DIAGNOSTIC,    21, -6.285319870771e-01, 7.891729474068e-04, 0.0000e+00, 0.0000e+00, 
*/mnt/lustre/mathdugre/fast-interpolate/datasets/ds004513/derivatives/flint/antsRegistration/r8-p22/sub-s025/Stage1_level1_Iter0022.nii.gz
2DIAGNOSTIC,    22, -6.318153947630e-01, 8.735954761505e-04, 0.0000e+00, 0.0000e+00, 
*/mnt/lustre/mathdugre/fast-interpolate/datasets/ds004513/derivatives/flint/antsRegistration/r8-p22/sub-s025/Stage1_level1_Iter0023.nii.gz
2DIAGNOSTIC,    23, -6.325685520555e-01, 9.047985076904e-04, 0.0000e+00, 0.0000e+00, 
*/mnt/lustre/mathdugre/fast-interpolate/datasets/ds004513/derivatives/flint/antsRegistration/r8-p22/sub-s025/Stage1_level1_Iter0024.nii.gz
2DIAGNOSTIC,    24, -6.339477523607e-01, 8.854120969772e-04, 0.0000e+00, 0.0000e+00, 
*/mnt/lustre/mathdugre/fast-interpolate/datasets/ds004513/derivatives/flint/antsRegistration/r8-p22/sub-s025/Stage1_level1_Iter0025.nii.gz
2DIAGNOSTIC,    25, -6.340499672524e-01, 8.243694901466e-04, 0.0000e+00, 0.0000e+00, 
*/mnt/lustre/mathdugre/fast-interpolate/datasets/ds004513/derivatives/flint/antsRegistration/r8-p22/sub-s025/Stage1_level1_Iter0026.nii.gz
2DIAGNOSTIC,    26, -6.386154183873e-01, 7.879659533501e-04, 0.0000e+00, 0.0000e+00, 
*/mnt/lustre/mathdugre/fast-interpolate/datasets/ds004513/derivatives/flint/antsRegistration/r8-p22/sub-s025/Stage1_level1_Iter0027.nii.gz
2DIAGNOSTIC,    27, -6.485719324645e-01, 8.808225393295e-04, 0.0000e+00, 0.0000e+00, 
*/mnt/lustre/mathdugre/fast-interpolate/datasets/ds004513/derivatives/flint/antsRegistration/r8-p22/sub-s025/Stage1_level1_Iter0028.nii.gz
2DIAGNOSTIC,    28, -6.562664360218e-01, 1.055382192135e-03, 0.0000e+00, 0.0000e+00, 
*/mnt/lustre/mathdugre/fast-interpolate/datasets/ds004513/derivatives/flint/antsRegistration/r8-p22/sub-s025/Stage1_level1_Iter0029.nii.gz
2DIAGNOSTIC,    29, -6.696289421706e-01, 1.355938613415e-03, 0.0000e+00, 0.0000e+00, 
*/mnt/lustre/mathdugre/fast-interpolate/datasets/ds004513/derivatives/flint/antsRegistration/r8-p22/sub-s025/Stage1_level1_Iter0030.nii.gz
2DIAGNOSTIC,    30, -6.864048328115e-01, 1.797936856747e-03, 0.0000e+00, 0.0000e+00, 
*/mnt/lustre/mathdugre/fast-interpolate/datasets/ds004513/derivatives/flint/antsRegistration/r8-p22/sub-s025/Stage1_level1_Iter0031.nii.gz
2DIAGNOSTIC,    31, -7.273840694663e-01, 2.697512507439e-03, 0.0000e+00, 0.0000e+00, 
*/mnt/lustre/mathdugre/fast-interpolate/datasets/ds004513/derivatives/flint/antsRegistration/r8-p22/sub-s025/Stage1_level1_Iter0032.nii.gz
2DIAGNOSTIC,    32, -7.389255695730e-01, 3.474764525890e-03, 0.0000e+00, 0.0000e+00, 
*/mnt/lustre/mathdugre/fast-interpolate/datasets/ds004513/derivatives/flint/antsRegistration/r8-p22/sub-s025/Stage1_level1_Iter0033.nii.gz
2DIAGNOSTIC,    33, -7.417434048097e-01, 3.920994699001e-03, 0.0000e+00, 0.0000e+00, 
*/mnt/lustre/mathdugre/fast-interpolate/datasets/ds004513/derivatives/flint/antsRegistration/r8-p22/sub-s025/Stage1_level1_Iter0034.nii.gz
2DIAGNOSTIC,    34, -7.428594236209e-01, 4.007652401924e-03, 0.0000e+00, 0.0000e+00, 
*/mnt/lustre/mathdugre/fast-interpolate/datasets/ds004513/derivatives/flint/antsRegistration/r8-p22/sub-s025/Stage1_level1_Iter0035.nii.gz
2DIAGNOSTIC,    35, -7.447091939256e-01, 3.732450306416e-03, 0.0000e+00, 0.0000e+00, 
*/mnt/lustre/mathdugre/fast-interpolate/datasets/ds004513/derivatives/flint/antsRegistration/r8-p22/sub-s025/Stage1_level1_Iter0036.nii.gz
2DIAGNOSTIC,    36, -7.457461871809e-01, 3.182888031006e-03, 0.0000e+00, 0.0000e+00, 
*/mnt/lustre/mathdugre/fast-interpolate/datasets/ds004513/derivatives/flint/antsRegistration/r8-p22/sub-s025/Stage1_level1_Iter0037.nii.gz
2DIAGNOSTIC,    37, -7.465169836103e-01, 2.495668828487e-03, 0.0000e+00, 0.0000e+00, 
*/mnt/lustre/mathdugre/fast-interpolate/datasets/ds004513/derivatives/flint/antsRegistration/r8-p22/sub-s025/Stage1_level1_Iter0038.nii.gz
2DIAGNOSTIC,    38, -7.471987604127e-01, 1.717858016491e-03, 0.0000e+00, 0.0000e+00, 
*/mnt/lustre/mathdugre/fast-interpolate/datasets/ds004513/derivatives/flint/antsRegistration/r8-p22/sub-s025/Stage1_level1_Iter0039.nii.gz
2DIAGNOSTIC,    39, -7.477127726563e-01, 9.842328727245e-04, 0.0000e+00, 0.0000e+00, 
*/mnt/lustre/mathdugre/fast-interpolate/datasets/ds004513/derivatives/flint/antsRegistration/r8-p22/sub-s025/Stage1_level1_Iter0040.nii.gz
2DIAGNOSTIC,    40, -7.486339058910e-01, 3.848336637020e-04, 0.0000e+00, 0.0000e+00, 
*/mnt/lustre/mathdugre/fast-interpolate/datasets/ds004513/derivatives/flint/antsRegistration/r8-p22/sub-s025/Stage1_level1_Iter0041.nii.gz
2DIAGNOSTIC,    41, -7.502231122028e-01, 2.379789948463e-04, 0.0000e+00, 0.0000e+00, 
*/mnt/lustre/mathdugre/fast-interpolate/datasets/ds004513/derivatives/flint/antsRegistration/r8-p22/sub-s025/Stage1_level1_Iter0042.nii.gz
2DIAGNOSTIC,    42, -7.528055848923e-01, 2.236999571323e-04, 0.0000e+00, 0.0000e+00, 
*/mnt/lustre/mathdugre/fast-interpolate/datasets/ds004513/derivatives/flint/antsRegistration/r8-p22/sub-s025/Stage1_level1_Iter0043.nii.gz
2DIAGNOSTIC,    43, -7.528752484424e-01, 2.179071307182e-04, 0.0000e+00, 0.0000e+00, 
*/mnt/lustre/mathdugre/fast-interpolate/datasets/ds004513/derivatives/flint/antsRegistration/r8-p22/sub-s025/Stage1_level1_Iter0044.nii.gz
2DIAGNOSTIC,    44, -7.541015258635e-01, 2.150945365429e-04, 0.0000e+00, 0.0000e+00, 
*/mnt/lustre/mathdugre/fast-interpolate/datasets/ds004513/derivatives/flint/antsRegistration/r8-p22/sub-s025/Stage1_level1_Iter0045.nii.gz
2DIAGNOSTIC,    45, -7.544089763796e-01, 2.126209437847e-04, 0.0000e+00, 0.0000e+00, 
*/mnt/lustre/mathdugre/fast-interpolate/datasets/ds004513/derivatives/flint/antsRegistration/r8-p22/sub-s025/Stage1_level1_Iter0046.nii.gz
2DIAGNOSTIC,    46, -7.551635062161e-01, 2.065785229206e-04, 0.0000e+00, 0.0000e+00, 
*/mnt/lustre/mathdugre/fast-interpolate/datasets/ds004513/derivatives/flint/antsRegistration/r8-p22/sub-s025/Stage1_level1_Iter0047.nii.gz
2DIAGNOSTIC,    47, -7.599322651709e-01, 2.316609025002e-04, 0.0000e+00, 0.0000e+00, 
*/mnt/lustre/mathdugre/fast-interpolate/datasets/ds004513/derivatives/flint/antsRegistration/r8-p22/sub-s025/Stage1_level1_Iter0048.nii.gz
2DIAGNOSTIC,    48, -7.604864693024e-01, 2.435445785522e-04, 0.0000e+00, 0.0000e+00, 
*/mnt/lustre/mathdugre/fast-interpolate/datasets/ds004513/derivatives/flint/antsRegistration/r8-p22/sub-s025/Stage1_level1_Iter0049.nii.gz
2DIAGNOSTIC,    49, -7.613547832101e-01, 2.443715929985e-04, 0.0000e+00, 0.0000e+00, 
*/mnt/lustre/mathdugre/fast-interpolate/datasets/ds004513/derivatives/flint/antsRegistration/r8-p22/sub-s025/Stage1_level1_Iter0050.nii.gz
2DIAGNOSTIC,    50, -7.612663056527e-01, 2.292878925800e-04, 0.0000e+00, 0.0000e+00, 
*/mnt/lustre/mathdugre/fast-interpolate/datasets/ds004513/derivatives/flint/antsRegistration/r8-p22/sub-s025/Stage1_level1_Iter0051.nii.gz
2DIAGNOSTIC,    51, -7.611415031169e-01, 2.047494053841e-04, 0.0000e+00, 0.0000e+00, 
*/mnt/lustre/mathdugre/fast-interpolate/datasets/ds004513/derivatives/flint/antsRegistration/r8-p22/sub-s025/Stage1_level1_Iter0052.nii.gz
2DIAGNOSTIC,    52, -7.611369539893e-01, 1.824609935284e-04, 0.0000e+00, 0.0000e+00, 
*/mnt/lustre/mathdugre/fast-interpolate/datasets/ds004513/derivatives/flint/antsRegistration/r8-p22/sub-s025/Stage1_level1_Iter0053.nii.gz
2DIAGNOSTIC,    53, -7.610636640752e-01, 1.432746648788e-04, 0.0000e+00, 0.0000e+00, 
*/mnt/lustre/mathdugre/fast-interpolate/datasets/ds004513/derivatives/flint/antsRegistration/r8-p22/sub-s025/Stage1_level1_Iter0054.nii.gz
2DIAGNOSTIC,    54, -7.609857951964e-01, 1.015588641167e-04, 0.0000e+00, 0.0000e+00, 
*/mnt/lustre/mathdugre/fast-interpolate/datasets/ds004513/derivatives/flint/antsRegistration/r8-p22/sub-s025/Stage1_level1_Iter0055.nii.gz
2DIAGNOSTIC,    55, -7.611563091957e-01, 5.591660737991e-05, 0.0000e+00, 0.0000e+00, 
*/mnt/lustre/mathdugre/fast-interpolate/datasets/ds004513/derivatives/flint/antsRegistration/r8-p22/sub-s025/Stage1_level1_Iter0056.nii.gz
2DIAGNOSTIC,    56, -7.612115413897e-01, 1.201033592224e-05, 0.0000e+00, 0.0000e+00, 
*/mnt/lustre/mathdugre/fast-interpolate/datasets/ds004513/derivatives/flint/antsRegistration/r8-p22/sub-s025/Stage1_level1_Iter0057.nii.gz
2DIAGNOSTIC,    57, -7.612530343709e-01, 4.172325134277e-06, 0.0000e+00, 0.0000e+00, 
DIAGNOSTIC,Iteration,metricValue,convergenceValue,ITERATION_TIME_INDEX,SINCE_LAST
*/mnt/lustre/mathdugre/fast-interpolate/datasets/ds004513/derivatives/flint/antsRegistration/r8-p22/sub-s025/Stage1_level2_Iter0001.nii.gz
2DIAGNOSTIC,     1, -6.052799400579e-01, 1.797693134862e+308, 0.0000e+00, 0.0000e+00, 
*/mnt/lustre/mathdugre/fast-interpolate/datasets/ds004513/derivatives/flint/antsRegistration/r8-p22/sub-s025/Stage1_level2_Iter0002.nii.gz
2DIAGNOSTIC,     2, -6.061074891917e-01, 1.797693134862e+308, 0.0000e+00, 0.0000e+00, 
*/mnt/lustre/mathdugre/fast-interpolate/datasets/ds004513/derivatives/flint/antsRegistration/r8-p22/sub-s025/Stage1_level2_Iter0003.nii.gz
2DIAGNOSTIC,     3, -6.070065226870e-01, 1.797693134862e+308, 0.0000e+00, 0.0000e+00, 
*/mnt/lustre/mathdugre/fast-interpolate/datasets/ds004513/derivatives/flint/antsRegistration/r8-p22/sub-s025/Stage1_level2_Iter0004.nii.gz
2DIAGNOSTIC,     4, -6.080349944390e-01, 1.797693134862e+308, 0.0000e+00, 0.0000e+00, 
*/mnt/lustre/mathdugre/fast-interpolate/datasets/ds004513/derivatives/flint/antsRegistration/r8-p22/sub-s025/Stage1_level2_Iter0005.nii.gz
2DIAGNOSTIC,     5, -6.092392510039e-01, 1.797693134862e+308, 0.0000e+00, 0.0000e+00, 
*/mnt/lustre/mathdugre/fast-interpolate/datasets/ds004513/derivatives/flint/antsRegistration/r8-p22/sub-s025/Stage1_level2_Iter0006.nii.gz
2DIAGNOSTIC,     6, -6.102277481589e-01, 1.797693134862e+308, 0.0000e+00, 0.0000e+00, 
*/mnt/lustre/mathdugre/fast-interpolate/datasets/ds004513/derivatives/flint/antsRegistration/r8-p22/sub-s025/Stage1_level2_Iter0007.nii.gz
2DIAGNOSTIC,     7, -6.130403346367e-01, 1.797693134862e+308, 0.0000e+00, 0.0000e+00, 
*/mnt/lustre/mathdugre/fast-interpolate/datasets/ds004513/derivatives/flint/antsRegistration/r8-p22/sub-s025/Stage1_level2_Iter0008.nii.gz
2DIAGNOSTIC,     8, -6.171215840606e-01, 1.797693134862e+308, 0.0000e+00, 0.0000e+00, 
*/mnt/lustre/mathdugre/fast-interpolate/datasets/ds004513/derivatives/flint/antsRegistration/r8-p22/sub-s025/Stage1_level2_Iter0009.nii.gz
2DIAGNOSTIC,     9, -6.178343556794e-01, 1.797693134862e+308, 0.0000e+00, 0.0000e+00, 
*/mnt/lustre/mathdugre/fast-interpolate/datasets/ds004513/derivatives/flint/antsRegistration/r8-p22/sub-s025/Stage1_level2_Iter0010.nii.gz
2DIAGNOSTIC,    10, -6.187192410166e-01, 1.550838351250e-03, 0.0000e+00, 0.0000e+00, 
*/mnt/lustre/mathdugre/fast-interpolate/datasets/ds004513/derivatives/flint/antsRegistration/r8-p22/sub-s025/Stage1_level2_Iter0011.nii.gz
2DIAGNOSTIC,    11, -6.201419178839e-01, 1.492619514465e-03, 0.0000e+00, 0.0000e+00, 
*/mnt/lustre/mathdugre/fast-interpolate/datasets/ds004513/derivatives/flint/antsRegistration/r8-p22/sub-s025/Stage1_level2_Iter0012.nii.gz
2DIAGNOSTIC,    12, -6.205141726336e-01, 1.354128122330e-03, 0.0000e+00, 0.0000e+00, 
*/mnt/lustre/mathdugre/fast-interpolate/datasets/ds004513/derivatives/flint/antsRegistration/r8-p22/sub-s025/Stage1_level2_Iter0013.nii.gz
2DIAGNOSTIC,    13, -6.208472134571e-01, 1.156941056252e-03, 0.0000e+00, 0.0000e+00, 
*/mnt/lustre/mathdugre/fast-interpolate/datasets/ds004513/derivatives/flint/antsRegistration/r8-p22/sub-s025/Stage1_level2_Iter0014.nii.gz
2DIAGNOSTIC,    14, -6.209185962597e-01, 9.202361106873e-04, 0.0000e+00, 0.0000e+00, 
*/mnt/lustre/mathdugre/fast-interpolate/datasets/ds004513/derivatives/flint/antsRegistration/r8-p22/sub-s025/Stage1_level2_Iter0015.nii.gz
2DIAGNOSTIC,    15, -6.209231460802e-01, 6.707161664963e-04, 0.0000e+00, 0.0000e+00, 
*/mnt/lustre/mathdugre/fast-interpolate/datasets/ds004513/derivatives/flint/antsRegistration/r8-p22/sub-s025/Stage1_level2_Iter0016.nii.gz
2DIAGNOSTIC,    16, -6.209103732724e-01, 4.183948040009e-04, 0.0000e+00, 0.0000e+00, 
*/mnt/lustre/mathdugre/fast-interpolate/datasets/ds004513/derivatives/flint/antsRegistration/r8-p22/sub-s025/Stage1_level2_Iter0017.nii.gz
2DIAGNOSTIC,    17, -6.209163372863e-01, 2.314597368240e-04, 0.0000e+00, 0.0000e+00, 
*/mnt/lustre/mathdugre/fast-interpolate/datasets/ds004513/derivatives/flint/antsRegistration/r8-p22/sub-s025/Stage1_level2_Iter0018.nii.gz
2DIAGNOSTIC,    18, -6.208978751663e-01, 1.486688852310e-04, 0.0000e+00, 0.0000e+00, 
*/mnt/lustre/mathdugre/fast-interpolate/datasets/ds004513/derivatives/flint/antsRegistration/r8-p22/sub-s025/Stage1_level2_Iter0019.nii.gz
2DIAGNOSTIC,    19, -6.209046406636e-01, 7.843971252441e-05, 0.0000e+00, 0.0000e+00, 
*/mnt/lustre/mathdugre/fast-interpolate/datasets/ds004513/derivatives/flint/antsRegistration/r8-p22/sub-s025/Stage1_level2_Iter0020.nii.gz
2DIAGNOSTIC,    20, -6.208978350355e-01, 2.764910459518e-05, 0.0000e+00, 0.0000e+00, 
*/mnt/lustre/mathdugre/fast-interpolate/datasets/ds004513/derivatives/flint/antsRegistration/r8-p22/sub-s025/Stage1_level2_Iter0021.nii.gz
2DIAGNOSTIC,    21, -6.208828621624e-01, 1.014769077301e-05, 0.0000e+00, 0.0000e+00, 
*/mnt/lustre/mathdugre/fast-interpolate/datasets/ds004513/derivatives/flint/antsRegistration/r8-p22/sub-s025/Stage1_level2_Iter0022.nii.gz
2DIAGNOSTIC,    22, -6.208839378759e-01, 1.080334186554e-06, 0.0000e+00, 0.0000e+00, 
DIAGNOSTIC,Iteration,metricValue,convergenceValue,ITERATION_TIME_INDEX,SINCE_LAST
*/mnt/lustre/mathdugre/fast-interpolate/datasets/ds004513/derivatives/flint/antsRegistration/r8-p22/sub-s025/Stage1_level3_Iter0001.nii.gz
2DIAGNOSTIC,     1, -5.345847734191e-01, 1.797693134862e+308, 0.0000e+00, 0.0000e+00, 
*/mnt/lustre/mathdugre/fast-interpolate/datasets/ds004513/derivatives/flint/antsRegistration/r8-p22/sub-s025/Stage1_level3_Iter0002.nii.gz
2DIAGNOSTIC,     2, -5.347447812716e-01, 1.797693134862e+308, 0.0000e+00, 0.0000e+00, 
*/mnt/lustre/mathdugre/fast-interpolate/datasets/ds004513/derivatives/flint/antsRegistration/r8-p22/sub-s025/Stage1_level3_Iter0003.nii.gz
2DIAGNOSTIC,     3, -5.348490646765e-01, 1.797693134862e+308, 0.0000e+00, 0.0000e+00, 
*/mnt/lustre/mathdugre/fast-interpolate/datasets/ds004513/derivatives/flint/antsRegistration/r8-p22/sub-s025/Stage1_level3_Iter0004.nii.gz
2DIAGNOSTIC,     4, -5.349165638824e-01, 1.797693134862e+308, 2.5600e+02, 2.5600e+02, 
*/mnt/lustre/mathdugre/fast-interpolate/datasets/ds004513/derivatives/flint/antsRegistration/r8-p22/sub-s025/Stage1_level3_Iter0005.nii.gz
2DIAGNOSTIC,     5, -5.349942730351e-01, 1.797693134862e+308, 2.5600e+02, 0.0000e+00, 
*/mnt/lustre/mathdugre/fast-interpolate/datasets/ds004513/derivatives/flint/antsRegistration/r8-p22/sub-s025/Stage1_level3_Iter0006.nii.gz
2DIAGNOSTIC,     6, -5.352310271416e-01, 1.797693134862e+308, 2.5600e+02, 0.0000e+00, 
*/mnt/lustre/mathdugre/fast-interpolate/datasets/ds004513/derivatives/flint/antsRegistration/r8-p22/sub-s025/Stage1_level3_Iter0007.nii.gz
2DIAGNOSTIC,     7, -5.357635987777e-01, 1.797693134862e+308, 2.5600e+02, 0.0000e+00, 
*/mnt/lustre/mathdugre/fast-interpolate/datasets/ds004513/derivatives/flint/antsRegistration/r8-p22/sub-s025/Stage1_level3_Iter0008.nii.gz
2DIAGNOSTIC,     8, -5.358586091761e-01, 1.797693134862e+308, 2.5600e+02, 0.0000e+00, 
*/mnt/lustre/mathdugre/fast-interpolate/datasets/ds004513/derivatives/flint/antsRegistration/r8-p22/sub-s025/Stage1_level3_Iter0009.nii.gz
2DIAGNOSTIC,     9, -5.360715765236e-01, 1.797693134862e+308, 2.5600e+02, 0.0000e+00, 
*/mnt/lustre/mathdugre/fast-interpolate/datasets/ds004513/derivatives/flint/antsRegistration/r8-p22/sub-s025/Stage1_level3_Iter0010.nii.gz
2DIAGNOSTIC,    10, -5.360692382073e-01, 2.042502164841e-04, 2.5600e+02, 0.0000e+00, 
*/mnt/lustre/mathdugre/fast-interpolate/datasets/ds004513/derivatives/flint/antsRegistration/r8-p22/sub-s025/Stage1_level3_Iter0011.nii.gz
2DIAGNOSTIC,    11, -5.360710492988e-01, 1.811981201172e-04, 2.5600e+02, 0.0000e+00, 
*/mnt/lustre/mathdugre/fast-interpolate/datasets/ds004513/derivatives/flint/antsRegistration/r8-p22/sub-s025/Stage1_level3_Iter0012.nii.gz
2DIAGNOSTIC,    12, -5.360719568676e-01, 1.527965068817e-04, 2.5600e+02, 0.0000e+00, 
*/mnt/lustre/mathdugre/fast-interpolate/datasets/ds004513/derivatives/flint/antsRegistration/r8-p22/sub-s025/Stage1_level3_Iter0013.nii.gz
2DIAGNOSTIC,    13, -5.360692436791e-01, 1.192837953568e-04, 2.5600e+02, 0.0000e+00, 
*/mnt/lustre/mathdugre/fast-interpolate/datasets/ds004513/derivatives/flint/antsRegistration/r8-p22/sub-s025/Stage1_level3_Iter0014.nii.gz
2DIAGNOSTIC,    14, -5.360679191954e-01, 8.267164230347e-05, 2.5600e+02, 0.0000e+00, 
*/mnt/lustre/mathdugre/fast-interpolate/datasets/ds004513/derivatives/flint/antsRegistration/r8-p22/sub-s025/Stage1_level3_Iter0015.nii.gz
2DIAGNOSTIC,    15, -5.360665572890e-01, 4.635751247406e-05, 2.5600e+02, 0.0000e+00, 
*/mnt/lustre/mathdugre/fast-interpolate/datasets/ds004513/derivatives/flint/antsRegistration/r8-p22/sub-s025/Stage1_level3_Iter0016.nii.gz
2DIAGNOSTIC,    16, -5.360648355081e-01, 1.794099807739e-05, 2.5600e+02, 0.0000e+00, 
*/mnt/lustre/mathdugre/fast-interpolate/datasets/ds004513/derivatives/flint/antsRegistration/r8-p22/sub-s025/Stage1_level3_Iter0017.nii.gz
2DIAGNOSTIC,    17, -5.360648333987e-01, 8.016824722290e-06, 2.5600e+02, 0.0000e+00, 
*/mnt/lustre/mathdugre/fast-interpolate/datasets/ds004513/derivatives/flint/antsRegistration/r8-p22/sub-s025/Stage1_level3_Iter0018.nii.gz
2DIAGNOSTIC,    18, -5.360641684701e-01, 1.251697540283e-06, 2.5600e+02, 0.0000e+00, 
*/mnt/lustre/mathdugre/fast-interpolate/datasets/ds004513/derivatives/flint/antsRegistration/r8-p22/sub-s025/Stage1_level3_Iter0019.nii.gz
2DIAGNOSTIC,    19, -5.360634295355e-01, 1.147389411926e-06, 2.5600e+02, 0.0000e+00, 
*/mnt/lustre/mathdugre/fast-interpolate/datasets/ds004513/derivatives/flint/antsRegistration/r8-p22/sub-s025/Stage1_level3_Iter0020.nii.gz
2DIAGNOSTIC,    20, -5.360628610184e-01, 1.035630702972e-06, 2.5600e+02, 0.0000e+00, 
*/mnt/lustre/mathdugre/fast-interpolate/datasets/ds004513/derivatives/flint/antsRegistration/r8-p22/sub-s025/Stage1_level3_Iter0021.nii.gz
2DIAGNOSTIC,    21, -5.360644510680e-01, 1.087784767151e-06, 2.5600e+02, 0.0000e+00, 
*/mnt/lustre/mathdugre/fast-interpolate/datasets/ds004513/derivatives/flint/antsRegistration/r8-p22/sub-s025/Stage1_level3_Iter0022.nii.gz
2DIAGNOSTIC,    22, -5.360638412359e-01, 1.154839992523e-06, 2.5600e+02, 0.0000e+00, 
*/mnt/lustre/mathdugre/fast-interpolate/datasets/ds004513/derivatives/flint/antsRegistration/r8-p22/sub-s025/Stage1_level3_Iter0023.nii.gz
2DIAGNOSTIC,    23, -5.360635759701e-01, 1.214444637299e-06, 2.5600e+02, 0.0000e+00, 
*/mnt/lustre/mathdugre/fast-interpolate/datasets/ds004513/derivatives/flint/antsRegistration/r8-p22/sub-s025/Stage1_level3_Iter0024.nii.gz
2DIAGNOSTIC,    24, -5.360649394398e-01, 1.259148120880e-06, 2.5600e+02, 0.0000e+00, 
*/mnt/lustre/mathdugre/fast-interpolate/datasets/ds004513/derivatives/flint/antsRegistration/r8-p22/sub-s025/Stage1_level3_Iter0025.nii.gz
2DIAGNOSTIC,    25, -5.360655614645e-01, 1.288950443268e-06, 2.5600e+02, 0.0000e+00, 
*/mnt/lustre/mathdugre/fast-interpolate/datasets/ds004513/derivatives/flint/antsRegistration/r8-p22/sub-s025/Stage1_level3_Iter0026.nii.gz
2DIAGNOSTIC,    26, -5.360650699713e-01, 1.288950443268e-06, 2.5600e+02, 0.0000e+00, 
*/mnt/lustre/mathdugre/fast-interpolate/datasets/ds004513/derivatives/flint/antsRegistration/r8-p22/sub-s025/Stage1_level3_Iter0027.nii.gz
2DIAGNOSTIC,    27, -5.360635996246e-01, 1.236796379089e-06, 2.5600e+02, 0.0000e+00, 
*/mnt/lustre/mathdugre/fast-interpolate/datasets/ds004513/derivatives/flint/antsRegistration/r8-p22/sub-s025/Stage1_level3_Iter0028.nii.gz
2DIAGNOSTIC,    28, -5.360622769242e-01, 1.139938831329e-06, 2.5600e+02, 0.0000e+00, 
*/mnt/lustre/mathdugre/fast-interpolate/datasets/ds004513/derivatives/flint/antsRegistration/r8-p22/sub-s025/Stage1_level3_Iter0029.nii.gz
2DIAGNOSTIC,    29, -5.360602885181e-01, 1.043081283569e-06, 2.5600e+02, 0.0000e+00, 
DIAGNOSTIC,Iteration,metricValue,convergenceValue,ITERATION_TIME_INDEX,SINCE_LAST
*/mnt/lustre/mathdugre/fast-interpolate/datasets/ds004513/derivatives/flint/antsRegistration/r8-p22/sub-s025/Stage1_level4_Iter0001.nii.gz
2DIAGNOSTIC,     1, -4.896258412302e-01, 1.797693134862e+308, 2.5600e+02, 0.0000e+00, 
*/mnt/lustre/mathdugre/fast-interpolate/datasets/ds004513/derivatives/flint/antsRegistration/r8-p22/sub-s025/Stage1_level4_Iter0002.nii.gz
2DIAGNOSTIC,     2, -4.896254197631e-01, 1.797693134862e+308, 2.5600e+02, 0.0000e+00, 
*/mnt/lustre/mathdugre/fast-interpolate/datasets/ds004513/derivatives/flint/antsRegistration/r8-p22/sub-s025/Stage1_level4_Iter0003.nii.gz
2DIAGNOSTIC,     3, -4.896211118068e-01, 1.797693134862e+308, 2.5600e+02, 0.0000e+00, 
*/mnt/lustre/mathdugre/fast-interpolate/datasets/ds004513/derivatives/flint/antsRegistration/r8-p22/sub-s025/Stage1_level4_Iter0004.nii.gz
2DIAGNOSTIC,     4, -4.896194961954e-01, 1.797693134862e+308, 2.5600e+02, 0.0000e+00, 
*/mnt/lustre/mathdugre/fast-interpolate/datasets/ds004513/derivatives/flint/antsRegistration/r8-p22/sub-s025/Stage1_level4_Iter0005.nii.gz
2DIAGNOSTIC,     5, -4.896193053884e-01, 1.797693134862e+308, 5.1200e+02, 2.5600e+02, 
*/mnt/lustre/mathdugre/fast-interpolate/datasets/ds004513/derivatives/flint/antsRegistration/r8-p22/sub-s025/Stage1_level4_Iter0006.nii.gz
2DIAGNOSTIC,     6, -4.896188050059e-01, 1.797693134862e+308, 5.1200e+02, 0.0000e+00, 
*/mnt/lustre/mathdugre/fast-interpolate/datasets/ds004513/derivatives/flint/antsRegistration/r8-p22/sub-s025/Stage1_level4_Iter0007.nii.gz
2DIAGNOSTIC,     7, -4.896186180694e-01, 1.797693134862e+308, 5.1200e+02, 0.0000e+00, 
*/mnt/lustre/mathdugre/fast-interpolate/datasets/ds004513/derivatives/flint/antsRegistration/r8-p22/sub-s025/Stage1_level4_Iter0008.nii.gz
2DIAGNOSTIC,     8, -4.896188296257e-01, 1.797693134862e+308, 5.1200e+02, 0.0000e+00, 
*/mnt/lustre/mathdugre/fast-interpolate/datasets/ds004513/derivatives/flint/antsRegistration/r8-p22/sub-s025/Stage1_level4_Iter0009.nii.gz
2DIAGNOSTIC,     9, -4.896186835261e-01, 1.797693134862e+308, 5.1200e+02, 0.0000e+00, 
*/mnt/lustre/mathdugre/fast-interpolate/datasets/ds004513/derivatives/flint/antsRegistration/r8-p22/sub-s025/Stage1_level4_Iter0010.nii.gz
