
##########################
# Experiment information #
##########################

EXPERIMENT_NAME: r8-p22
VFC_BACKENDS: libinterflop_vprec.so --range-binary32=8 --precision-binary32=22 --range-binary64=8 --precision-binary64=22

SIF_IMG: /mnt/lustre/mathdugre/containers/ants-vprec-no_metric.simg

SUBJECT_ID: s020
INPUT_IMG: /mnt/lustre/mathdugre/fast-interpolate/datasets/ds004513/derivatives/flint/antsBrainExtraction/sub-s020/BrainExtractionBrain.nii.gz
OUTPUT_DIR: /mnt/lustre/mathdugre/fast-interpolate/datasets/ds004513/derivatives/flint/antsRegistration/r8-p22/sub-s020

FIXED_IMG: /templateflow/tpl-MNI152NLin2009cAsym/tpl-MNI152NLin2009cAsym_res-01_desc-brain_T1w.nii.gz
DATA_DIR: /mnt/lustre/mathdugre/fast-interpolate/datasets/ds004513
TEMPLATEFLOW_DIR: /home/mathdugre/.cache/templateflow
ITK_GLOBAL_DEFAULT_NUMBER_OF_THREADS: 4
##########################

Info [verificarlo]: loaded backend libinterflop_vprec.so
Info [interflop-vprec]: load backend with: 
Info [interflop-vprec]: precision-binary32 = 22
Info [interflop-vprec]: range-binary32 = 8
Info [interflop-vprec]: precision-binary64 = 22
Info [interflop-vprec]: range-binary64 = 8
Info [interflop-vprec]: mode = ob
Info [interflop-vprec]: error-mode = rel
Info [interflop-vprec]: max-abs-error-exponent = -1022
Info [interflop-vprec]: daz = false
Info [interflop-vprec]: ftz = false
Info [interflop-vprec]: 	instrument = none
Info [interflop-vprec]: 	prec-input-file = (null)
Info [interflop-vprec]: 	prec-output-file = (null)
Info [interflop-vprec]: 	prec-log-file = (null)
All_Command_lines_OK
Using double precision for computations.
=============================================================================
The composite transform comprises the following transforms (in order): 
  1. Center of mass alignment using fixed image: /templateflow/tpl-MNI152NLin2009cAsym/tpl-MNI152NLin2009cAsym_res-01_desc-brain_T1w.nii.gz and moving image: /mnt/lustre/mathdugre/fast-interpolate/datasets/ds004513/derivatives/flint/antsBrainExtraction/sub-s020/BrainExtractionBrain.nii.gz (type = Euler3DTransform)
=============================================================================
  number of levels = 4
  number of levels = 4
  number of levels = 4
  fixed image: /templateflow/tpl-MNI152NLin2009cAsym/tpl-MNI152NLin2009cAsym_res-01_desc-brain_T1w.nii.gz
  moving image: /mnt/lustre/mathdugre/fast-interpolate/datasets/ds004513/derivatives/flint/antsBrainExtraction/sub-s020/BrainExtractionBrain.nii.gz
  fixed image: /templateflow/tpl-MNI152NLin2009cAsym/tpl-MNI152NLin2009cAsym_res-01_desc-brain_T1w.nii.gz
  moving image: /mnt/lustre/mathdugre/fast-interpolate/datasets/ds004513/derivatives/flint/antsBrainExtraction/sub-s020/BrainExtractionBrain.nii.gz
  fixed image: /templateflow/tpl-MNI152NLin2009cAsym/tpl-MNI152NLin2009cAsym_res-01_desc-brain_T1w.nii.gz
  moving image: /mnt/lustre/mathdugre/fast-interpolate/datasets/ds004513/derivatives/flint/antsBrainExtraction/sub-s020/BrainExtractionBrain.nii.gz
Dimension = 3
Number of stages = 3
Use histogram matching = false
Winsorize image intensities = true
  Lower quantile = 0.005
  Upper quantile = 0.995


Stage 1 State
   Image metric = MattesMI
     Fixed image = Image (0x4829b30)
  RTTI typeinfo:   itk::Image<double, 3u>
  Reference Count: 2
  Modified Time: 2389
  Debug: Off
  Object Name: 
  Observers: 
    none
  Source: (none)
  Source output name: (none)
  Release Data: Off
  Data Released: False
  Global Release Data: Off
  PipelineMTime: 0
  UpdateMTime: 1998
  RealTimeStamp: 0 seconds 
  LargestPossibleRegion: 
    Dimension: 3
    Index: [0, 0, 0]
    Size: [193, 229, 193]
  BufferedRegion: 
    Dimension: 3
    Index: [0, 0, 0]
    Size: [193, 229, 193]
  RequestedRegion: 
    Dimension: 3
    Index: [0, 0, 0]
    Size: [193, 229, 193]
  Spacing: [1, 1, 1]
  Origin: [96, 132, -78]
  Direction: 
-1 0 0
0 -1 0
0 0 1

  IndexToPointMatrix: 
-1 0 0
0 -1 0
0 0 1

  PointToIndexMatrix: 
-1 0 0
0 -1 0
0 0 1

  Inverse Direction: 
-1 0 0
0 -1 0
0 0 1

  PixelContainer: 
    ImportImageContainer (0x48516b0)
      RTTI typeinfo:   itk::ImportImageContainer<unsigned long, double>
      Reference Count: 1
      Modified Time: 1995
      Debug: Off
      Object Name: 
      Observers: 
        none
      Pointer: 0x7f07f79e5010
      Container manages memory: true
      Size: 8530021
      Capacity: 8530021

     Moving image = Image (0x4825400)
  RTTI typeinfo:   itk::Image<double, 3u>
  Reference Count: 2
  Modified Time: 2390
  Debug: Off
  Object Name: 
  Observers: 
    none
  Source: (none)
  Source output name: (none)
  Release Data: Off
  Data Released: False
  Global Release Data: Off
  PipelineMTime: 0
  UpdateMTime: 2387
  RealTimeStamp: 0 seconds 
  LargestPossibleRegion: 
    Dimension: 3
    Index: [0, 0, 0]
    Size: [160, 240, 256]
  BufferedRegion: 
    Dimension: 3
    Index: [0, 0, 0]
    Size: [160, 240, 256]
  RequestedRegion: 
    Dimension: 3
    Index: [0, 0, 0]
    Size: [160, 240, 256]
  Spacing: [0.999995, 1, 1]
  Origin: [87.0906, 98.7205, -152.377]
  Direction: 
-0.996975 0.0261379 -0.0731913
-0.0260677 -0.999658 -0.00191374
-0.0732163 -2.46403e-08 0.997316

  IndexToPointMatrix: 
-0.996971 0.0261379 -0.0731913
-0.0260676 -0.999658 -0.00191374
-0.0732159 -2.46403e-08 0.997316

  PointToIndexMatrix: 
-0.99698 -0.0260679 -0.0732167
0.0261379 -0.999659 -3.57628e-07
-0.0731913 -0.00191373 0.997316

  Inverse Direction: 
-0.996976 -0.0260677 -0.0732163
0.0261379 -0.999659 -3.57628e-07
-0.0731913 -0.00191367 0.997316

  PixelContainer: 
    ImportImageContainer (0x49f96d0)
      RTTI typeinfo:   itk::ImportImageContainer<unsigned long, double>
      Reference Count: 1
      Modified Time: 2384
      Debug: Off
      Object Name: 
      Observers: 
        none
      Pointer: 0x7f07f2ee4010
      Container manages memory: true
      Size: 9830400
      Capacity: 9830400

     Weighting = 1
     Sampling strategy = regular
     Number of bins = 32
     Radius = 4
     Sampling percentage  = 0.25
   Transform = Rigid
     Gradient step = 0.1
     Update field sigma (voxel space) = 0
     Total field sigma (voxel space) = 0
     Update field time sigma = 0
     Total field time sigma  = 0
     Number of time indices = 0
     Number of time point samples = 0
Stage 2 State
   Image metric = MattesMI
     Fixed image = Image (0x4845d50)
  RTTI typeinfo:   itk::Image<double, 3u>
  Reference Count: 2
  Modified Time: 3167
  Debug: Off
  Object Name: 
  Observers: 
    none
  Source: (none)
  Source output name: (none)
  Release Data: Off
  Data Released: False
  Global Release Data: Off
  PipelineMTime: 0
  UpdateMTime: 2776
  RealTimeStamp: 0 seconds 
  LargestPossibleRegion: 
    Dimension: 3
    Index: [0, 0, 0]
    Size: [193, 229, 193]
  BufferedRegion: 
    Dimension: 3
    Index: [0, 0, 0]
    Size: [193, 229, 193]
  RequestedRegion: 
    Dimension: 3
    Index: [0, 0, 0]
    Size: [193, 229, 193]
  Spacing: [1, 1, 1]
  Origin: [96, 132, -78]
  Direction: 
-1 0 0
0 -1 0
0 0 1

  IndexToPointMatrix: 
-1 0 0
0 -1 0
0 0 1

  PointToIndexMatrix: 
-1 0 0
0 -1 0
0 0 1

  Inverse Direction: 
-1 0 0
0 -1 0
0 0 1

  PixelContainer: 
    ImportImageContainer (0x4901570)
      RTTI typeinfo:   itk::ImportImageContainer<unsigned long, double>
      Reference Count: 1
      Modified Time: 2773
      Debug: Off
      Object Name: 
      Observers: 
        none
      Pointer: 0x7f07eedcf010
      Container manages memory: true
      Size: 8530021
      Capacity: 8530021

     Moving image = Image (0x482ff50)
  RTTI typeinfo:   itk::Image<double, 3u>
  Reference Count: 2
  Modified Time: 3168
  Debug: Off
  Object Name: 
  Observers: 
    none
  Source: (none)
  Source output name: (none)
  Release Data: Off
  Data Released: False
  Global Release Data: Off
  PipelineMTime: 0
  UpdateMTime: 3165
  RealTimeStamp: 0 seconds 
  LargestPossibleRegion: 
    Dimension: 3
    Index: [0, 0, 0]
    Size: [160, 240, 256]
  BufferedRegion: 
    Dimension: 3
    Index: [0, 0, 0]
    Size: [160, 240, 256]
  RequestedRegion: 
    Dimension: 3
    Index: [0, 0, 0]
    Size: [160, 240, 256]
  Spacing: [0.999995, 1, 1]
  Origin: [87.0906, 98.7205, -152.377]
  Direction: 
-0.996975 0.0261379 -0.0731913
-0.0260677 -0.999658 -0.00191374
-0.0732163 -2.46403e-08 0.997316

  IndexToPointMatrix: 
-0.996971 0.0261379 -0.0731913
-0.0260676 -0.999658 -0.00191374
-0.0732159 -2.46403e-08 0.997316

  PointToIndexMatrix: 
-0.99698 -0.0260679 -0.0732167
0.0261379 -0.999659 -3.57628e-07
-0.0731913 -0.00191373 0.997316

  Inverse Direction: 
-0.996976 -0.0260677 -0.0732163
0.0261379 -0.999659 -3.57628e-07
-0.0731913 -0.00191367 0.997316

  PixelContainer: 
    ImportImageContainer (0x49d9650)
      RTTI typeinfo:   itk::ImportImageContainer<unsigned long, double>
      Reference Count: 1
      Modified Time: 3162
      Debug: Off
      Object Name: 
      Observers: 
        none
      Pointer: 0x7f07ea2ce010
      Container manages memory: true
      Size: 9830400
      Capacity: 9830400

     Weighting = 1
     Sampling strategy = regular
     Number of bins = 32
     Radius = 4
     Sampling percentage  = 0.25
   Transform = Affine
     Gradient step = 0.1
     Update field sigma (voxel space) = 0
     Total field sigma (voxel space) = 0
     Update field time sigma = 0
     Total field time sigma  = 0
     Number of time indices = 0
     Number of time point samples = 0
Stage 3 State
   Image metric = CC
     Fixed image = Image (0x4830cf0)
  RTTI typeinfo:   itk::Image<double, 3u>
  Reference Count: 2
  Modified Time: 3945
  Debug: Off
  Object Name: 
  Observers: 
    none
  Source: (none)
  Source output name: (none)
  Release Data: Off
  Data Released: False
  Global Release Data: Off
  PipelineMTime: 0
  UpdateMTime: 3554
  RealTimeStamp: 0 seconds 
  LargestPossibleRegion: 
    Dimension: 3
    Index: [0, 0, 0]
    Size: [193, 229, 193]
  BufferedRegion: 
    Dimension: 3
    Index: [0, 0, 0]
    Size: [193, 229, 193]
  RequestedRegion: 
    Dimension: 3
    Index: [0, 0, 0]
    Size: [193, 229, 193]
  Spacing: [1, 1, 1]
  Origin: [96, 132, -78]
  Direction: 
-1 0 0
0 -1 0
0 0 1

  IndexToPointMatrix: 
-1 0 0
0 -1 0
0 0 1

  PointToIndexMatrix: 
-1 0 0
0 -1 0
0 0 1

  Inverse Direction: 
-1 0 0
0 -1 0
0 0 1

  PixelContainer: 
    ImportImageContainer (0x49116b0)
      RTTI typeinfo:   itk::ImportImageContainer<unsigned long, double>
      Reference Count: 1
      Modified Time: 3551
      Debug: Off
      Object Name: 
      Observers: 
        none
      Pointer: 0x7f07e61b9010
      Container manages memory: true
      Size: 8530021
      Capacity: 8530021

     Moving image = Image (0x4842480)
  RTTI typeinfo:   itk::Image<double, 3u>
  Reference Count: 2
  Modified Time: 3946
  Debug: Off
  Object Name: 
  Observers: 
    none
  Source: (none)
  Source output name: (none)
  Release Data: Off
  Data Released: False
  Global Release Data: Off
  PipelineMTime: 0
  UpdateMTime: 3943
  RealTimeStamp: 0 seconds 
  LargestPossibleRegion: 
    Dimension: 3
    Index: [0, 0, 0]
    Size: [160, 240, 256]
  BufferedRegion: 
    Dimension: 3
    Index: [0, 0, 0]
    Size: [160, 240, 256]
  RequestedRegion: 
    Dimension: 3
    Index: [0, 0, 0]
    Size: [160, 240, 256]
  Spacing: [0.999995, 1, 1]
  Origin: [87.0906, 98.7205, -152.377]
  Direction: 
-0.996975 0.0261379 -0.0731913
-0.0260677 -0.999658 -0.00191374
-0.0732163 -2.46403e-08 0.997316

  IndexToPointMatrix: 
-0.996971 0.0261379 -0.0731913
-0.0260676 -0.999658 -0.00191374
-0.0732159 -2.46403e-08 0.997316

  PointToIndexMatrix: 
-0.99698 -0.0260679 -0.0732167
0.0261379 -0.999659 -3.57628e-07
-0.0731913 -0.00191373 0.997316

  Inverse Direction: 
-0.996976 -0.0260677 -0.0732163
0.0261379 -0.999659 -3.57628e-07
-0.0731913 -0.00191367 0.997316

  PixelContainer: 
    ImportImageContainer (0x49a1750)
      RTTI typeinfo:   itk::ImportImageContainer<unsigned long, double>
      Reference Count: 1
      Modified Time: 3940
      Debug: Off
      Object Name: 
      Observers: 
        none
      Pointer: 0x7f07e16b8010
      Container manages memory: true
      Size: 9830400
      Capacity: 9830400

     Weighting = 1
     Sampling strategy = none
     Number of bins = 32
     Radius = 4
     Sampling percentage  = 1
   Transform = SyN
     Gradient step = 0.1
     Update field sigma (voxel space) = 3
     Total field sigma (voxel space) = 0
     Update field time sigma = 0
     Total field time sigma  = 0
     Number of time indices = 0
     Number of time point samples = 0
Registration using 3 total stages.

Stage 0
  iterations = 1000x500x250x100
  convergence threshold = 1e-06
  convergence window size = 10
  number of levels = 4
  using the Mattes MI metric (number of bins = 32, weight = 1, use gradient filter = 0)
  preprocessing:  winsorizing the image intensities
  Shrink factors (level 1 out of 4): [8, 8, 8]
  Shrink factors (level 2 out of 4): [4, 4, 4]
  Shrink factors (level 3 out of 4): [2, 2, 2]
  Shrink factors (level 4 out of 4): [1, 1, 1]
  smoothing sigmas per level: [3, 2, 1, 0]
  regular sampling (percentage = 0.25)

*** Running Euler3DTransform registration ***

DIAGNOSTIC,Iteration,metricValue,convergenceValue,ITERATION_TIME_INDEX,SINCE_LAST
*/mnt/lustre/mathdugre/fast-interpolate/datasets/ds004513/derivatives/flint/antsRegistration/r8-p22/sub-s020/Stage1_level1_Iter0001.nii.gz
2DIAGNOSTIC,     1, -3.784973936083e-01, 1.797693134862e+308, 0.0000e+00, 0.0000e+00, 
*/mnt/lustre/mathdugre/fast-interpolate/datasets/ds004513/derivatives/flint/antsRegistration/r8-p22/sub-s020/Stage1_level1_Iter0002.nii.gz
2DIAGNOSTIC,     2, -3.797261938090e-01, 1.797693134862e+308, 0.0000e+00, 0.0000e+00, 
*/mnt/lustre/mathdugre/fast-interpolate/datasets/ds004513/derivatives/flint/antsRegistration/r8-p22/sub-s020/Stage1_level1_Iter0003.nii.gz
2DIAGNOSTIC,     3, -3.835343856766e-01, 1.797693134862e+308, 0.0000e+00, 0.0000e+00, 
*/mnt/lustre/mathdugre/fast-interpolate/datasets/ds004513/derivatives/flint/antsRegistration/r8-p22/sub-s020/Stage1_level1_Iter0004.nii.gz
2DIAGNOSTIC,     4, -3.876240629708e-01, 1.797693134862e+308, 0.0000e+00, 0.0000e+00, 
*/mnt/lustre/mathdugre/fast-interpolate/datasets/ds004513/derivatives/flint/antsRegistration/r8-p22/sub-s020/Stage1_level1_Iter0005.nii.gz
2DIAGNOSTIC,     5, -3.907828420419e-01, 1.797693134862e+308, 0.0000e+00, 0.0000e+00, 
*/mnt/lustre/mathdugre/fast-interpolate/datasets/ds004513/derivatives/flint/antsRegistration/r8-p22/sub-s020/Stage1_level1_Iter0006.nii.gz
2DIAGNOSTIC,     6, -3.920904768359e-01, 1.797693134862e+308, 0.0000e+00, 0.0000e+00, 
*/mnt/lustre/mathdugre/fast-interpolate/datasets/ds004513/derivatives/flint/antsRegistration/r8-p22/sub-s020/Stage1_level1_Iter0007.nii.gz
2DIAGNOSTIC,     7, -3.933308893132e-01, 1.797693134862e+308, 0.0000e+00, 0.0000e+00, 
*/mnt/lustre/mathdugre/fast-interpolate/datasets/ds004513/derivatives/flint/antsRegistration/r8-p22/sub-s020/Stage1_level1_Iter0008.nii.gz
2DIAGNOSTIC,     8, -3.947327508062e-01, 1.797693134862e+308, 0.0000e+00, 0.0000e+00, 
*/mnt/lustre/mathdugre/fast-interpolate/datasets/ds004513/derivatives/flint/antsRegistration/r8-p22/sub-s020/Stage1_level1_Iter0009.nii.gz
2DIAGNOSTIC,     9, -3.961767629327e-01, 1.797693134862e+308, 0.0000e+00, 0.0000e+00, 
*/mnt/lustre/mathdugre/fast-interpolate/datasets/ds004513/derivatives/flint/antsRegistration/r8-p22/sub-s020/Stage1_level1_Iter0010.nii.gz
2DIAGNOSTIC,    10, -3.981301860471e-01, 3.268584609032e-03, 0.0000e+00, 0.0000e+00, 
*/mnt/lustre/mathdugre/fast-interpolate/datasets/ds004513/derivatives/flint/antsRegistration/r8-p22/sub-s020/Stage1_level1_Iter0011.nii.gz
2DIAGNOSTIC,    11, -4.005290685805e-01, 2.756074070930e-03, 0.0000e+00, 0.0000e+00, 
*/mnt/lustre/mathdugre/fast-interpolate/datasets/ds004513/derivatives/flint/antsRegistration/r8-p22/sub-s020/Stage1_level1_Iter0012.nii.gz
2DIAGNOSTIC,    12, -4.070778624474e-01, 2.548173069954e-03, 0.0000e+00, 0.0000e+00, 
*/mnt/lustre/mathdugre/fast-interpolate/datasets/ds004513/derivatives/flint/antsRegistration/r8-p22/sub-s020/Stage1_level1_Iter0013.nii.gz
2DIAGNOSTIC,    13, -4.301058819176e-01, 3.608554601669e-03, 0.0000e+00, 0.0000e+00, 
*/mnt/lustre/mathdugre/fast-interpolate/datasets/ds004513/derivatives/flint/antsRegistration/r8-p22/sub-s020/Stage1_level1_Iter0014.nii.gz
2DIAGNOSTIC,    14, -4.502547018692e-01, 5.366191267967e-03, 0.0000e+00, 0.0000e+00, 
*/mnt/lustre/mathdugre/fast-interpolate/datasets/ds004513/derivatives/flint/antsRegistration/r8-p22/sub-s020/Stage1_level1_Iter0015.nii.gz
2DIAGNOSTIC,    15, -4.497207441869e-01, 6.488963961601e-03, 0.0000e+00, 0.0000e+00, 
*/mnt/lustre/mathdugre/fast-interpolate/datasets/ds004513/derivatives/flint/antsRegistration/r8-p22/sub-s020/Stage1_level1_Iter0016.nii.gz
2DIAGNOSTIC,    16, -4.511096335264e-01, 7.006958127022e-03, 0.0000e+00, 0.0000e+00, 
*/mnt/lustre/mathdugre/fast-interpolate/datasets/ds004513/derivatives/flint/antsRegistration/r8-p22/sub-s020/Stage1_level1_Iter0017.nii.gz
2DIAGNOSTIC,    17, -4.514441022110e-01, 6.884686648846e-03, 0.0000e+00, 0.0000e+00, 
*/mnt/lustre/mathdugre/fast-interpolate/datasets/ds004513/derivatives/flint/antsRegistration/r8-p22/sub-s020/Stage1_level1_Iter0018.nii.gz
2DIAGNOSTIC,    18, -4.516507364346e-01, 6.188936531544e-03, 0.0000e+00, 0.0000e+00, 
*/mnt/lustre/mathdugre/fast-interpolate/datasets/ds004513/derivatives/flint/antsRegistration/r8-p22/sub-s020/Stage1_level1_Iter0019.nii.gz
2DIAGNOSTIC,    19, -4.517700540498e-01, 5.047917366028e-03, 0.0000e+00, 0.0000e+00, 
*/mnt/lustre/mathdugre/fast-interpolate/datasets/ds004513/derivatives/flint/antsRegistration/r8-p22/sub-s020/Stage1_level1_Iter0020.nii.gz
2DIAGNOSTIC,    20, -4.519400586180e-01, 3.648214042187e-03, 0.0000e+00, 0.0000e+00, 
*/mnt/lustre/mathdugre/fast-interpolate/datasets/ds004513/derivatives/flint/antsRegistration/r8-p22/sub-s020/Stage1_level1_Iter0021.nii.gz
2DIAGNOSTIC,    21, -4.518954288525e-01, 2.144418656826e-03, 0.0000e+00, 0.0000e+00, 
*/mnt/lustre/mathdugre/fast-interpolate/datasets/ds004513/derivatives/flint/antsRegistration/r8-p22/sub-s020/Stage1_level1_Iter0022.nii.gz
2DIAGNOSTIC,    22, -4.518604008057e-01, 7.771179080009e-04, 0.0000e+00, 0.0000e+00, 
*/mnt/lustre/mathdugre/fast-interpolate/datasets/ds004513/derivatives/flint/antsRegistration/r8-p22/sub-s020/Stage1_level1_Iter0023.nii.gz
2DIAGNOSTIC,    23, -4.518248730969e-01, 1.264736056328e-04, 0.0000e+00, 0.0000e+00, 
*/mnt/lustre/mathdugre/fast-interpolate/datasets/ds004513/derivatives/flint/antsRegistration/r8-p22/sub-s020/Stage1_level1_Iter0024.nii.gz
2DIAGNOSTIC,    24, -4.518595386704e-01, 9.143352508545e-05, 0.0000e+00, 0.0000e+00, 
*/mnt/lustre/mathdugre/fast-interpolate/datasets/ds004513/derivatives/flint/antsRegistration/r8-p22/sub-s020/Stage1_level1_Iter0025.nii.gz
2DIAGNOSTIC,    25, -4.518386817371e-01, 3.501027822495e-05, 0.0000e+00, 0.0000e+00, 
*/mnt/lustre/mathdugre/fast-interpolate/datasets/ds004513/derivatives/flint/antsRegistration/r8-p22/sub-s020/Stage1_level1_Iter0026.nii.gz
2DIAGNOSTIC,    26, -4.517971282405e-01, 1.475960016251e-05, 0.0000e+00, 0.0000e+00, 
*/mnt/lustre/mathdugre/fast-interpolate/datasets/ds004513/derivatives/flint/antsRegistration/r8-p22/sub-s020/Stage1_level1_Iter0027.nii.gz
2DIAGNOSTIC,    27, -4.518098287078e-01, 3.457069396973e-06, 0.0000e+00, 0.0000e+00, 
DIAGNOSTIC,Iteration,metricValue,convergenceValue,ITERATION_TIME_INDEX,SINCE_LAST
*/mnt/lustre/mathdugre/fast-interpolate/datasets/ds004513/derivatives/flint/antsRegistration/r8-p22/sub-s020/Stage1_level2_Iter0001.nii.gz
2DIAGNOSTIC,     1, -3.664207957393e-01, 1.797693134862e+308, 0.0000e+00, 0.0000e+00, 
*/mnt/lustre/mathdugre/fast-interpolate/datasets/ds004513/derivatives/flint/antsRegistration/r8-p22/sub-s020/Stage1_level2_Iter0002.nii.gz
2DIAGNOSTIC,     2, -3.669839662272e-01, 1.797693134862e+308, 0.0000e+00, 0.0000e+00, 
*/mnt/lustre/mathdugre/fast-interpolate/datasets/ds004513/derivatives/flint/antsRegistration/r8-p22/sub-s020/Stage1_level2_Iter0003.nii.gz
2DIAGNOSTIC,     3, -3.678639148364e-01, 1.797693134862e+308, 0.0000e+00, 0.0000e+00, 
*/mnt/lustre/mathdugre/fast-interpolate/datasets/ds004513/derivatives/flint/antsRegistration/r8-p22/sub-s020/Stage1_level2_Iter0004.nii.gz
2DIAGNOSTIC,     4, -3.695921801041e-01, 1.797693134862e+308, 0.0000e+00, 0.0000e+00, 
*/mnt/lustre/mathdugre/fast-interpolate/datasets/ds004513/derivatives/flint/antsRegistration/r8-p22/sub-s020/Stage1_level2_Iter0005.nii.gz
2DIAGNOSTIC,     5, -3.721570416267e-01, 1.797693134862e+308, 0.0000e+00, 0.0000e+00, 
*/mnt/lustre/mathdugre/fast-interpolate/datasets/ds004513/derivatives/flint/antsRegistration/r8-p22/sub-s020/Stage1_level2_Iter0006.nii.gz
2DIAGNOSTIC,     6, -3.742675081471e-01, 1.797693134862e+308, 0.0000e+00, 0.0000e+00, 
*/mnt/lustre/mathdugre/fast-interpolate/datasets/ds004513/derivatives/flint/antsRegistration/r8-p22/sub-s020/Stage1_level2_Iter0007.nii.gz
2DIAGNOSTIC,     7, -3.759785366124e-01, 1.797693134862e+308, 0.0000e+00, 0.0000e+00, 
*/mnt/lustre/mathdugre/fast-interpolate/datasets/ds004513/derivatives/flint/antsRegistration/r8-p22/sub-s020/Stage1_level2_Iter0008.nii.gz
2DIAGNOSTIC,     8, -3.782162194347e-01, 1.797693134862e+308, 0.0000e+00, 0.0000e+00, 
*/mnt/lustre/mathdugre/fast-interpolate/datasets/ds004513/derivatives/flint/antsRegistration/r8-p22/sub-s020/Stage1_level2_Iter0009.nii.gz
2DIAGNOSTIC,     9, -3.841291356903e-01, 1.797693134862e+308, 0.0000e+00, 0.0000e+00, 
*/mnt/lustre/mathdugre/fast-interpolate/datasets/ds004513/derivatives/flint/antsRegistration/r8-p22/sub-s020/Stage1_level2_Iter0010.nii.gz
2DIAGNOSTIC,    10, -3.879610954499e-01, 3.580227494240e-03, 0.0000e+00, 0.0000e+00, 
*/mnt/lustre/mathdugre/fast-interpolate/datasets/ds004513/derivatives/flint/antsRegistration/r8-p22/sub-s020/Stage1_level2_Iter0011.nii.gz
2DIAGNOSTIC,    11, -3.904213873556e-01, 3.736883401871e-03, 0.0000e+00, 0.0000e+00, 
*/mnt/lustre/mathdugre/fast-interpolate/datasets/ds004513/derivatives/flint/antsRegistration/r8-p22/sub-s020/Stage1_level2_Iter0012.nii.gz
2DIAGNOSTIC,    12, -3.932033999089e-01, 3.744617104530e-03, 0.0000e+00, 0.0000e+00, 
*/mnt/lustre/mathdugre/fast-interpolate/datasets/ds004513/derivatives/flint/antsRegistration/r8-p22/sub-s020/Stage1_level2_Iter0013.nii.gz
2DIAGNOSTIC,    13, -3.933339216225e-01, 3.470450639725e-03, 0.0000e+00, 0.0000e+00, 
*/mnt/lustre/mathdugre/fast-interpolate/datasets/ds004513/derivatives/flint/antsRegistration/r8-p22/sub-s020/Stage1_level2_Iter0014.nii.gz
2DIAGNOSTIC,    14, -3.978224635616e-01, 3.248602151871e-03, 0.0000e+00, 0.0000e+00, 
*/mnt/lustre/mathdugre/fast-interpolate/datasets/ds004513/derivatives/flint/antsRegistration/r8-p22/sub-s020/Stage1_level2_Iter0015.nii.gz
2DIAGNOSTIC,    15, -4.013857000063e-01, 3.056004643440e-03, 0.0000e+00, 0.0000e+00, 
*/mnt/lustre/mathdugre/fast-interpolate/datasets/ds004513/derivatives/flint/antsRegistration/r8-p22/sub-s020/Stage1_level2_Iter0016.nii.gz
2DIAGNOSTIC,    16, -4.023513235243e-01, 2.750143408775e-03, 0.0000e+00, 0.0000e+00, 
*/mnt/lustre/mathdugre/fast-interpolate/datasets/ds004513/derivatives/flint/antsRegistration/r8-p22/sub-s020/Stage1_level2_Iter0017.nii.gz
2DIAGNOSTIC,    17, -4.049591227896e-01, 2.421379089355e-03, 0.0000e+00, 0.0000e+00, 
*/mnt/lustre/mathdugre/fast-interpolate/datasets/ds004513/derivatives/flint/antsRegistration/r8-p22/sub-s020/Stage1_level2_Iter0018.nii.gz
2DIAGNOSTIC,    18, -4.061123083805e-01, 2.042062580585e-03, 0.0000e+00, 0.0000e+00, 
*/mnt/lustre/mathdugre/fast-interpolate/datasets/ds004513/derivatives/flint/antsRegistration/r8-p22/sub-s020/Stage1_level2_Iter0019.nii.gz
2DIAGNOSTIC,    19, -4.065402743612e-01, 1.757353544235e-03, 0.0000e+00, 0.0000e+00, 
*/mnt/lustre/mathdugre/fast-interpolate/datasets/ds004513/derivatives/flint/antsRegistration/r8-p22/sub-s020/Stage1_level2_Iter0020.nii.gz
2DIAGNOSTIC,    20, -4.071040817001e-01, 1.498386263847e-03, 0.0000e+00, 0.0000e+00, 
*/mnt/lustre/mathdugre/fast-interpolate/datasets/ds004513/derivatives/flint/antsRegistration/r8-p22/sub-s020/Stage1_level2_Iter0021.nii.gz
2DIAGNOSTIC,    21, -4.078492729241e-01, 1.236535608768e-03, 0.0000e+00, 0.0000e+00, 
*/mnt/lustre/mathdugre/fast-interpolate/datasets/ds004513/derivatives/flint/antsRegistration/r8-p22/sub-s020/Stage1_level2_Iter0022.nii.gz
2DIAGNOSTIC,    22, -4.106185154792e-01, 1.070111989975e-03, 0.0000e+00, 0.0000e+00, 
*/mnt/lustre/mathdugre/fast-interpolate/datasets/ds004513/derivatives/flint/antsRegistration/r8-p22/sub-s020/Stage1_level2_Iter0023.nii.gz
2DIAGNOSTIC,    23, -4.188330234591e-01, 1.077286899090e-03, 0.0000e+00, 0.0000e+00, 
*/mnt/lustre/mathdugre/fast-interpolate/datasets/ds004513/derivatives/flint/antsRegistration/r8-p22/sub-s020/Stage1_level2_Iter0024.nii.gz
2DIAGNOSTIC,    24, -4.214770099837e-01, 1.190930604935e-03, 0.0000e+00, 0.0000e+00, 
*/mnt/lustre/mathdugre/fast-interpolate/datasets/ds004513/derivatives/flint/antsRegistration/r8-p22/sub-s020/Stage1_level2_Iter0025.nii.gz
2DIAGNOSTIC,    25, -4.236646763786e-01, 1.351706683636e-03, 0.0000e+00, 0.0000e+00, 
*/mnt/lustre/mathdugre/fast-interpolate/datasets/ds004513/derivatives/flint/antsRegistration/r8-p22/sub-s020/Stage1_level2_Iter0026.nii.gz
2DIAGNOSTIC,    26, -4.240640127522e-01, 1.411043107510e-03, 0.0000e+00, 0.0000e+00, 
*/mnt/lustre/mathdugre/fast-interpolate/datasets/ds004513/derivatives/flint/antsRegistration/r8-p22/sub-s020/Stage1_level2_Iter0027.nii.gz
2DIAGNOSTIC,    27, -4.245318054996e-01, 1.413933932781e-03, 0.0000e+00, 0.0000e+00, 
*/mnt/lustre/mathdugre/fast-interpolate/datasets/ds004513/derivatives/flint/antsRegistration/r8-p22/sub-s020/Stage1_level2_Iter0028.nii.gz
2DIAGNOSTIC,    28, -4.248158125253e-01, 1.317270100117e-03, 0.0000e+00, 0.0000e+00, 
*/mnt/lustre/mathdugre/fast-interpolate/datasets/ds004513/derivatives/flint/antsRegistration/r8-p22/sub-s020/Stage1_level2_Iter0029.nii.gz
2DIAGNOSTIC,    29, -4.249867783203e-01, 1.117475330830e-03, 0.0000e+00, 0.0000e+00, 
*/mnt/lustre/mathdugre/fast-interpolate/datasets/ds004513/derivatives/flint/antsRegistration/r8-p22/sub-s020/Stage1_level2_Iter0030.nii.gz
2DIAGNOSTIC,    30, -4.250733543178e-01, 8.444935083389e-04, 0.0000e+00, 0.0000e+00, 
*/mnt/lustre/mathdugre/fast-interpolate/datasets/ds004513/derivatives/flint/antsRegistration/r8-p22/sub-s020/Stage1_level2_Iter0031.nii.gz
2DIAGNOSTIC,    31, -4.251207531205e-01, 5.299672484398e-04, 0.0000e+00, 0.0000e+00, 
*/mnt/lustre/mathdugre/fast-interpolate/datasets/ds004513/derivatives/flint/antsRegistration/r8-p22/sub-s020/Stage1_level2_Iter0032.nii.gz
2DIAGNOSTIC,    32, -4.251491902766e-01, 2.444833517075e-04, 0.0000e+00, 0.0000e+00, 
*/mnt/lustre/mathdugre/fast-interpolate/datasets/ds004513/derivatives/flint/antsRegistration/r8-p22/sub-s020/Stage1_level2_Iter0033.nii.gz
2DIAGNOSTIC,    33, -4.251943515162e-01, 1.307353377342e-04, 0.0000e+00, 0.0000e+00, 
*/mnt/lustre/mathdugre/fast-interpolate/datasets/ds004513/derivatives/flint/antsRegistration/r8-p22/sub-s020/Stage1_level2_Iter0034.nii.gz
2DIAGNOSTIC,    34, -4.252238644088e-01, 6.630271673203e-05, 0.0000e+00, 0.0000e+00, 
*/mnt/lustre/mathdugre/fast-interpolate/datasets/ds004513/derivatives/flint/antsRegistration/r8-p22/sub-s020/Stage1_level2_Iter0035.nii.gz
2DIAGNOSTIC,    35, -4.252322415188e-01, 4.380196332932e-05, 0.0000e+00, 0.0000e+00, 
*/mnt/lustre/mathdugre/fast-interpolate/datasets/ds004513/derivatives/flint/antsRegistration/r8-p22/sub-s020/Stage1_level2_Iter0036.nii.gz
2DIAGNOSTIC,    36, -4.252669134273e-01, 2.693012356758e-05, 0.0000e+00, 0.0000e+00, 
*/mnt/lustre/mathdugre/fast-interpolate/datasets/ds004513/derivatives/flint/antsRegistration/r8-p22/sub-s020/Stage1_level2_Iter0037.nii.gz
2DIAGNOSTIC,    37, -4.252864164185e-01, 1.770630478859e-05, 0.0000e+00, 0.0000e+00, 
*/mnt/lustre/mathdugre/fast-interpolate/datasets/ds004513/derivatives/flint/antsRegistration/r8-p22/sub-s020/Stage1_level2_Iter0038.nii.gz
2DIAGNOSTIC,    38, -4.253128873780e-01, 1.306831836700e-05, 0.0000e+00, 0.0000e+00, 
*/mnt/lustre/mathdugre/fast-interpolate/datasets/ds004513/derivatives/flint/antsRegistration/r8-p22/sub-s020/Stage1_level2_Iter0039.nii.gz
2DIAGNOSTIC,    39, -4.253293182422e-01, 1.087412238121e-05, 0.0000e+00, 0.0000e+00, 
*/mnt/lustre/mathdugre/fast-interpolate/datasets/ds004513/derivatives/flint/antsRegistration/r8-p22/sub-s020/Stage1_level2_Iter0040.nii.gz
2DIAGNOSTIC,    40, -4.254760377474e-01, 1.190602779388e-05, 0.0000e+00, 0.0000e+00, 
*/mnt/lustre/mathdugre/fast-interpolate/datasets/ds004513/derivatives/flint/antsRegistration/r8-p22/sub-s020/Stage1_level2_Iter0041.nii.gz
2DIAGNOSTIC,    41, -4.254659684672e-01, 1.240149140358e-05, 0.0000e+00, 0.0000e+00, 
*/mnt/lustre/mathdugre/fast-interpolate/datasets/ds004513/derivatives/flint/antsRegistration/r8-p22/sub-s020/Stage1_level2_Iter0042.nii.gz
2DIAGNOSTIC,    42, -4.254671571275e-01, 1.227855682373e-05, 0.0000e+00, 0.0000e+00, 
*/mnt/lustre/mathdugre/fast-interpolate/datasets/ds004513/derivatives/flint/antsRegistration/r8-p22/sub-s020/Stage1_level2_Iter0043.nii.gz
2DIAGNOSTIC,    43, -4.254928681596e-01, 1.223385334015e-05, 0.0000e+00, 0.0000e+00, 
*/mnt/lustre/mathdugre/fast-interpolate/datasets/ds004513/derivatives/flint/antsRegistration/r8-p22/sub-s020/Stage1_level2_Iter0044.nii.gz
2DIAGNOSTIC,    44, -4.255083491352e-01, 1.179799437523e-05, 0.0000e+00, 0.0000e+00, 
*/mnt/lustre/mathdugre/fast-interpolate/datasets/ds004513/derivatives/flint/antsRegistration/r8-p22/sub-s020/Stage1_level2_Iter0045.nii.gz
2DIAGNOSTIC,    45, -4.255175990352e-01, 1.055747270584e-05, 0.0000e+00, 0.0000e+00, 
*/mnt/lustre/mathdugre/fast-interpolate/datasets/ds004513/derivatives/flint/antsRegistration/r8-p22/sub-s020/Stage1_level2_Iter0046.nii.gz
2DIAGNOSTIC,    46, -4.255281490073e-01, 9.126961231232e-06, 0.0000e+00, 0.0000e+00, 
*/mnt/lustre/mathdugre/fast-interpolate/datasets/ds004513/derivatives/flint/antsRegistration/r8-p22/sub-s020/Stage1_level2_Iter0047.nii.gz
2DIAGNOSTIC,    47, -4.255433659297e-01, 7.484108209610e-06, 0.0000e+00, 0.0000e+00, 
*/mnt/lustre/mathdugre/fast-interpolate/datasets/ds004513/derivatives/flint/antsRegistration/r8-p22/sub-s020/Stage1_level2_Iter0048.nii.gz
2DIAGNOSTIC,    48, -4.255547115970e-01, 5.830079317093e-06, 0.0000e+00, 0.0000e+00, 
*/mnt/lustre/mathdugre/fast-interpolate/datasets/ds004513/derivatives/flint/antsRegistration/r8-p22/sub-s020/Stage1_level2_Iter0049.nii.gz
2DIAGNOSTIC,    49, -4.255517171275e-01, 3.870576620102e-06, 0.0000e+00, 0.0000e+00, 
*/mnt/lustre/mathdugre/fast-interpolate/datasets/ds004513/derivatives/flint/antsRegistration/r8-p22/sub-s020/Stage1_level2_Iter0050.nii.gz
2DIAGNOSTIC,    50, -4.255601499822e-01, 3.859400749207e-06, 0.0000e+00, 0.0000e+00, 
*/mnt/lustre/mathdugre/fast-interpolate/datasets/ds004513/derivatives/flint/antsRegistration/r8-p22/sub-s020/Stage1_level2_Iter0051.nii.gz
2DIAGNOSTIC,    51, -4.256021982723e-01, 3.971159458160e-06, 0.0000e+00, 0.0000e+00, 
*/mnt/lustre/mathdugre/fast-interpolate/datasets/ds004513/derivatives/flint/antsRegistration/r8-p22/sub-s020/Stage1_level2_Iter0052.nii.gz
2DIAGNOSTIC,    52, -4.257144665425e-01, 5.256384611130e-06, 0.0000e+00, 0.0000e+00, 
*/mnt/lustre/mathdugre/fast-interpolate/datasets/ds004513/derivatives/flint/antsRegistration/r8-p22/sub-s020/Stage1_level2_Iter0053.nii.gz
2DIAGNOSTIC,    53, -4.258918276001e-01, 8.665025234222e-06, 0.0000e+00, 0.0000e+00, 
*/mnt/lustre/mathdugre/fast-interpolate/datasets/ds004513/derivatives/flint/antsRegistration/r8-p22/sub-s020/Stage1_level2_Iter0054.nii.gz
2DIAGNOSTIC,    54, -4.259239574231e-01, 1.173466444016e-05, 0.0000e+00, 0.0000e+00, 
*/mnt/lustre/mathdugre/fast-interpolate/datasets/ds004513/derivatives/flint/antsRegistration/r8-p22/sub-s020/Stage1_level2_Iter0055.nii.gz
2DIAGNOSTIC,    55, -4.259256048729e-01, 1.380592584610e-05, 0.0000e+00, 0.0000e+00, 
*/mnt/lustre/mathdugre/fast-interpolate/datasets/ds004513/derivatives/flint/antsRegistration/r8-p22/sub-s020/Stage1_level2_Iter0056.nii.gz
2DIAGNOSTIC,    56, -4.259134904528e-01, 1.453608274460e-05, 0.0000e+00, 0.0000e+00, 
*/mnt/lustre/mathdugre/fast-interpolate/datasets/ds004513/derivatives/flint/antsRegistration/r8-p22/sub-s020/Stage1_level2_Iter0057.nii.gz
2DIAGNOSTIC,    57, -4.259071567411e-01, 1.397728919983e-05, 0.0000e+00, 0.0000e+00, 
*/mnt/lustre/mathdugre/fast-interpolate/datasets/ds004513/derivatives/flint/antsRegistration/r8-p22/sub-s020/Stage1_level2_Iter0058.nii.gz
2DIAGNOSTIC,    58, -4.259008693311e-01, 1.217797398567e-05, 0.0000e+00, 0.0000e+00, 
*/mnt/lustre/mathdugre/fast-interpolate/datasets/ds004513/derivatives/flint/antsRegistration/r8-p22/sub-s020/Stage1_level2_Iter0059.nii.gz
2DIAGNOSTIC,    59, -4.258949672710e-01, 9.231269359589e-06, 0.0000e+00, 0.0000e+00, 
*/mnt/lustre/mathdugre/fast-interpolate/datasets/ds004513/derivatives/flint/antsRegistration/r8-p22/sub-s020/Stage1_level2_Iter0060.nii.gz
2DIAGNOSTIC,    60, -4.258902019349e-01, 5.640089511871e-06, 0.0000e+00, 0.0000e+00, 
*/mnt/lustre/mathdugre/fast-interpolate/datasets/ds004513/derivatives/flint/antsRegistration/r8-p22/sub-s020/Stage1_level2_Iter0061.nii.gz
2DIAGNOSTIC,    61, -4.258864346371e-01, 2.093613147736e-06, 0.0000e+00, 0.0000e+00, 
DIAGNOSTIC,Iteration,metricValue,convergenceValue,ITERATION_TIME_INDEX,SINCE_LAST
*/mnt/lustre/mathdugre/fast-interpolate/datasets/ds004513/derivatives/flint/antsRegistration/r8-p22/sub-s020/Stage1_level3_Iter0001.nii.gz
2DIAGNOSTIC,     1, -3.652540650657e-01, 1.797693134862e+308, 2.5600e+02, 2.5600e+02, 
*/mnt/lustre/mathdugre/fast-interpolate/datasets/ds004513/derivatives/flint/antsRegistration/r8-p22/sub-s020/Stage1_level3_Iter0002.nii.gz
2DIAGNOSTIC,     2, -3.655199699836e-01, 1.797693134862e+308, 2.5600e+02, 0.0000e+00, 
*/mnt/lustre/mathdugre/fast-interpolate/datasets/ds004513/derivatives/flint/antsRegistration/r8-p22/sub-s020/Stage1_level3_Iter0003.nii.gz
2DIAGNOSTIC,     3, -3.657281078867e-01, 1.797693134862e+308, 2.5600e+02, 0.0000e+00, 
*/mnt/lustre/mathdugre/fast-interpolate/datasets/ds004513/derivatives/flint/antsRegistration/r8-p22/sub-s020/Stage1_level3_Iter0004.nii.gz
2DIAGNOSTIC,     4, -3.658163941668e-01, 1.797693134862e+308, 2.5600e+02, 0.0000e+00, 
*/mnt/lustre/mathdugre/fast-interpolate/datasets/ds004513/derivatives/flint/antsRegistration/r8-p22/sub-s020/Stage1_level3_Iter0005.nii.gz
2DIAGNOSTIC,     5, -3.658690292868e-01, 1.797693134862e+308, 2.5600e+02, 0.0000e+00, 
*/mnt/lustre/mathdugre/fast-interpolate/datasets/ds004513/derivatives/flint/antsRegistration/r8-p22/sub-s020/Stage1_level3_Iter0006.nii.gz
2DIAGNOSTIC,     6, -3.658909424196e-01, 1.797693134862e+308, 2.5600e+02, 0.0000e+00, 
*/mnt/lustre/mathdugre/fast-interpolate/datasets/ds004513/derivatives/flint/antsRegistration/r8-p22/sub-s020/Stage1_level3_Iter0007.nii.gz
2DIAGNOSTIC,     7, -3.658845403552e-01, 1.797693134862e+308, 2.5600e+02, 0.0000e+00, 
*/mnt/lustre/mathdugre/fast-interpolate/datasets/ds004513/derivatives/flint/antsRegistration/r8-p22/sub-s020/Stage1_level3_Iter0008.nii.gz
2DIAGNOSTIC,     8, -3.659058312679e-01, 1.797693134862e+308, 2.5600e+02, 0.0000e+00, 
*/mnt/lustre/mathdugre/fast-interpolate/datasets/ds004513/derivatives/flint/antsRegistration/r8-p22/sub-s020/Stage1_level3_Iter0009.nii.gz
2DIAGNOSTIC,     9, -3.659377703364e-01, 1.797693134862e+308, 2.5600e+02, 0.0000e+00, 
*/mnt/lustre/mathdugre/fast-interpolate/datasets/ds004513/derivatives/flint/antsRegistration/r8-p22/sub-s020/Stage1_level3_Iter0010.nii.gz
2DIAGNOSTIC,    10, -3.659394869229e-01, 9.723007678986e-05, 2.5600e+02, 0.0000e+00, 
*/mnt/lustre/mathdugre/fast-interpolate/datasets/ds004513/derivatives/flint/antsRegistration/r8-p22/sub-s020/Stage1_level3_Iter0011.nii.gz
2DIAGNOSTIC,    11, -3.659393772186e-01, 5.275011062622e-05, 2.5600e+02, 0.0000e+00, 
*/mnt/lustre/mathdugre/fast-interpolate/datasets/ds004513/derivatives/flint/antsRegistration/r8-p22/sub-s020/Stage1_level3_Iter0012.nii.gz
2DIAGNOSTIC,    12, -3.659379815249e-01, 2.805888652802e-05, 2.5600e+02, 0.0000e+00, 
*/mnt/lustre/mathdugre/fast-interpolate/datasets/ds004513/derivatives/flint/antsRegistration/r8-p22/sub-s020/Stage1_level3_Iter0013.nii.gz
2DIAGNOSTIC,    13, -3.659376841985e-01, 1.718103885651e-05, 2.5600e+02, 0.0000e+00, 
*/mnt/lustre/mathdugre/fast-interpolate/datasets/ds004513/derivatives/flint/antsRegistration/r8-p22/sub-s020/Stage1_level3_Iter0014.nii.gz
2DIAGNOSTIC,    14, -3.659365638218e-01, 1.128017902374e-05, 2.5600e+02, 0.0000e+00, 
*/mnt/lustre/mathdugre/fast-interpolate/datasets/ds004513/derivatives/flint/antsRegistration/r8-p22/sub-s020/Stage1_level3_Iter0015.nii.gz
2DIAGNOSTIC,    15, -3.659368278237e-01, 8.016824722290e-06, 2.5600e+02, 0.0000e+00, 
*/mnt/lustre/mathdugre/fast-interpolate/datasets/ds004513/derivatives/flint/antsRegistration/r8-p22/sub-s020/Stage1_level3_Iter0016.nii.gz
2DIAGNOSTIC,    16, -3.659372602670e-01, 5.781650543213e-06, 2.5600e+02, 0.0000e+00, 
*/mnt/lustre/mathdugre/fast-interpolate/datasets/ds004513/derivatives/flint/antsRegistration/r8-p22/sub-s020/Stage1_level3_Iter0017.nii.gz
2DIAGNOSTIC,    17, -3.659368470873e-01, 3.114342689514e-06, 2.5600e+02, 0.0000e+00, 
*/mnt/lustre/mathdugre/fast-interpolate/datasets/ds004513/derivatives/flint/antsRegistration/r8-p22/sub-s020/Stage1_level3_Iter0018.nii.gz
2DIAGNOSTIC,    18, -3.659356417686e-01, 1.490116119385e-06, 2.5600e+02, 0.0000e+00, 
*/mnt/lustre/mathdugre/fast-interpolate/datasets/ds004513/derivatives/flint/antsRegistration/r8-p22/sub-s020/Stage1_level3_Iter0019.nii.gz
2DIAGNOSTIC,    19, -3.659351069778e-01, 1.326203346252e-06, 2.5600e+02, 0.0000e+00, 
*/mnt/lustre/mathdugre/fast-interpolate/datasets/ds004513/derivatives/flint/antsRegistration/r8-p22/sub-s020/Stage1_level3_Iter0020.nii.gz
2DIAGNOSTIC,    20, -3.659346753220e-01, 1.274049282074e-06, 2.5600e+02, 0.0000e+00, 
*/mnt/lustre/mathdugre/fast-interpolate/datasets/ds004513/derivatives/flint/antsRegistration/r8-p22/sub-s020/Stage1_level3_Iter0021.nii.gz
2DIAGNOSTIC,    21, -3.659346900771e-01, 1.244246959686e-06, 2.5600e+02, 0.0000e+00, 
*/mnt/lustre/mathdugre/fast-interpolate/datasets/ds004513/derivatives/flint/antsRegistration/r8-p22/sub-s020/Stage1_level3_Iter0022.nii.gz
2DIAGNOSTIC,    22, -3.659346534530e-01, 1.192092895508e-06, 2.5600e+02, 0.0000e+00, 
*/mnt/lustre/mathdugre/fast-interpolate/datasets/ds004513/derivatives/flint/antsRegistration/r8-p22/sub-s020/Stage1_level3_Iter0023.nii.gz
2DIAGNOSTIC,    23, -3.659340416809e-01, 1.154839992523e-06, 2.5600e+02, 0.0000e+00, 
*/mnt/lustre/mathdugre/fast-interpolate/datasets/ds004513/derivatives/flint/antsRegistration/r8-p22/sub-s020/Stage1_level3_Iter0024.nii.gz
2DIAGNOSTIC,    24, -3.659340510292e-01, 1.095235347748e-06, 2.5600e+02, 0.0000e+00, 
*/mnt/lustre/mathdugre/fast-interpolate/datasets/ds004513/derivatives/flint/antsRegistration/r8-p22/sub-s020/Stage1_level3_Iter0025.nii.gz
2DIAGNOSTIC,    25, -3.659341078695e-01, 1.057982444763e-06, 2.5600e+02, 0.0000e+00, 
*/mnt/lustre/mathdugre/fast-interpolate/datasets/ds004513/derivatives/flint/antsRegistration/r8-p22/sub-s020/Stage1_level3_Iter0026.nii.gz
2DIAGNOSTIC,    26, -3.659335267868e-01, 1.050531864166e-06, 5.1200e+02, 2.5600e+02, 
*/mnt/lustre/mathdugre/fast-interpolate/datasets/ds004513/derivatives/flint/antsRegistration/r8-p22/sub-s020/Stage1_level3_Iter0027.nii.gz
2DIAGNOSTIC,    27, -3.659342007757e-01, 1.072883605957e-06, 5.1200e+02, 0.0000e+00, 
*/mnt/lustre/mathdugre/fast-interpolate/datasets/ds004513/derivatives/flint/antsRegistration/r8-p22/sub-s020/Stage1_level3_Iter0028.nii.gz
2DIAGNOSTIC,    28, -3.659342468611e-01, 1.065433025360e-06, 5.1200e+02, 0.0000e+00, 
*/mnt/lustre/mathdugre/fast-interpolate/datasets/ds004513/derivatives/flint/antsRegistration/r8-p22/sub-s020/Stage1_level3_Iter0029.nii.gz
2DIAGNOSTIC,    29, -3.659342765576e-01, 1.072883605957e-06, 5.1200e+02, 0.0000e+00, 
*/mnt/lustre/mathdugre/fast-interpolate/datasets/ds004513/derivatives/flint/antsRegistration/r8-p22/sub-s020/Stage1_level3_Iter0030.nii.gz
2DIAGNOSTIC,    30, -3.659343069747e-01, 1.043081283569e-06, 5.1200e+02, 0.0000e+00, 
