
##########################
# Experiment information #
##########################

EXPERIMENT_NAME: r8-p21
VFC_BACKENDS: libinterflop_vprec.so --range-binary32=8 --precision-binary32=21 --range-binary64=8 --precision-binary64=21

SIF_IMG: /mnt/lustre/mathdugre/containers/ants-vprec-no_metric.simg

SUBJECT_ID: s032
INPUT_IMG: /mnt/lustre/mathdugre/fast-interpolate/datasets/ds004513/derivatives/flint/antsBrainExtraction/sub-s032/BrainExtractionBrain.nii.gz
OUTPUT_DIR: /mnt/lustre/mathdugre/fast-interpolate/datasets/ds004513/derivatives/flint/antsRegistration/r8-p21/sub-s032

FIXED_IMG: /templateflow/tpl-MNI152NLin2009cAsym/tpl-MNI152NLin2009cAsym_res-01_desc-brain_T1w.nii.gz
DATA_DIR: /mnt/lustre/mathdugre/fast-interpolate/datasets/ds004513
TEMPLATEFLOW_DIR: /home/mathdugre/.cache/templateflow
ITK_GLOBAL_DEFAULT_NUMBER_OF_THREADS: 4
##########################

Info [verificarlo]: loaded backend libinterflop_vprec.so
Info [interflop-vprec]: load backend with: 
Info [interflop-vprec]: precision-binary32 = 21
Info [interflop-vprec]: range-binary32 = 8
Info [interflop-vprec]: precision-binary64 = 21
Info [interflop-vprec]: range-binary64 = 8
Info [interflop-vprec]: mode = ob
Info [interflop-vprec]: error-mode = rel
Info [interflop-vprec]: max-abs-error-exponent = -1022
Info [interflop-vprec]: daz = false
Info [interflop-vprec]: ftz = false
Info [interflop-vprec]: 	instrument = none
Info [interflop-vprec]: 	prec-input-file = (null)
Info [interflop-vprec]: 	prec-output-file = (null)
Info [interflop-vprec]: 	prec-log-file = (null)
All_Command_lines_OK
Using double precision for computations.
=============================================================================
The composite transform comprises the following transforms (in order): 
  1. Center of mass alignment using fixed image: /templateflow/tpl-MNI152NLin2009cAsym/tpl-MNI152NLin2009cAsym_res-01_desc-brain_T1w.nii.gz and moving image: /mnt/lustre/mathdugre/fast-interpolate/datasets/ds004513/derivatives/flint/antsBrainExtraction/sub-s032/BrainExtractionBrain.nii.gz (type = Euler3DTransform)
=============================================================================
  number of levels = 4
  number of levels = 4
  number of levels = 4
  fixed image: /templateflow/tpl-MNI152NLin2009cAsym/tpl-MNI152NLin2009cAsym_res-01_desc-brain_T1w.nii.gz
  moving image: /mnt/lustre/mathdugre/fast-interpolate/datasets/ds004513/derivatives/flint/antsBrainExtraction/sub-s032/BrainExtractionBrain.nii.gz
  fixed image: /templateflow/tpl-MNI152NLin2009cAsym/tpl-MNI152NLin2009cAsym_res-01_desc-brain_T1w.nii.gz
  moving image: /mnt/lustre/mathdugre/fast-interpolate/datasets/ds004513/derivatives/flint/antsBrainExtraction/sub-s032/BrainExtractionBrain.nii.gz
  fixed image: /templateflow/tpl-MNI152NLin2009cAsym/tpl-MNI152NLin2009cAsym_res-01_desc-brain_T1w.nii.gz
  moving image: /mnt/lustre/mathdugre/fast-interpolate/datasets/ds004513/derivatives/flint/antsBrainExtraction/sub-s032/BrainExtractionBrain.nii.gz
Dimension = 3
Number of stages = 3
Use histogram matching = false
Winsorize image intensities = true
  Lower quantile = 0.005
  Upper quantile = 0.995


Stage 1 State
   Image metric = MattesMI
     Fixed image = Image (0x345fb30)
  RTTI typeinfo:   itk::Image<double, 3u>
  Reference Count: 2
  Modified Time: 2385
  Debug: Off
  Object Name: 
  Observers: 
    none
  Source: (none)
  Source output name: (none)
  Release Data: Off
  Data Released: False
  Global Release Data: Off
  PipelineMTime: 0
  UpdateMTime: 1996
  RealTimeStamp: 0 seconds 
  LargestPossibleRegion: 
    Dimension: 3
    Index: [0, 0, 0]
    Size: [193, 229, 193]
  BufferedRegion: 
    Dimension: 3
    Index: [0, 0, 0]
    Size: [193, 229, 193]
  RequestedRegion: 
    Dimension: 3
    Index: [0, 0, 0]
    Size: [193, 229, 193]
  Spacing: [1, 1, 1]
  Origin: [96, 132, -78]
  Direction: 
-1 0 0
0 -1 0
0 0 1

  IndexToPointMatrix: 
-1 0 0
0 -1 0
0 0 1

  PointToIndexMatrix: 
-1 0 0
0 -1 0
0 0 1

  Inverse Direction: 
-1 0 0
0 -1 0
0 0 1

  PixelContainer: 
    ImportImageContainer (0x3464a10)
      RTTI typeinfo:   itk::ImportImageContainer<unsigned long, double>
      Reference Count: 1
      Modified Time: 1993
      Debug: Off
      Object Name: 
      Observers: 
        none
      Pointer: 0x7faf94fd0010
      Container manages memory: true
      Size: 8530021
      Capacity: 8530021

     Moving image = Image (0x345b400)
  RTTI typeinfo:   itk::Image<double, 3u>
  Reference Count: 2
  Modified Time: 2386
  Debug: Off
  Object Name: 
  Observers: 
    none
  Source: (none)
  Source output name: (none)
  Release Data: Off
  Data Released: False
  Global Release Data: Off
  PipelineMTime: 0
  UpdateMTime: 2383
  RealTimeStamp: 0 seconds 
  LargestPossibleRegion: 
    Dimension: 3
    Index: [0, 0, 0]
    Size: [160, 240, 256]
  BufferedRegion: 
    Dimension: 3
    Index: [0, 0, 0]
    Size: [160, 240, 256]
  RequestedRegion: 
    Dimension: 3
    Index: [0, 0, 0]
    Size: [160, 240, 256]
  Spacing: [1, 1, 1]
  Origin: [73.279, 104.707, -131.187]
  Direction: 
-0.997526 0.0645574 -0.0278053
-0.0645323 -0.997914 -0.00179875
-0.0278634 4.01097e-08 0.999612

  IndexToPointMatrix: 
-0.997526 0.0645574 -0.0278053
-0.0645323 -0.997914 -0.00179875
-0.0278634 4.01097e-08 0.999612

  PointToIndexMatrix: 
-0.997528 -0.0645323 -0.0278634
0.0645573 -0.997913 1.19209e-07
-0.0278053 -0.00179881 0.999612

  Inverse Direction: 
-0.997528 -0.0645323 -0.0278634
0.0645573 -0.997913 1.19209e-07
-0.0278053 -0.00179881 0.999612

  PixelContainer: 
    ImportImageContainer (0x362f6d0)
      RTTI typeinfo:   itk::ImportImageContainer<unsigned long, double>
      Reference Count: 1
      Modified Time: 2380
      Debug: Off
      Object Name: 
      Observers: 
        none
      Pointer: 0x7faf904cf010
      Container manages memory: true
      Size: 9830400
      Capacity: 9830400

     Weighting = 1
     Sampling strategy = regular
     Number of bins = 32
     Radius = 4
     Sampling percentage  = 0.25
   Transform = Rigid
     Gradient step = 0.1
     Update field sigma (voxel space) = 0
     Total field sigma (voxel space) = 0
     Update field time sigma = 0
     Total field time sigma  = 0
     Number of time indices = 0
     Number of time point samples = 0
Stage 2 State
   Image metric = MattesMI
     Fixed image = Image (0x347bec0)
  RTTI typeinfo:   itk::Image<double, 3u>
  Reference Count: 2
  Modified Time: 3161
  Debug: Off
  Object Name: 
  Observers: 
    none
  Source: (none)
  Source output name: (none)
  Release Data: Off
  Data Released: False
  Global Release Data: Off
  PipelineMTime: 0
  UpdateMTime: 2772
  RealTimeStamp: 0 seconds 
  LargestPossibleRegion: 
    Dimension: 3
    Index: [0, 0, 0]
    Size: [193, 229, 193]
  BufferedRegion: 
    Dimension: 3
    Index: [0, 0, 0]
    Size: [193, 229, 193]
  RequestedRegion: 
    Dimension: 3
    Index: [0, 0, 0]
    Size: [193, 229, 193]
  Spacing: [1, 1, 1]
  Origin: [96, 132, -78]
  Direction: 
-1 0 0
0 -1 0
0 0 1

  IndexToPointMatrix: 
-1 0 0
0 -1 0
0 0 1

  PointToIndexMatrix: 
-1 0 0
0 -1 0
0 0 1

  Inverse Direction: 
-1 0 0
0 -1 0
0 0 1

  PixelContainer: 
    ImportImageContainer (0x347cc80)
      RTTI typeinfo:   itk::ImportImageContainer<unsigned long, double>
      Reference Count: 1
      Modified Time: 2769
      Debug: Off
      Object Name: 
      Observers: 
        none
      Pointer: 0x7faf8c3ba010
      Container manages memory: true
      Size: 8530021
      Capacity: 8530021

     Moving image = Image (0x3484690)
  RTTI typeinfo:   itk::Image<double, 3u>
  Reference Count: 2
  Modified Time: 3162
  Debug: Off
  Object Name: 
  Observers: 
    none
  Source: (none)
  Source output name: (none)
  Release Data: Off
  Data Released: False
  Global Release Data: Off
  PipelineMTime: 0
  UpdateMTime: 3159
  RealTimeStamp: 0 seconds 
  LargestPossibleRegion: 
    Dimension: 3
    Index: [0, 0, 0]
    Size: [160, 240, 256]
  BufferedRegion: 
    Dimension: 3
    Index: [0, 0, 0]
    Size: [160, 240, 256]
  RequestedRegion: 
    Dimension: 3
    Index: [0, 0, 0]
    Size: [160, 240, 256]
  Spacing: [1, 1, 1]
  Origin: [73.279, 104.707, -131.187]
  Direction: 
-0.997526 0.0645574 -0.0278053
-0.0645323 -0.997914 -0.00179875
-0.0278634 4.01097e-08 0.999612

  IndexToPointMatrix: 
-0.997526 0.0645574 -0.0278053
-0.0645323 -0.997914 -0.00179875
-0.0278634 4.01097e-08 0.999612

  PointToIndexMatrix: 
-0.997528 -0.0645323 -0.0278634
0.0645573 -0.997913 1.19209e-07
-0.0278053 -0.00179881 0.999612

  Inverse Direction: 
-0.997528 -0.0645323 -0.0278634
0.0645573 -0.997913 1.19209e-07
-0.0278053 -0.00179881 0.999612

  PixelContainer: 
    ImportImageContainer (0x360f6d0)
      RTTI typeinfo:   itk::ImportImageContainer<unsigned long, double>
      Reference Count: 1
      Modified Time: 3156
      Debug: Off
      Object Name: 
      Observers: 
        none
      Pointer: 0x7faf878b9010
      Container manages memory: true
      Size: 9830400
      Capacity: 9830400

     Weighting = 1
     Sampling strategy = regular
     Number of bins = 32
     Radius = 4
     Sampling percentage  = 0.25
   Transform = Affine
     Gradient step = 0.1
     Update field sigma (voxel space) = 0
     Total field sigma (voxel space) = 0
     Update field time sigma = 0
     Total field time sigma  = 0
     Number of time indices = 0
     Number of time point samples = 0
Stage 3 State
   Image metric = CC
     Fixed image = Image (0x3484220)
  RTTI typeinfo:   itk::Image<double, 3u>
  Reference Count: 2
  Modified Time: 3937
  Debug: Off
  Object Name: 
  Observers: 
    none
  Source: (none)
  Source output name: (none)
  Release Data: Off
  Data Released: False
  Global Release Data: Off
  PipelineMTime: 0
  UpdateMTime: 3548
  RealTimeStamp: 0 seconds 
  LargestPossibleRegion: 
    Dimension: 3
    Index: [0, 0, 0]
    Size: [193, 229, 193]
  BufferedRegion: 
    Dimension: 3
    Index: [0, 0, 0]
    Size: [193, 229, 193]
  RequestedRegion: 
    Dimension: 3
    Index: [0, 0, 0]
    Size: [193, 229, 193]
  Spacing: [1, 1, 1]
  Origin: [96, 132, -78]
  Direction: 
-1 0 0
0 -1 0
0 0 1

  IndexToPointMatrix: 
-1 0 0
0 -1 0
0 0 1

  PointToIndexMatrix: 
-1 0 0
0 -1 0
0 0 1

  Inverse Direction: 
-1 0 0
0 -1 0
0 0 1

  PixelContainer: 
    ImportImageContainer (0x3483d40)
      RTTI typeinfo:   itk::ImportImageContainer<unsigned long, double>
      Reference Count: 1
      Modified Time: 3545
      Debug: Off
      Object Name: 
      Observers: 
        none
      Pointer: 0x7faf837a4010
      Container manages memory: true
      Size: 8530021
      Capacity: 8530021

     Moving image = Image (0x3479a80)
  RTTI typeinfo:   itk::Image<double, 3u>
  Reference Count: 2
  Modified Time: 3938
  Debug: Off
  Object Name: 
  Observers: 
    none
  Source: (none)
  Source output name: (none)
  Release Data: Off
  Data Released: False
  Global Release Data: Off
  PipelineMTime: 0
  UpdateMTime: 3935
  RealTimeStamp: 0 seconds 
  LargestPossibleRegion: 
    Dimension: 3
    Index: [0, 0, 0]
    Size: [160, 240, 256]
  BufferedRegion: 
    Dimension: 3
    Index: [0, 0, 0]
    Size: [160, 240, 256]
  RequestedRegion: 
    Dimension: 3
    Index: [0, 0, 0]
    Size: [160, 240, 256]
  Spacing: [1, 1, 1]
  Origin: [73.279, 104.707, -131.187]
  Direction: 
-0.997526 0.0645574 -0.0278053
-0.0645323 -0.997914 -0.00179875
-0.0278634 4.01097e-08 0.999612

  IndexToPointMatrix: 
-0.997526 0.0645574 -0.0278053
-0.0645323 -0.997914 -0.00179875
-0.0278634 4.01097e-08 0.999612

  PointToIndexMatrix: 
-0.997528 -0.0645323 -0.0278634
0.0645573 -0.997913 1.19209e-07
-0.0278053 -0.00179881 0.999612

  Inverse Direction: 
-0.997528 -0.0645323 -0.0278634
0.0645573 -0.997913 1.19209e-07
-0.0278053 -0.00179881 0.999612

  PixelContainer: 
    ImportImageContainer (0x364f750)
      RTTI typeinfo:   itk::ImportImageContainer<unsigned long, double>
      Reference Count: 1
      Modified Time: 3932
      Debug: Off
      Object Name: 
      Observers: 
        none
      Pointer: 0x7faf7eca3010
      Container manages memory: true
      Size: 9830400
      Capacity: 9830400

     Weighting = 1
     Sampling strategy = none
     Number of bins = 32
     Radius = 4
     Sampling percentage  = 1
   Transform = SyN
     Gradient step = 0.1
     Update field sigma (voxel space) = 3
     Total field sigma (voxel space) = 0
     Update field time sigma = 0
     Total field time sigma  = 0
     Number of time indices = 0
     Number of time point samples = 0
Registration using 3 total stages.

Stage 0
  iterations = 1000x500x250x100
  convergence threshold = 1e-06
  convergence window size = 10
  number of levels = 4
  using the Mattes MI metric (number of bins = 32, weight = 1, use gradient filter = 0)
  preprocessing:  winsorizing the image intensities
  Shrink factors (level 1 out of 4): [8, 8, 8]
  Shrink factors (level 2 out of 4): [4, 4, 4]
  Shrink factors (level 3 out of 4): [2, 2, 2]
  Shrink factors (level 4 out of 4): [1, 1, 1]
  smoothing sigmas per level: [3, 2, 1, 0]
  regular sampling (percentage = 0.25)

*** Running Euler3DTransform registration ***

DIAGNOSTIC,Iteration,metricValue,convergenceValue,ITERATION_TIME_INDEX,SINCE_LAST
*/mnt/lustre/mathdugre/fast-interpolate/datasets/ds004513/derivatives/flint/antsRegistration/r8-p21/sub-s032/Stage1_level1_Iter0001.nii.gz
2DIAGNOSTIC,     1, -5.529569003139e-01, 1.797693134862e+308, 0.0000e+00, 0.0000e+00, 
*/mnt/lustre/mathdugre/fast-interpolate/datasets/ds004513/derivatives/flint/antsRegistration/r8-p21/sub-s032/Stage1_level1_Iter0002.nii.gz
2DIAGNOSTIC,     2, -5.556016459583e-01, 1.797693134862e+308, 0.0000e+00, 0.0000e+00, 
*/mnt/lustre/mathdugre/fast-interpolate/datasets/ds004513/derivatives/flint/antsRegistration/r8-p21/sub-s032/Stage1_level1_Iter0003.nii.gz
2DIAGNOSTIC,     3, -5.607310096804e-01, 1.797693134862e+308, 0.0000e+00, 0.0000e+00, 
*/mnt/lustre/mathdugre/fast-interpolate/datasets/ds004513/derivatives/flint/antsRegistration/r8-p21/sub-s032/Stage1_level1_Iter0004.nii.gz
2DIAGNOSTIC,     4, -5.669538812455e-01, 1.797693134862e+308, 0.0000e+00, 0.0000e+00, 
*/mnt/lustre/mathdugre/fast-interpolate/datasets/ds004513/derivatives/flint/antsRegistration/r8-p21/sub-s032/Stage1_level1_Iter0005.nii.gz
2DIAGNOSTIC,     5, -5.759312817241e-01, 1.797693134862e+308, 0.0000e+00, 0.0000e+00, 
*/mnt/lustre/mathdugre/fast-interpolate/datasets/ds004513/derivatives/flint/antsRegistration/r8-p21/sub-s032/Stage1_level1_Iter0006.nii.gz
2DIAGNOSTIC,     6, -5.991394794274e-01, 1.797693134862e+308, 0.0000e+00, 0.0000e+00, 
*/mnt/lustre/mathdugre/fast-interpolate/datasets/ds004513/derivatives/flint/antsRegistration/r8-p21/sub-s032/Stage1_level1_Iter0007.nii.gz
2DIAGNOSTIC,     7, -6.175769866365e-01, 1.797693134862e+308, 0.0000e+00, 0.0000e+00, 
*/mnt/lustre/mathdugre/fast-interpolate/datasets/ds004513/derivatives/flint/antsRegistration/r8-p21/sub-s032/Stage1_level1_Iter0008.nii.gz
2DIAGNOSTIC,     8, -6.352081738126e-01, 1.797693134862e+308, 0.0000e+00, 0.0000e+00, 
*/mnt/lustre/mathdugre/fast-interpolate/datasets/ds004513/derivatives/flint/antsRegistration/r8-p21/sub-s032/Stage1_level1_Iter0009.nii.gz
2DIAGNOSTIC,     9, -6.397793221723e-01, 1.797693134862e+308, 0.0000e+00, 0.0000e+00, 
*/mnt/lustre/mathdugre/fast-interpolate/datasets/ds004513/derivatives/flint/antsRegistration/r8-p21/sub-s032/Stage1_level1_Iter0010.nii.gz
2DIAGNOSTIC,    10, -6.479311104397e-01, 1.185867190361e-02, 0.0000e+00, 0.0000e+00, 
*/mnt/lustre/mathdugre/fast-interpolate/datasets/ds004513/derivatives/flint/antsRegistration/r8-p21/sub-s032/Stage1_level1_Iter0011.nii.gz
2DIAGNOSTIC,    11, -6.515331471085e-01, 1.093345880508e-02, 0.0000e+00, 0.0000e+00, 
*/mnt/lustre/mathdugre/fast-interpolate/datasets/ds004513/derivatives/flint/antsRegistration/r8-p21/sub-s032/Stage1_level1_Iter0012.nii.gz
2DIAGNOSTIC,    12, -6.553698252082e-01, 9.437650442123e-03, 0.0000e+00, 0.0000e+00, 
*/mnt/lustre/mathdugre/fast-interpolate/datasets/ds004513/derivatives/flint/antsRegistration/r8-p21/sub-s032/Stage1_level1_Iter0013.nii.gz
2DIAGNOSTIC,    13, -6.580643538642e-01, 7.621139287949e-03, 0.0000e+00, 0.0000e+00, 
*/mnt/lustre/mathdugre/fast-interpolate/datasets/ds004513/derivatives/flint/antsRegistration/r8-p21/sub-s032/Stage1_level1_Iter0014.nii.gz
2DIAGNOSTIC,    14, -6.583880200166e-01, 5.618125200272e-03, 0.0000e+00, 0.0000e+00, 
*/mnt/lustre/mathdugre/fast-interpolate/datasets/ds004513/derivatives/flint/antsRegistration/r8-p21/sub-s032/Stage1_level1_Iter0015.nii.gz
2DIAGNOSTIC,    15, -6.587079730723e-01, 3.669321537018e-03, 0.0000e+00, 0.0000e+00, 
*/mnt/lustre/mathdugre/fast-interpolate/datasets/ds004513/derivatives/flint/antsRegistration/r8-p21/sub-s032/Stage1_level1_Iter0016.nii.gz
2DIAGNOSTIC,    16, -6.590209285979e-01, 2.311974763870e-03, 0.0000e+00, 0.0000e+00, 
*/mnt/lustre/mathdugre/fast-interpolate/datasets/ds004513/derivatives/flint/antsRegistration/r8-p21/sub-s032/Stage1_level1_Iter0017.nii.gz
2DIAGNOSTIC,    17, -6.594492727689e-01, 1.409560441971e-03, 0.0000e+00, 0.0000e+00, 
*/mnt/lustre/mathdugre/fast-interpolate/datasets/ds004513/derivatives/flint/antsRegistration/r8-p21/sub-s032/Stage1_level1_Iter0018.nii.gz
2DIAGNOSTIC,    18, -6.595817822132e-01, 9.330064058304e-04, 0.0000e+00, 0.0000e+00, 
*/mnt/lustre/mathdugre/fast-interpolate/datasets/ds004513/derivatives/flint/antsRegistration/r8-p21/sub-s032/Stage1_level1_Iter0019.nii.gz
2DIAGNOSTIC,    19, -6.596486439367e-01, 5.311667919159e-04, 0.0000e+00, 0.0000e+00, 
*/mnt/lustre/mathdugre/fast-interpolate/datasets/ds004513/derivatives/flint/antsRegistration/r8-p21/sub-s032/Stage1_level1_Iter0020.nii.gz
2DIAGNOSTIC,    20, -6.595728298375e-01, 3.053545951843e-04, 0.0000e+00, 0.0000e+00, 
*/mnt/lustre/mathdugre/fast-interpolate/datasets/ds004513/derivatives/flint/antsRegistration/r8-p21/sub-s032/Stage1_level1_Iter0021.nii.gz
2DIAGNOSTIC,    21, -6.595916400878e-01, 1.503378152847e-04, 0.0000e+00, 0.0000e+00, 
*/mnt/lustre/mathdugre/fast-interpolate/datasets/ds004513/derivatives/flint/antsRegistration/r8-p21/sub-s032/Stage1_level1_Iter0022.nii.gz
2DIAGNOSTIC,    22, -6.596156626536e-01, 7.383525371552e-05, 0.0000e+00, 0.0000e+00, 
*/mnt/lustre/mathdugre/fast-interpolate/datasets/ds004513/derivatives/flint/antsRegistration/r8-p21/sub-s032/Stage1_level1_Iter0023.nii.gz
2DIAGNOSTIC,    23, -6.596614523687e-01, 5.111098289490e-05, 0.0000e+00, 0.0000e+00, 
*/mnt/lustre/mathdugre/fast-interpolate/datasets/ds004513/derivatives/flint/antsRegistration/r8-p21/sub-s032/Stage1_level1_Iter0024.nii.gz
2DIAGNOSTIC,    24, -6.597058256020e-01, 3.261864185333e-05, 0.0000e+00, 0.0000e+00, 
*/mnt/lustre/mathdugre/fast-interpolate/datasets/ds004513/derivatives/flint/antsRegistration/r8-p21/sub-s032/Stage1_level1_Iter0025.nii.gz
2DIAGNOSTIC,    25, -6.609590981875e-01, 4.093348979950e-05, 0.0000e+00, 0.0000e+00, 
*/mnt/lustre/mathdugre/fast-interpolate/datasets/ds004513/derivatives/flint/antsRegistration/r8-p21/sub-s032/Stage1_level1_Iter0026.nii.gz
2DIAGNOSTIC,    26, -6.612419235214e-01, 5.437433719635e-05, 0.0000e+00, 0.0000e+00, 
*/mnt/lustre/mathdugre/fast-interpolate/datasets/ds004513/derivatives/flint/antsRegistration/r8-p21/sub-s032/Stage1_level1_Iter0027.nii.gz
2DIAGNOSTIC,    27, -6.613835981694e-01, 7.130205631256e-05, 0.0000e+00, 0.0000e+00, 
*/mnt/lustre/mathdugre/fast-interpolate/datasets/ds004513/derivatives/flint/antsRegistration/r8-p21/sub-s032/Stage1_level1_Iter0028.nii.gz
2DIAGNOSTIC,    28, -6.612368663881e-01, 8.036196231842e-05, 0.0000e+00, 0.0000e+00, 
*/mnt/lustre/mathdugre/fast-interpolate/datasets/ds004513/derivatives/flint/antsRegistration/r8-p21/sub-s032/Stage1_level1_Iter0029.nii.gz
2DIAGNOSTIC,    29, -6.614623452679e-01, 8.594989776611e-05, 0.0000e+00, 0.0000e+00, 
*/mnt/lustre/mathdugre/fast-interpolate/datasets/ds004513/derivatives/flint/antsRegistration/r8-p21/sub-s032/Stage1_level1_Iter0030.nii.gz
2DIAGNOSTIC,    30, -6.617940557778e-01, 8.651614189148e-05, 0.0000e+00, 0.0000e+00, 
*/mnt/lustre/mathdugre/fast-interpolate/datasets/ds004513/derivatives/flint/antsRegistration/r8-p21/sub-s032/Stage1_level1_Iter0031.nii.gz
2DIAGNOSTIC,    31, -6.625665063070e-01, 9.004771709442e-05, 0.0000e+00, 0.0000e+00, 
*/mnt/lustre/mathdugre/fast-interpolate/datasets/ds004513/derivatives/flint/antsRegistration/r8-p21/sub-s032/Stage1_level1_Iter0032.nii.gz
2DIAGNOSTIC,    32, -6.629311902150e-01, 9.039044380188e-05, 0.0000e+00, 0.0000e+00, 
*/mnt/lustre/mathdugre/fast-interpolate/datasets/ds004513/derivatives/flint/antsRegistration/r8-p21/sub-s032/Stage1_level1_Iter0033.nii.gz
2DIAGNOSTIC,    33, -6.630332601712e-01, 8.453428745270e-05, 0.0000e+00, 0.0000e+00, 
*/mnt/lustre/mathdugre/fast-interpolate/datasets/ds004513/derivatives/flint/antsRegistration/r8-p21/sub-s032/Stage1_level1_Iter0034.nii.gz
2DIAGNOSTIC,    34, -6.629964234840e-01, 7.094442844391e-05, 0.0000e+00, 0.0000e+00, 
*/mnt/lustre/mathdugre/fast-interpolate/datasets/ds004513/derivatives/flint/antsRegistration/r8-p21/sub-s032/Stage1_level1_Iter0035.nii.gz
2DIAGNOSTIC,    35, -6.632257126858e-01, 7.013976573944e-05, 0.0000e+00, 0.0000e+00, 
*/mnt/lustre/mathdugre/fast-interpolate/datasets/ds004513/derivatives/flint/antsRegistration/r8-p21/sub-s032/Stage1_level1_Iter0036.nii.gz
2DIAGNOSTIC,    36, -6.634189227667e-01, 6.838887929916e-05, 0.0000e+00, 0.0000e+00, 
*/mnt/lustre/mathdugre/fast-interpolate/datasets/ds004513/derivatives/flint/antsRegistration/r8-p21/sub-s032/Stage1_level1_Iter0037.nii.gz
2DIAGNOSTIC,    37, -6.635501347852e-01, 6.357580423355e-05, 0.0000e+00, 0.0000e+00, 
*/mnt/lustre/mathdugre/fast-interpolate/datasets/ds004513/derivatives/flint/antsRegistration/r8-p21/sub-s032/Stage1_level1_Iter0038.nii.gz
2DIAGNOSTIC,    38, -6.634064732412e-01, 4.979968070984e-05, 0.0000e+00, 0.0000e+00, 
*/mnt/lustre/mathdugre/fast-interpolate/datasets/ds004513/derivatives/flint/antsRegistration/r8-p21/sub-s032/Stage1_level1_Iter0039.nii.gz
2DIAGNOSTIC,    39, -6.634302173184e-01, 3.505498170853e-05, 0.0000e+00, 0.0000e+00, 
*/mnt/lustre/mathdugre/fast-interpolate/datasets/ds004513/derivatives/flint/antsRegistration/r8-p21/sub-s032/Stage1_level1_Iter0040.nii.gz
2DIAGNOSTIC,    40, -6.635591724641e-01, 2.265721559525e-05, 0.0000e+00, 0.0000e+00, 
*/mnt/lustre/mathdugre/fast-interpolate/datasets/ds004513/derivatives/flint/antsRegistration/r8-p21/sub-s032/Stage1_level1_Iter0041.nii.gz
2DIAGNOSTIC,    41, -6.636039867029e-01, 1.739710569382e-05, 0.0000e+00, 0.0000e+00, 
*/mnt/lustre/mathdugre/fast-interpolate/datasets/ds004513/derivatives/flint/antsRegistration/r8-p21/sub-s032/Stage1_level1_Iter0042.nii.gz
2DIAGNOSTIC,    42, -6.637845291497e-01, 1.648068428040e-05, 0.0000e+00, 0.0000e+00, 
*/mnt/lustre/mathdugre/fast-interpolate/datasets/ds004513/derivatives/flint/antsRegistration/r8-p21/sub-s032/Stage1_level1_Iter0043.nii.gz
2DIAGNOSTIC,    43, -6.638913352344e-01, 1.633912324905e-05, 0.0000e+00, 0.0000e+00, 
*/mnt/lustre/mathdugre/fast-interpolate/datasets/ds004513/derivatives/flint/antsRegistration/r8-p21/sub-s032/Stage1_level1_Iter0044.nii.gz
2DIAGNOSTIC,    44, -6.638225055367e-01, 1.361221075058e-05, 0.0000e+00, 0.0000e+00, 
*/mnt/lustre/mathdugre/fast-interpolate/datasets/ds004513/derivatives/flint/antsRegistration/r8-p21/sub-s032/Stage1_level1_Iter0045.nii.gz
2DIAGNOSTIC,    45, -6.638143121595e-01, 1.190602779388e-05, 0.0000e+00, 0.0000e+00, 
*/mnt/lustre/mathdugre/fast-interpolate/datasets/ds004513/derivatives/flint/antsRegistration/r8-p21/sub-s032/Stage1_level1_Iter0046.nii.gz
2DIAGNOSTIC,    46, -6.638672822515e-01, 1.152604818344e-05, 0.0000e+00, 0.0000e+00, 
*/mnt/lustre/mathdugre/fast-interpolate/datasets/ds004513/derivatives/flint/antsRegistration/r8-p21/sub-s032/Stage1_level1_Iter0047.nii.gz
2DIAGNOSTIC,    47, -6.640226583662e-01, 1.281499862671e-05, 0.0000e+00, 0.0000e+00, 
*/mnt/lustre/mathdugre/fast-interpolate/datasets/ds004513/derivatives/flint/antsRegistration/r8-p21/sub-s032/Stage1_level1_Iter0048.nii.gz
2DIAGNOSTIC,    48, -6.648616346927e-01, 1.918524503708e-05, 0.0000e+00, 0.0000e+00, 
*/mnt/lustre/mathdugre/fast-interpolate/datasets/ds004513/derivatives/flint/antsRegistration/r8-p21/sub-s032/Stage1_level1_Iter0049.nii.gz
2DIAGNOSTIC,    49, -6.657622610719e-01, 3.159046173096e-05, 0.0000e+00, 0.0000e+00, 
*/mnt/lustre/mathdugre/fast-interpolate/datasets/ds004513/derivatives/flint/antsRegistration/r8-p21/sub-s032/Stage1_level1_Iter0050.nii.gz
2DIAGNOSTIC,    50, -6.662371686151e-01, 4.576146602631e-05, 0.0000e+00, 0.0000e+00, 
*/mnt/lustre/mathdugre/fast-interpolate/datasets/ds004513/derivatives/flint/antsRegistration/r8-p21/sub-s032/Stage1_level1_Iter0051.nii.gz
2DIAGNOSTIC,    51, -6.670326484895e-01, 6.227940320969e-05, 0.0000e+00, 0.0000e+00, 
*/mnt/lustre/mathdugre/fast-interpolate/datasets/ds004513/derivatives/flint/antsRegistration/r8-p21/sub-s032/Stage1_level1_Iter0052.nii.gz
2DIAGNOSTIC,    52, -6.669762216278e-01, 7.315725088120e-05, 0.0000e+00, 0.0000e+00, 
*/mnt/lustre/mathdugre/fast-interpolate/datasets/ds004513/derivatives/flint/antsRegistration/r8-p21/sub-s032/Stage1_level1_Iter0053.nii.gz
2DIAGNOSTIC,    53, -6.669549064504e-01, 7.740408182144e-05, 0.0000e+00, 0.0000e+00, 
*/mnt/lustre/mathdugre/fast-interpolate/datasets/ds004513/derivatives/flint/antsRegistration/r8-p21/sub-s032/Stage1_level1_Iter0054.nii.gz
2DIAGNOSTIC,    54, -6.669295865545e-01, 7.335841655731e-05, 0.0000e+00, 0.0000e+00, 
*/mnt/lustre/mathdugre/fast-interpolate/datasets/ds004513/derivatives/flint/antsRegistration/r8-p21/sub-s032/Stage1_level1_Iter0055.nii.gz
2DIAGNOSTIC,    55, -6.673648301006e-01, 6.581842899323e-05, 0.0000e+00, 0.0000e+00, 
*/mnt/lustre/mathdugre/fast-interpolate/datasets/ds004513/derivatives/flint/antsRegistration/r8-p21/sub-s032/Stage1_level1_Iter0056.nii.gz
2DIAGNOSTIC,    56, -6.676724947997e-01, 5.506724119186e-05, 0.0000e+00, 0.0000e+00, 
*/mnt/lustre/mathdugre/fast-interpolate/datasets/ds004513/derivatives/flint/antsRegistration/r8-p21/sub-s032/Stage1_level1_Iter0057.nii.gz
2DIAGNOSTIC,    57, -6.674647578131e-01, 3.898143768311e-05, 0.0000e+00, 0.0000e+00, 
*/mnt/lustre/mathdugre/fast-interpolate/datasets/ds004513/derivatives/flint/antsRegistration/r8-p21/sub-s032/Stage1_level1_Iter0058.nii.gz
2DIAGNOSTIC,    58, -6.674640035262e-01, 2.615898847580e-05, 0.0000e+00, 0.0000e+00, 
*/mnt/lustre/mathdugre/fast-interpolate/datasets/ds004513/derivatives/flint/antsRegistration/r8-p21/sub-s032/Stage1_level1_Iter0059.nii.gz
2DIAGNOSTIC,    59, -6.674755063312e-01, 1.804530620575e-05, 0.0000e+00, 0.0000e+00, 
*/mnt/lustre/mathdugre/fast-interpolate/datasets/ds004513/derivatives/flint/antsRegistration/r8-p21/sub-s032/Stage1_level1_Iter0060.nii.gz
2DIAGNOSTIC,    60, -6.674002952293e-01, 1.116842031479e-05, 0.0000e+00, 0.0000e+00, 
*/mnt/lustre/mathdugre/fast-interpolate/datasets/ds004513/derivatives/flint/antsRegistration/r8-p21/sub-s032/Stage1_level1_Iter0061.nii.gz
2DIAGNOSTIC,    61, -6.674246131365e-01, 9.343028068542e-06, 0.0000e+00, 0.0000e+00, 
*/mnt/lustre/mathdugre/fast-interpolate/datasets/ds004513/derivatives/flint/antsRegistration/r8-p21/sub-s032/Stage1_level1_Iter0062.nii.gz
2DIAGNOSTIC,    62, -6.674539065051e-01, 6.601214408875e-06, 0.0000e+00, 0.0000e+00, 
*/mnt/lustre/mathdugre/fast-interpolate/datasets/ds004513/derivatives/flint/antsRegistration/r8-p21/sub-s032/Stage1_level1_Iter0063.nii.gz
2DIAGNOSTIC,    63, -6.674878550967e-01, 3.524124622345e-06, 0.0000e+00, 0.0000e+00, 
DIAGNOSTIC,Iteration,metricValue,convergenceValue,ITERATION_TIME_INDEX,SINCE_LAST
*/mnt/lustre/mathdugre/fast-interpolate/datasets/ds004513/derivatives/flint/antsRegistration/r8-p21/sub-s032/Stage1_level2_Iter0001.nii.gz
2DIAGNOSTIC,     1, -5.285810998131e-01, 1.797693134862e+308, 0.0000e+00, 0.0000e+00, 
*/mnt/lustre/mathdugre/fast-interpolate/datasets/ds004513/derivatives/flint/antsRegistration/r8-p21/sub-s032/Stage1_level2_Iter0002.nii.gz
2DIAGNOSTIC,     2, -5.289992601492e-01, 1.797693134862e+308, 0.0000e+00, 0.0000e+00, 
*/mnt/lustre/mathdugre/fast-interpolate/datasets/ds004513/derivatives/flint/antsRegistration/r8-p21/sub-s032/Stage1_level2_Iter0003.nii.gz
2DIAGNOSTIC,     3, -5.295479316493e-01, 1.797693134862e+308, 0.0000e+00, 0.0000e+00, 
*/mnt/lustre/mathdugre/fast-interpolate/datasets/ds004513/derivatives/flint/antsRegistration/r8-p21/sub-s032/Stage1_level2_Iter0004.nii.gz
2DIAGNOSTIC,     4, -5.301429085257e-01, 1.797693134862e+308, 0.0000e+00, 0.0000e+00, 
*/mnt/lustre/mathdugre/fast-interpolate/datasets/ds004513/derivatives/flint/antsRegistration/r8-p21/sub-s032/Stage1_level2_Iter0005.nii.gz
2DIAGNOSTIC,     5, -5.303780951974e-01, 1.797693134862e+308, 0.0000e+00, 0.0000e+00, 
*/mnt/lustre/mathdugre/fast-interpolate/datasets/ds004513/derivatives/flint/antsRegistration/r8-p21/sub-s032/Stage1_level2_Iter0006.nii.gz
2DIAGNOSTIC,     6, -5.304686887368e-01, 1.797693134862e+308, 0.0000e+00, 0.0000e+00, 
*/mnt/lustre/mathdugre/fast-interpolate/datasets/ds004513/derivatives/flint/antsRegistration/r8-p21/sub-s032/Stage1_level2_Iter0007.nii.gz
2DIAGNOSTIC,     7, -5.306004638184e-01, 1.797693134862e+308, 0.0000e+00, 0.0000e+00, 
*/mnt/lustre/mathdugre/fast-interpolate/datasets/ds004513/derivatives/flint/antsRegistration/r8-p21/sub-s032/Stage1_level2_Iter0008.nii.gz
2DIAGNOSTIC,     8, -5.310888774243e-01, 1.797693134862e+308, 0.0000e+00, 0.0000e+00, 
*/mnt/lustre/mathdugre/fast-interpolate/datasets/ds004513/derivatives/flint/antsRegistration/r8-p21/sub-s032/Stage1_level2_Iter0009.nii.gz
2DIAGNOSTIC,     9, -5.311243326045e-01, 1.797693134862e+308, 0.0000e+00, 0.0000e+00, 
*/mnt/lustre/mathdugre/fast-interpolate/datasets/ds004513/derivatives/flint/antsRegistration/r8-p21/sub-s032/Stage1_level2_Iter0010.nii.gz
2DIAGNOSTIC,    10, -5.311624558378e-01, 3.113448619843e-04, 0.0000e+00, 0.0000e+00, 
*/mnt/lustre/mathdugre/fast-interpolate/datasets/ds004513/derivatives/flint/antsRegistration/r8-p21/sub-s032/Stage1_level2_Iter0011.nii.gz
2DIAGNOSTIC,    11, -5.312298520944e-01, 2.310872077942e-04, 0.0000e+00, 0.0000e+00, 
*/mnt/lustre/mathdugre/fast-interpolate/datasets/ds004513/derivatives/flint/antsRegistration/r8-p21/sub-s032/Stage1_level2_Iter0012.nii.gz
2DIAGNOSTIC,    12, -5.312722470954e-01, 1.639127731323e-04, 0.0000e+00, 0.0000e+00, 
*/mnt/lustre/mathdugre/fast-interpolate/datasets/ds004513/derivatives/flint/antsRegistration/r8-p21/sub-s032/Stage1_level2_Iter0013.nii.gz
2DIAGNOSTIC,    13, -5.313936161204e-01, 1.192688941956e-04, 0.0000e+00, 0.0000e+00, 
*/mnt/lustre/mathdugre/fast-interpolate/datasets/ds004513/derivatives/flint/antsRegistration/r8-p21/sub-s032/Stage1_level2_Iter0014.nii.gz
2DIAGNOSTIC,    14, -5.323807353944e-01, 1.306235790253e-04, 0.0000e+00, 0.0000e+00, 
*/mnt/lustre/mathdugre/fast-interpolate/datasets/ds004513/derivatives/flint/antsRegistration/r8-p21/sub-s032/Stage1_level2_Iter0015.nii.gz
2DIAGNOSTIC,    15, -5.326951234341e-01, 1.476109027863e-04, 0.0000e+00, 0.0000e+00, 
*/mnt/lustre/mathdugre/fast-interpolate/datasets/ds004513/derivatives/flint/antsRegistration/r8-p21/sub-s032/Stage1_level2_Iter0016.nii.gz
2DIAGNOSTIC,    16, -5.329371021908e-01, 1.604855060577e-04, 0.0000e+00, 0.0000e+00, 
*/mnt/lustre/mathdugre/fast-interpolate/datasets/ds004513/derivatives/flint/antsRegistration/r8-p21/sub-s032/Stage1_level2_Iter0017.nii.gz
2DIAGNOSTIC,    17, -5.333029838896e-01, 1.728534698486e-04, 0.0000e+00, 0.0000e+00, 
*/mnt/lustre/mathdugre/fast-interpolate/datasets/ds004513/derivatives/flint/antsRegistration/r8-p21/sub-s032/Stage1_level2_Iter0018.nii.gz
2DIAGNOSTIC,    18, -5.338210445474e-01, 1.977086067200e-04, 0.0000e+00, 0.0000e+00, 
*/mnt/lustre/mathdugre/fast-interpolate/datasets/ds004513/derivatives/flint/antsRegistration/r8-p21/sub-s032/Stage1_level2_Iter0019.nii.gz
2DIAGNOSTIC,    19, -5.340081123698e-01, 2.073794603348e-04, 0.0000e+00, 0.0000e+00, 
*/mnt/lustre/mathdugre/fast-interpolate/datasets/ds004513/derivatives/flint/antsRegistration/r8-p21/sub-s032/Stage1_level2_Iter0020.nii.gz
2DIAGNOSTIC,    20, -5.360709428135e-01, 2.530366182327e-04, 0.0000e+00, 0.0000e+00, 
*/mnt/lustre/mathdugre/fast-interpolate/datasets/ds004513/derivatives/flint/antsRegistration/r8-p21/sub-s032/Stage1_level2_Iter0021.nii.gz
2DIAGNOSTIC,    21, -5.388147287676e-01, 3.413856029510e-04, 0.0000e+00, 0.0000e+00, 
*/mnt/lustre/mathdugre/fast-interpolate/datasets/ds004513/derivatives/flint/antsRegistration/r8-p21/sub-s032/Stage1_level2_Iter0022.nii.gz
2DIAGNOSTIC,    22, -5.411214308314e-01, 4.456639289856e-04, 0.0000e+00, 0.0000e+00, 
*/mnt/lustre/mathdugre/fast-interpolate/datasets/ds004513/derivatives/flint/antsRegistration/r8-p21/sub-s032/Stage1_level2_Iter0023.nii.gz
2DIAGNOSTIC,    23, -5.418506745141e-01, 5.181878805161e-04, 0.0000e+00, 0.0000e+00, 
*/mnt/lustre/mathdugre/fast-interpolate/datasets/ds004513/derivatives/flint/antsRegistration/r8-p21/sub-s032/Stage1_level2_Iter0024.nii.gz
2DIAGNOSTIC,    24, -5.426835565820e-01, 5.774646997452e-04, 0.0000e+00, 0.0000e+00, 
*/mnt/lustre/mathdugre/fast-interpolate/datasets/ds004513/derivatives/flint/antsRegistration/r8-p21/sub-s032/Stage1_level2_Iter0025.nii.gz
2DIAGNOSTIC,    25, -5.429850672180e-01, 5.905330181122e-04, 0.0000e+00, 0.0000e+00, 
*/mnt/lustre/mathdugre/fast-interpolate/datasets/ds004513/derivatives/flint/antsRegistration/r8-p21/sub-s032/Stage1_level2_Iter0026.nii.gz
2DIAGNOSTIC,    26, -5.437174633737e-01, 5.660802125931e-04, 0.0000e+00, 0.0000e+00, 
*/mnt/lustre/mathdugre/fast-interpolate/datasets/ds004513/derivatives/flint/antsRegistration/r8-p21/sub-s032/Stage1_level2_Iter0027.nii.gz
2DIAGNOSTIC,    27, -5.449359109032e-01, 5.208104848862e-04, 0.0000e+00, 0.0000e+00, 
*/mnt/lustre/mathdugre/fast-interpolate/datasets/ds004513/derivatives/flint/antsRegistration/r8-p21/sub-s032/Stage1_level2_Iter0028.nii.gz
2DIAGNOSTIC,    28, -5.455193326197e-01, 4.511177539825e-04, 0.0000e+00, 0.0000e+00, 
*/mnt/lustre/mathdugre/fast-interpolate/datasets/ds004513/derivatives/flint/antsRegistration/r8-p21/sub-s032/Stage1_level2_Iter0029.nii.gz
2DIAGNOSTIC,    29, -5.466810452595e-01, 3.686100244522e-04, 0.0000e+00, 0.0000e+00, 
*/mnt/lustre/mathdugre/fast-interpolate/datasets/ds004513/derivatives/flint/antsRegistration/r8-p21/sub-s032/Stage1_level2_Iter0030.nii.gz
2DIAGNOSTIC,    30, -5.474800325402e-01, 3.065466880798e-04, 0.0000e+00, 0.0000e+00, 
*/mnt/lustre/mathdugre/fast-interpolate/datasets/ds004513/derivatives/flint/antsRegistration/r8-p21/sub-s032/Stage1_level2_Iter0031.nii.gz
2DIAGNOSTIC,    31, -5.478633297979e-01, 2.721697092056e-04, 0.0000e+00, 0.0000e+00, 
*/mnt/lustre/mathdugre/fast-interpolate/datasets/ds004513/derivatives/flint/antsRegistration/r8-p21/sub-s032/Stage1_level2_Iter0032.nii.gz
2DIAGNOSTIC,    32, -5.494947803703e-01, 2.792477607727e-04, 0.0000e+00, 0.0000e+00, 
*/mnt/lustre/mathdugre/fast-interpolate/datasets/ds004513/derivatives/flint/antsRegistration/r8-p21/sub-s032/Stage1_level2_Iter0033.nii.gz
2DIAGNOSTIC,    33, -5.523254812851e-01, 3.157109022141e-04, 0.0000e+00, 0.0000e+00, 
*/mnt/lustre/mathdugre/fast-interpolate/datasets/ds004513/derivatives/flint/antsRegistration/r8-p21/sub-s032/Stage1_level2_Iter0034.nii.gz
2DIAGNOSTIC,    34, -5.528356271001e-01, 3.400295972824e-04, 0.0000e+00, 0.0000e+00, 
*/mnt/lustre/mathdugre/fast-interpolate/datasets/ds004513/derivatives/flint/antsRegistration/r8-p21/sub-s032/Stage1_level2_Iter0035.nii.gz
2DIAGNOSTIC,    35, -5.531967477876e-01, 3.412067890167e-04, 0.0000e+00, 0.0000e+00, 
*/mnt/lustre/mathdugre/fast-interpolate/datasets/ds004513/derivatives/flint/antsRegistration/r8-p21/sub-s032/Stage1_level2_Iter0036.nii.gz
2DIAGNOSTIC,    36, -5.535822228246e-01, 3.266185522079e-04, 0.0000e+00, 0.0000e+00, 
*/mnt/lustre/mathdugre/fast-interpolate/datasets/ds004513/derivatives/flint/antsRegistration/r8-p21/sub-s032/Stage1_level2_Iter0037.nii.gz
2DIAGNOSTIC,    37, -5.546968188744e-01, 3.147199749947e-04, 0.0000e+00, 0.0000e+00, 
*/mnt/lustre/mathdugre/fast-interpolate/datasets/ds004513/derivatives/flint/antsRegistration/r8-p21/sub-s032/Stage1_level2_Iter0038.nii.gz
2DIAGNOSTIC,    38, -5.606504598066e-01, 3.628805279732e-04, 0.0000e+00, 0.0000e+00, 
*/mnt/lustre/mathdugre/fast-interpolate/datasets/ds004513/derivatives/flint/antsRegistration/r8-p21/sub-s032/Stage1_level2_Iter0039.nii.gz
2DIAGNOSTIC,    39, -5.660878925099e-01, 4.607588052750e-04, 0.0000e+00, 0.0000e+00, 
*/mnt/lustre/mathdugre/fast-interpolate/datasets/ds004513/derivatives/flint/antsRegistration/r8-p21/sub-s032/Stage1_level2_Iter0040.nii.gz
2DIAGNOSTIC,    40, -5.665292097404e-01, 5.257353186607e-04, 0.0000e+00, 0.0000e+00, 
*/mnt/lustre/mathdugre/fast-interpolate/datasets/ds004513/derivatives/flint/antsRegistration/r8-p21/sub-s032/Stage1_level2_Iter0041.nii.gz
2DIAGNOSTIC,    41, -5.668448637396e-01, 5.480200052261e-04, 0.0000e+00, 0.0000e+00, 
*/mnt/lustre/mathdugre/fast-interpolate/datasets/ds004513/derivatives/flint/antsRegistration/r8-p21/sub-s032/Stage1_level2_Iter0042.nii.gz
2DIAGNOSTIC,    42, -5.671620394227e-01, 5.409941077232e-04, 0.0000e+00, 0.0000e+00, 
*/mnt/lustre/mathdugre/fast-interpolate/datasets/ds004513/derivatives/flint/antsRegistration/r8-p21/sub-s032/Stage1_level2_Iter0043.nii.gz
2DIAGNOSTIC,    43, -5.675262950433e-01, 5.201175808907e-04, 0.0000e+00, 0.0000e+00, 
*/mnt/lustre/mathdugre/fast-interpolate/datasets/ds004513/derivatives/flint/antsRegistration/r8-p21/sub-s032/Stage1_level2_Iter0044.nii.gz
2DIAGNOSTIC,    44, -5.675003530566e-01, 4.551708698273e-04, 0.0000e+00, 0.0000e+00, 
*/mnt/lustre/mathdugre/fast-interpolate/datasets/ds004513/derivatives/flint/antsRegistration/r8-p21/sub-s032/Stage1_level2_Iter0045.nii.gz
2DIAGNOSTIC,    45, -5.676337260261e-01, 3.564879298210e-04, 0.0000e+00, 0.0000e+00, 
*/mnt/lustre/mathdugre/fast-interpolate/datasets/ds004513/derivatives/flint/antsRegistration/r8-p21/sub-s032/Stage1_level2_Iter0046.nii.gz
2DIAGNOSTIC,    46, -5.677468073106e-01, 2.353191375732e-04, 0.0000e+00, 0.0000e+00, 
*/mnt/lustre/mathdugre/fast-interpolate/datasets/ds004513/derivatives/flint/antsRegistration/r8-p21/sub-s032/Stage1_level2_Iter0047.nii.gz
2DIAGNOSTIC,    47, -5.677990842705e-01, 1.088380813599e-04, 0.0000e+00, 0.0000e+00, 
*/mnt/lustre/mathdugre/fast-interpolate/datasets/ds004513/derivatives/flint/antsRegistration/r8-p21/sub-s032/Stage1_level2_Iter0048.nii.gz
2DIAGNOSTIC,    48, -5.676922905072e-01, 3.939867019653e-05, 0.0000e+00, 0.0000e+00, 
*/mnt/lustre/mathdugre/fast-interpolate/datasets/ds004513/derivatives/flint/antsRegistration/r8-p21/sub-s032/Stage1_level2_Iter0049.nii.gz
2DIAGNOSTIC,    49, -5.677724108118e-01, 2.784281969070e-05, 0.0000e+00, 0.0000e+00, 
*/mnt/lustre/mathdugre/fast-interpolate/datasets/ds004513/derivatives/flint/antsRegistration/r8-p21/sub-s032/Stage1_level2_Iter0050.nii.gz
2DIAGNOSTIC,    50, -5.678080476202e-01, 1.911073923111e-05, 0.0000e+00, 0.0000e+00, 
*/mnt/lustre/mathdugre/fast-interpolate/datasets/ds004513/derivatives/flint/antsRegistration/r8-p21/sub-s032/Stage1_level2_Iter0051.nii.gz
2DIAGNOSTIC,    51, -5.678363481518e-01, 1.233071088791e-05, 0.0000e+00, 0.0000e+00, 
*/mnt/lustre/mathdugre/fast-interpolate/datasets/ds004513/derivatives/flint/antsRegistration/r8-p21/sub-s032/Stage1_level2_Iter0052.nii.gz
2DIAGNOSTIC,    52, -5.678293372465e-01, 7.756054401398e-06, 0.0000e+00, 0.0000e+00, 
*/mnt/lustre/mathdugre/fast-interpolate/datasets/ds004513/derivatives/flint/antsRegistration/r8-p21/sub-s032/Stage1_level2_Iter0053.nii.gz
2DIAGNOSTIC,    53, -5.678014939655e-01, 6.034970283508e-06, 0.0000e+00, 0.0000e+00, 
*/mnt/lustre/mathdugre/fast-interpolate/datasets/ds004513/derivatives/flint/antsRegistration/r8-p21/sub-s032/Stage1_level2_Iter0054.nii.gz
2DIAGNOSTIC,    54, -5.678115525123e-01, 3.688037395477e-06, 0.0000e+00, 0.0000e+00, 
*/mnt/lustre/mathdugre/fast-interpolate/datasets/ds004513/derivatives/flint/antsRegistration/r8-p21/sub-s032/Stage1_level2_Iter0055.nii.gz
2DIAGNOSTIC,    55, -5.678063151923e-01, 2.279877662659e-06, 0.0000e+00, 0.0000e+00, 
*/mnt/lustre/mathdugre/fast-interpolate/datasets/ds004513/derivatives/flint/antsRegistration/r8-p21/sub-s032/Stage1_level2_Iter0056.nii.gz
