
##########################
# Experiment information #
##########################

EXPERIMENT_NAME: r8-p22
VFC_BACKENDS: libinterflop_vprec.so --range-binary32=8 --precision-binary32=22 --range-binary64=8 --precision-binary64=22

SIF_IMG: /mnt/lustre/mathdugre/containers/ants-vprec-no_metric.simg

SUBJECT_ID: s037
INPUT_IMG: /mnt/lustre/mathdugre/fast-interpolate/datasets/ds004513/derivatives/flint/antsBrainExtraction/sub-s037/BrainExtractionBrain.nii.gz
OUTPUT_DIR: /mnt/lustre/mathdugre/fast-interpolate/datasets/ds004513/derivatives/flint/antsRegistration/r8-p22/sub-s037

FIXED_IMG: /templateflow/tpl-MNI152NLin2009cAsym/tpl-MNI152NLin2009cAsym_res-01_desc-brain_T1w.nii.gz
DATA_DIR: /mnt/lustre/mathdugre/fast-interpolate/datasets/ds004513
TEMPLATEFLOW_DIR: /home/mathdugre/.cache/templateflow
ITK_GLOBAL_DEFAULT_NUMBER_OF_THREADS: 4
##########################

Info [verificarlo]: loaded backend libinterflop_vprec.so
Info [interflop-vprec]: load backend with: 
Info [interflop-vprec]: precision-binary32 = 22
Info [interflop-vprec]: range-binary32 = 8
Info [interflop-vprec]: precision-binary64 = 22
Info [interflop-vprec]: range-binary64 = 8
Info [interflop-vprec]: mode = ob
Info [interflop-vprec]: error-mode = rel
Info [interflop-vprec]: max-abs-error-exponent = -1022
Info [interflop-vprec]: daz = false
Info [interflop-vprec]: ftz = false
Info [interflop-vprec]: 	instrument = none
Info [interflop-vprec]: 	prec-input-file = (null)
Info [interflop-vprec]: 	prec-output-file = (null)
Info [interflop-vprec]: 	prec-log-file = (null)
All_Command_lines_OK
Using double precision for computations.
=============================================================================
The composite transform comprises the following transforms (in order): 
  1. Center of mass alignment using fixed image: /templateflow/tpl-MNI152NLin2009cAsym/tpl-MNI152NLin2009cAsym_res-01_desc-brain_T1w.nii.gz and moving image: /mnt/lustre/mathdugre/fast-interpolate/datasets/ds004513/derivatives/flint/antsBrainExtraction/sub-s037/BrainExtractionBrain.nii.gz (type = Euler3DTransform)
=============================================================================
  number of levels = 4
  number of levels = 4
  number of levels = 4
  fixed image: /templateflow/tpl-MNI152NLin2009cAsym/tpl-MNI152NLin2009cAsym_res-01_desc-brain_T1w.nii.gz
  moving image: /mnt/lustre/mathdugre/fast-interpolate/datasets/ds004513/derivatives/flint/antsBrainExtraction/sub-s037/BrainExtractionBrain.nii.gz
  fixed image: /templateflow/tpl-MNI152NLin2009cAsym/tpl-MNI152NLin2009cAsym_res-01_desc-brain_T1w.nii.gz
  moving image: /mnt/lustre/mathdugre/fast-interpolate/datasets/ds004513/derivatives/flint/antsBrainExtraction/sub-s037/BrainExtractionBrain.nii.gz
  fixed image: /templateflow/tpl-MNI152NLin2009cAsym/tpl-MNI152NLin2009cAsym_res-01_desc-brain_T1w.nii.gz
  moving image: /mnt/lustre/mathdugre/fast-interpolate/datasets/ds004513/derivatives/flint/antsBrainExtraction/sub-s037/BrainExtractionBrain.nii.gz
Dimension = 3
Number of stages = 3
Use histogram matching = false
Winsorize image intensities = true
  Lower quantile = 0.005
  Upper quantile = 0.995


Stage 1 State
   Image metric = MattesMI
     Fixed image = Image (0x364eb30)
  RTTI typeinfo:   itk::Image<double, 3u>
  Reference Count: 2
  Modified Time: 2385
  Debug: Off
  Object Name: 
  Observers: 
    none
  Source: (none)
  Source output name: (none)
  Release Data: Off
  Data Released: False
  Global Release Data: Off
  PipelineMTime: 0
  UpdateMTime: 1996
  RealTimeStamp: 0 seconds 
  LargestPossibleRegion: 
    Dimension: 3
    Index: [0, 0, 0]
    Size: [193, 229, 193]
  BufferedRegion: 
    Dimension: 3
    Index: [0, 0, 0]
    Size: [193, 229, 193]
  RequestedRegion: 
    Dimension: 3
    Index: [0, 0, 0]
    Size: [193, 229, 193]
  Spacing: [1, 1, 1]
  Origin: [96, 132, -78]
  Direction: 
-1 0 0
0 -1 0
0 0 1

  IndexToPointMatrix: 
-1 0 0
0 -1 0
0 0 1

  PointToIndexMatrix: 
-1 0 0
0 -1 0
0 0 1

  Inverse Direction: 
-1 0 0
0 -1 0
0 0 1

  PixelContainer: 
    ImportImageContainer (0x3653a10)
      RTTI typeinfo:   itk::ImportImageContainer<unsigned long, double>
      Reference Count: 1
      Modified Time: 1993
      Debug: Off
      Object Name: 
      Observers: 
        none
      Pointer: 0x7fcd8de27010
      Container manages memory: true
      Size: 8530021
      Capacity: 8530021

     Moving image = Image (0x364a400)
  RTTI typeinfo:   itk::Image<double, 3u>
  Reference Count: 2
  Modified Time: 2386
  Debug: Off
  Object Name: 
  Observers: 
    none
  Source: (none)
  Source output name: (none)
  Release Data: Off
  Data Released: False
  Global Release Data: Off
  PipelineMTime: 0
  UpdateMTime: 2383
  RealTimeStamp: 0 seconds 
  LargestPossibleRegion: 
    Dimension: 3
    Index: [0, 0, 0]
    Size: [160, 240, 256]
  BufferedRegion: 
    Dimension: 3
    Index: [0, 0, 0]
    Size: [160, 240, 256]
  RequestedRegion: 
    Dimension: 3
    Index: [0, 0, 0]
    Size: [160, 240, 256]
  Spacing: [1, 1, 1]
  Origin: [87.9508, 102.562, -147.639]
  Direction: 
-0.998659 -0.043612 -0.0279129
0.043595 -0.999048 0.00121847
-0.0279395 -2.65543e-08 0.99961

  IndexToPointMatrix: 
-0.998659 -0.043612 -0.0279129
0.043595 -0.999048 0.00121847
-0.0279395 -2.65543e-08 0.99961

  PointToIndexMatrix: 
-0.998659 0.043595 -0.0279395
-0.0436121 -0.999049 9.67412e-08
-0.0279129 0.00121848 0.99961

  Inverse Direction: 
-0.998659 0.043595 -0.0279395
-0.0436121 -0.999049 9.67412e-08
-0.0279129 0.00121848 0.99961

  PixelContainer: 
    ImportImageContainer (0x381e6d0)
      RTTI typeinfo:   itk::ImportImageContainer<unsigned long, double>
      Reference Count: 1
      Modified Time: 2380
      Debug: Off
      Object Name: 
      Observers: 
        none
      Pointer: 0x7fcd89326010
      Container manages memory: true
      Size: 9830400
      Capacity: 9830400

     Weighting = 1
     Sampling strategy = regular
     Number of bins = 32
     Radius = 4
     Sampling percentage  = 0.25
   Transform = Rigid
     Gradient step = 0.1
     Update field sigma (voxel space) = 0
     Total field sigma (voxel space) = 0
     Update field time sigma = 0
     Total field time sigma  = 0
     Number of time indices = 0
     Number of time point samples = 0
Stage 2 State
   Image metric = MattesMI
     Fixed image = Image (0x366aec0)
  RTTI typeinfo:   itk::Image<double, 3u>
  Reference Count: 2
  Modified Time: 3161
  Debug: Off
  Object Name: 
  Observers: 
    none
  Source: (none)
  Source output name: (none)
  Release Data: Off
  Data Released: False
  Global Release Data: Off
  PipelineMTime: 0
  UpdateMTime: 2772
  RealTimeStamp: 0 seconds 
  LargestPossibleRegion: 
    Dimension: 3
    Index: [0, 0, 0]
    Size: [193, 229, 193]
  BufferedRegion: 
    Dimension: 3
    Index: [0, 0, 0]
    Size: [193, 229, 193]
  RequestedRegion: 
    Dimension: 3
    Index: [0, 0, 0]
    Size: [193, 229, 193]
  Spacing: [1, 1, 1]
  Origin: [96, 132, -78]
  Direction: 
-1 0 0
0 -1 0
0 0 1

  IndexToPointMatrix: 
-1 0 0
0 -1 0
0 0 1

  PointToIndexMatrix: 
-1 0 0
0 -1 0
0 0 1

  Inverse Direction: 
-1 0 0
0 -1 0
0 0 1

  PixelContainer: 
    ImportImageContainer (0x366bc80)
      RTTI typeinfo:   itk::ImportImageContainer<unsigned long, double>
      Reference Count: 1
      Modified Time: 2769
      Debug: Off
      Object Name: 
      Observers: 
        none
      Pointer: 0x7fcd85211010
      Container manages memory: true
      Size: 8530021
      Capacity: 8530021

     Moving image = Image (0x3673690)
  RTTI typeinfo:   itk::Image<double, 3u>
  Reference Count: 2
  Modified Time: 3162
  Debug: Off
  Object Name: 
  Observers: 
    none
  Source: (none)
  Source output name: (none)
  Release Data: Off
  Data Released: False
  Global Release Data: Off
  PipelineMTime: 0
  UpdateMTime: 3159
  RealTimeStamp: 0 seconds 
  LargestPossibleRegion: 
    Dimension: 3
    Index: [0, 0, 0]
    Size: [160, 240, 256]
  BufferedRegion: 
    Dimension: 3
    Index: [0, 0, 0]
    Size: [160, 240, 256]
  RequestedRegion: 
    Dimension: 3
    Index: [0, 0, 0]
    Size: [160, 240, 256]
  Spacing: [1, 1, 1]
  Origin: [87.9508, 102.562, -147.639]
  Direction: 
-0.998659 -0.043612 -0.0279129
0.043595 -0.999048 0.00121847
-0.0279395 -2.65543e-08 0.99961

  IndexToPointMatrix: 
-0.998659 -0.043612 -0.0279129
0.043595 -0.999048 0.00121847
-0.0279395 -2.65543e-08 0.99961

  PointToIndexMatrix: 
-0.998659 0.043595 -0.0279395
-0.0436121 -0.999049 9.67412e-08
-0.0279129 0.00121848 0.99961

  Inverse Direction: 
-0.998659 0.043595 -0.0279395
-0.0436121 -0.999049 9.67412e-08
-0.0279129 0.00121848 0.99961

  PixelContainer: 
    ImportImageContainer (0x37fe6d0)
      RTTI typeinfo:   itk::ImportImageContainer<unsigned long, double>
      Reference Count: 1
      Modified Time: 3156
      Debug: Off
      Object Name: 
      Observers: 
        none
      Pointer: 0x7fcd80710010
      Container manages memory: true
      Size: 9830400
      Capacity: 9830400

     Weighting = 1
     Sampling strategy = regular
     Number of bins = 32
     Radius = 4
     Sampling percentage  = 0.25
   Transform = Affine
     Gradient step = 0.1
     Update field sigma (voxel space) = 0
     Total field sigma (voxel space) = 0
     Update field time sigma = 0
     Total field time sigma  = 0
     Number of time indices = 0
     Number of time point samples = 0
Stage 3 State
   Image metric = CC
     Fixed image = Image (0x3673220)
  RTTI typeinfo:   itk::Image<double, 3u>
  Reference Count: 2
  Modified Time: 3937
  Debug: Off
  Object Name: 
  Observers: 
    none
  Source: (none)
  Source output name: (none)
  Release Data: Off
  Data Released: False
  Global Release Data: Off
  PipelineMTime: 0
  UpdateMTime: 3548
  RealTimeStamp: 0 seconds 
  LargestPossibleRegion: 
    Dimension: 3
    Index: [0, 0, 0]
    Size: [193, 229, 193]
  BufferedRegion: 
    Dimension: 3
    Index: [0, 0, 0]
    Size: [193, 229, 193]
  RequestedRegion: 
    Dimension: 3
    Index: [0, 0, 0]
    Size: [193, 229, 193]
  Spacing: [1, 1, 1]
  Origin: [96, 132, -78]
  Direction: 
-1 0 0
0 -1 0
0 0 1

  IndexToPointMatrix: 
-1 0 0
0 -1 0
0 0 1

  PointToIndexMatrix: 
-1 0 0
0 -1 0
0 0 1

  Inverse Direction: 
-1 0 0
0 -1 0
0 0 1

  PixelContainer: 
    ImportImageContainer (0x3672d40)
      RTTI typeinfo:   itk::ImportImageContainer<unsigned long, double>
      Reference Count: 1
      Modified Time: 3545
      Debug: Off
      Object Name: 
      Observers: 
        none
      Pointer: 0x7fcd7c5fb010
      Container manages memory: true
      Size: 8530021
      Capacity: 8530021

     Moving image = Image (0x3668a80)
  RTTI typeinfo:   itk::Image<double, 3u>
  Reference Count: 2
  Modified Time: 3938
  Debug: Off
  Object Name: 
  Observers: 
    none
  Source: (none)
  Source output name: (none)
  Release Data: Off
  Data Released: False
  Global Release Data: Off
  PipelineMTime: 0
  UpdateMTime: 3935
  RealTimeStamp: 0 seconds 
  LargestPossibleRegion: 
    Dimension: 3
    Index: [0, 0, 0]
    Size: [160, 240, 256]
  BufferedRegion: 
    Dimension: 3
    Index: [0, 0, 0]
    Size: [160, 240, 256]
  RequestedRegion: 
    Dimension: 3
    Index: [0, 0, 0]
    Size: [160, 240, 256]
  Spacing: [1, 1, 1]
  Origin: [87.9508, 102.562, -147.639]
  Direction: 
-0.998659 -0.043612 -0.0279129
0.043595 -0.999048 0.00121847
-0.0279395 -2.65543e-08 0.99961

  IndexToPointMatrix: 
-0.998659 -0.043612 -0.0279129
0.043595 -0.999048 0.00121847
-0.0279395 -2.65543e-08 0.99961

  PointToIndexMatrix: 
-0.998659 0.043595 -0.0279395
-0.0436121 -0.999049 9.67412e-08
-0.0279129 0.00121848 0.99961

  Inverse Direction: 
-0.998659 0.043595 -0.0279395
-0.0436121 -0.999049 9.67412e-08
-0.0279129 0.00121848 0.99961

  PixelContainer: 
    ImportImageContainer (0x383e750)
      RTTI typeinfo:   itk::ImportImageContainer<unsigned long, double>
      Reference Count: 1
      Modified Time: 3932
      Debug: Off
      Object Name: 
      Observers: 
        none
      Pointer: 0x7fcd77afa010
      Container manages memory: true
      Size: 9830400
      Capacity: 9830400

     Weighting = 1
     Sampling strategy = none
     Number of bins = 32
     Radius = 4
     Sampling percentage  = 1
   Transform = SyN
     Gradient step = 0.1
     Update field sigma (voxel space) = 3
     Total field sigma (voxel space) = 0
     Update field time sigma = 0
     Total field time sigma  = 0
     Number of time indices = 0
     Number of time point samples = 0
Registration using 3 total stages.

Stage 0
  iterations = 1000x500x250x100
  convergence threshold = 1e-06
  convergence window size = 10
  number of levels = 4
  using the Mattes MI metric (number of bins = 32, weight = 1, use gradient filter = 0)
  preprocessing:  winsorizing the image intensities
  Shrink factors (level 1 out of 4): [8, 8, 8]
  Shrink factors (level 2 out of 4): [4, 4, 4]
  Shrink factors (level 3 out of 4): [2, 2, 2]
  Shrink factors (level 4 out of 4): [1, 1, 1]
  smoothing sigmas per level: [3, 2, 1, 0]
  regular sampling (percentage = 0.25)

*** Running Euler3DTransform registration ***

DIAGNOSTIC,Iteration,metricValue,convergenceValue,ITERATION_TIME_INDEX,SINCE_LAST
*/mnt/lustre/mathdugre/fast-interpolate/datasets/ds004513/derivatives/flint/antsRegistration/r8-p22/sub-s037/Stage1_level1_Iter0001.nii.gz
2DIAGNOSTIC,     1, -4.258432083557e-01, 1.797693134862e+308, 0.0000e+00, 0.0000e+00, 
*/mnt/lustre/mathdugre/fast-interpolate/datasets/ds004513/derivatives/flint/antsRegistration/r8-p22/sub-s037/Stage1_level1_Iter0002.nii.gz
2DIAGNOSTIC,     2, -4.269751457347e-01, 1.797693134862e+308, 0.0000e+00, 0.0000e+00, 
*/mnt/lustre/mathdugre/fast-interpolate/datasets/ds004513/derivatives/flint/antsRegistration/r8-p22/sub-s037/Stage1_level1_Iter0003.nii.gz
2DIAGNOSTIC,     3, -4.292417599314e-01, 1.797693134862e+308, 0.0000e+00, 0.0000e+00, 
*/mnt/lustre/mathdugre/fast-interpolate/datasets/ds004513/derivatives/flint/antsRegistration/r8-p22/sub-s037/Stage1_level1_Iter0004.nii.gz
2DIAGNOSTIC,     4, -4.325150366870e-01, 1.797693134862e+308, 0.0000e+00, 0.0000e+00, 
*/mnt/lustre/mathdugre/fast-interpolate/datasets/ds004513/derivatives/flint/antsRegistration/r8-p22/sub-s037/Stage1_level1_Iter0005.nii.gz
2DIAGNOSTIC,     5, -4.360900376364e-01, 1.797693134862e+308, 0.0000e+00, 0.0000e+00, 
*/mnt/lustre/mathdugre/fast-interpolate/datasets/ds004513/derivatives/flint/antsRegistration/r8-p22/sub-s037/Stage1_level1_Iter0006.nii.gz
2DIAGNOSTIC,     6, -4.375129749128e-01, 1.797693134862e+308, 0.0000e+00, 0.0000e+00, 
*/mnt/lustre/mathdugre/fast-interpolate/datasets/ds004513/derivatives/flint/antsRegistration/r8-p22/sub-s037/Stage1_level1_Iter0007.nii.gz
2DIAGNOSTIC,     7, -4.430682956091e-01, 1.797693134862e+308, 0.0000e+00, 0.0000e+00, 
*/mnt/lustre/mathdugre/fast-interpolate/datasets/ds004513/derivatives/flint/antsRegistration/r8-p22/sub-s037/Stage1_level1_Iter0008.nii.gz
2DIAGNOSTIC,     8, -4.638877045849e-01, 1.797693134862e+308, 0.0000e+00, 0.0000e+00, 
*/mnt/lustre/mathdugre/fast-interpolate/datasets/ds004513/derivatives/flint/antsRegistration/r8-p22/sub-s037/Stage1_level1_Iter0009.nii.gz
2DIAGNOSTIC,     9, -4.715164675632e-01, 1.797693134862e+308, 0.0000e+00, 0.0000e+00, 
*/mnt/lustre/mathdugre/fast-interpolate/datasets/ds004513/derivatives/flint/antsRegistration/r8-p22/sub-s037/Stage1_level1_Iter0010.nii.gz
2DIAGNOSTIC,    10, -4.724196729588e-01, 7.364526391029e-03, 0.0000e+00, 0.0000e+00, 
*/mnt/lustre/mathdugre/fast-interpolate/datasets/ds004513/derivatives/flint/antsRegistration/r8-p22/sub-s037/Stage1_level1_Iter0011.nii.gz
2DIAGNOSTIC,    11, -4.735479396032e-01, 7.267609238625e-03, 0.0000e+00, 0.0000e+00, 
*/mnt/lustre/mathdugre/fast-interpolate/datasets/ds004513/derivatives/flint/antsRegistration/r8-p22/sub-s037/Stage1_level1_Iter0012.nii.gz
2DIAGNOSTIC,    12, -4.750540020656e-01, 6.674781441689e-03, 0.0000e+00, 0.0000e+00, 
*/mnt/lustre/mathdugre/fast-interpolate/datasets/ds004513/derivatives/flint/antsRegistration/r8-p22/sub-s037/Stage1_level1_Iter0013.nii.gz
2DIAGNOSTIC,    13, -4.750832681258e-01, 5.668073892593e-03, 0.0000e+00, 0.0000e+00, 
*/mnt/lustre/mathdugre/fast-interpolate/datasets/ds004513/derivatives/flint/antsRegistration/r8-p22/sub-s037/Stage1_level1_Iter0014.nii.gz
2DIAGNOSTIC,    14, -4.754383633261e-01, 4.454508423805e-03, 0.0000e+00, 0.0000e+00, 
*/mnt/lustre/mathdugre/fast-interpolate/datasets/ds004513/derivatives/flint/antsRegistration/r8-p22/sub-s037/Stage1_level1_Iter0015.nii.gz
2DIAGNOSTIC,    15, -4.756530723119e-01, 3.177061676979e-03, 0.0000e+00, 0.0000e+00, 
*/mnt/lustre/mathdugre/fast-interpolate/datasets/ds004513/derivatives/flint/antsRegistration/r8-p22/sub-s037/Stage1_level1_Iter0016.nii.gz
2DIAGNOSTIC,    16, -4.758268665744e-01, 1.845508813858e-03, 0.0000e+00, 0.0000e+00, 
*/mnt/lustre/mathdugre/fast-interpolate/datasets/ds004513/derivatives/flint/antsRegistration/r8-p22/sub-s037/Stage1_level1_Iter0017.nii.gz
2DIAGNOSTIC,    17, -4.761082945240e-01, 7.025748491287e-04, 0.0000e+00, 0.0000e+00, 
*/mnt/lustre/mathdugre/fast-interpolate/datasets/ds004513/derivatives/flint/antsRegistration/r8-p22/sub-s037/Stage1_level1_Iter0018.nii.gz
2DIAGNOSTIC,    18, -4.762844743046e-01, 3.442168235779e-04, 0.0000e+00, 0.0000e+00, 
*/mnt/lustre/mathdugre/fast-interpolate/datasets/ds004513/derivatives/flint/antsRegistration/r8-p22/sub-s037/Stage1_level1_Iter0019.nii.gz
2DIAGNOSTIC,    19, -4.765999099042e-01, 2.525374293327e-04, 0.0000e+00, 0.0000e+00, 
*/mnt/lustre/mathdugre/fast-interpolate/datasets/ds004513/derivatives/flint/antsRegistration/r8-p22/sub-s037/Stage1_level1_Iter0020.nii.gz
2DIAGNOSTIC,    20, -4.767764460915e-01, 1.798048615456e-04, 0.0000e+00, 0.0000e+00, 
*/mnt/lustre/mathdugre/fast-interpolate/datasets/ds004513/derivatives/flint/antsRegistration/r8-p22/sub-s037/Stage1_level1_Iter0021.nii.gz
2DIAGNOSTIC,    21, -4.777364255776e-01, 1.578256487846e-04, 0.0000e+00, 0.0000e+00, 
*/mnt/lustre/mathdugre/fast-interpolate/datasets/ds004513/derivatives/flint/antsRegistration/r8-p22/sub-s037/Stage1_level1_Iter0022.nii.gz
2DIAGNOSTIC,    22, -4.782735048258e-01, 1.800134778023e-04, 0.0000e+00, 0.0000e+00, 
*/mnt/lustre/mathdugre/fast-interpolate/datasets/ds004513/derivatives/flint/antsRegistration/r8-p22/sub-s037/Stage1_level1_Iter0023.nii.gz
2DIAGNOSTIC,    23, -4.785590166511e-01, 1.916438341141e-04, 0.0000e+00, 0.0000e+00, 
*/mnt/lustre/mathdugre/fast-interpolate/datasets/ds004513/derivatives/flint/antsRegistration/r8-p22/sub-s037/Stage1_level1_Iter0024.nii.gz
2DIAGNOSTIC,    24, -4.790555344692e-01, 2.064630389214e-04, 0.0000e+00, 0.0000e+00, 
*/mnt/lustre/mathdugre/fast-interpolate/datasets/ds004513/derivatives/flint/antsRegistration/r8-p22/sub-s037/Stage1_level1_Iter0025.nii.gz
2DIAGNOSTIC,    25, -4.879573717671e-01, 4.238709807396e-04, 0.0000e+00, 0.0000e+00, 
*/mnt/lustre/mathdugre/fast-interpolate/datasets/ds004513/derivatives/flint/antsRegistration/r8-p22/sub-s037/Stage1_level1_Iter0026.nii.gz
2DIAGNOSTIC,    26, -5.050583375855e-01, 9.826868772507e-04, 0.0000e+00, 0.0000e+00, 
*/mnt/lustre/mathdugre/fast-interpolate/datasets/ds004513/derivatives/flint/antsRegistration/r8-p22/sub-s037/Stage1_level1_Iter0027.nii.gz
2DIAGNOSTIC,    27, -5.051405910715e-01, 1.404099166393e-03, 0.0000e+00, 0.0000e+00, 
*/mnt/lustre/mathdugre/fast-interpolate/datasets/ds004513/derivatives/flint/antsRegistration/r8-p22/sub-s037/Stage1_level1_Iter0028.nii.gz
2DIAGNOSTIC,    28, -5.053801372750e-01, 1.677639782429e-03, 0.0000e+00, 0.0000e+00, 
*/mnt/lustre/mathdugre/fast-interpolate/datasets/ds004513/derivatives/flint/antsRegistration/r8-p22/sub-s037/Stage1_level1_Iter0029.nii.gz
2DIAGNOSTIC,    29, -5.058438191352e-01, 1.794300973415e-03, 0.0000e+00, 0.0000e+00, 
*/mnt/lustre/mathdugre/fast-interpolate/datasets/ds004513/derivatives/flint/antsRegistration/r8-p22/sub-s037/Stage1_level1_Iter0030.nii.gz
2DIAGNOSTIC,    30, -5.066260369182e-01, 1.747816801071e-03, 0.0000e+00, 0.0000e+00, 
*/mnt/lustre/mathdugre/fast-interpolate/datasets/ds004513/derivatives/flint/antsRegistration/r8-p22/sub-s037/Stage1_level1_Iter0031.nii.gz
2DIAGNOSTIC,    31, -5.074663379989e-01, 1.567915081978e-03, 0.0000e+00, 0.0000e+00, 
*/mnt/lustre/mathdugre/fast-interpolate/datasets/ds004513/derivatives/flint/antsRegistration/r8-p22/sub-s037/Stage1_level1_Iter0032.nii.gz
2DIAGNOSTIC,    32, -5.084668790547e-01, 1.282036304474e-03, 0.0000e+00, 0.0000e+00, 
*/mnt/lustre/mathdugre/fast-interpolate/datasets/ds004513/derivatives/flint/antsRegistration/r8-p22/sub-s037/Stage1_level1_Iter0033.nii.gz
2DIAGNOSTIC,    33, -5.109587019571e-01, 9.503290057182e-04, 0.0000e+00, 0.0000e+00, 
*/mnt/lustre/mathdugre/fast-interpolate/datasets/ds004513/derivatives/flint/antsRegistration/r8-p22/sub-s037/Stage1_level1_Iter0034.nii.gz
2DIAGNOSTIC,    34, -5.130460610085e-01, 5.931779742241e-04, 0.0000e+00, 0.0000e+00, 
*/mnt/lustre/mathdugre/fast-interpolate/datasets/ds004513/derivatives/flint/antsRegistration/r8-p22/sub-s037/Stage1_level1_Iter0035.nii.gz
2DIAGNOSTIC,    35, -5.149752489664e-01, 3.775954246521e-04, 0.0000e+00, 0.0000e+00, 
*/mnt/lustre/mathdugre/fast-interpolate/datasets/ds004513/derivatives/flint/antsRegistration/r8-p22/sub-s037/Stage1_level1_Iter0036.nii.gz
2DIAGNOSTIC,    36, -5.177177971810e-01, 4.670470952988e-04, 0.0000e+00, 0.0000e+00, 
*/mnt/lustre/mathdugre/fast-interpolate/datasets/ds004513/derivatives/flint/antsRegistration/r8-p22/sub-s037/Stage1_level1_Iter0037.nii.gz
2DIAGNOSTIC,    37, -5.262863491693e-01, 6.448626518250e-04, 0.0000e+00, 0.0000e+00, 
*/mnt/lustre/mathdugre/fast-interpolate/datasets/ds004513/derivatives/flint/antsRegistration/r8-p22/sub-s037/Stage1_level1_Iter0038.nii.gz
2DIAGNOSTIC,    38, -5.262856844419e-01, 7.514804601669e-04, 0.0000e+00, 0.0000e+00, 
*/mnt/lustre/mathdugre/fast-interpolate/datasets/ds004513/derivatives/flint/antsRegistration/r8-p22/sub-s037/Stage1_level1_Iter0039.nii.gz
2DIAGNOSTIC,    39, -5.262865317168e-01, 7.892996072769e-04, 0.0000e+00, 0.0000e+00, 
*/mnt/lustre/mathdugre/fast-interpolate/datasets/ds004513/derivatives/flint/antsRegistration/r8-p22/sub-s037/Stage1_level1_Iter0040.nii.gz
2DIAGNOSTIC,    40, -5.262879452744e-01, 7.633119821548e-04, 0.0000e+00, 0.0000e+00, 
*/mnt/lustre/mathdugre/fast-interpolate/datasets/ds004513/derivatives/flint/antsRegistration/r8-p22/sub-s037/Stage1_level1_Iter0041.nii.gz
2DIAGNOSTIC,    41, -5.262901149710e-01, 6.774626672268e-04, 0.0000e+00, 0.0000e+00, 
*/mnt/lustre/mathdugre/fast-interpolate/datasets/ds004513/derivatives/flint/antsRegistration/r8-p22/sub-s037/Stage1_level1_Iter0042.nii.gz
2DIAGNOSTIC,    42, -5.262942469825e-01, 5.432330071926e-04, 0.0000e+00, 0.0000e+00, 
*/mnt/lustre/mathdugre/fast-interpolate/datasets/ds004513/derivatives/flint/antsRegistration/r8-p22/sub-s037/Stage1_level1_Iter0043.nii.gz
2DIAGNOSTIC,    43, -5.263011843794e-01, 3.977306187153e-04, 0.0000e+00, 0.0000e+00, 
*/mnt/lustre/mathdugre/fast-interpolate/datasets/ds004513/derivatives/flint/antsRegistration/r8-p22/sub-s037/Stage1_level1_Iter0044.nii.gz
2DIAGNOSTIC,    44, -5.263124978567e-01, 2.509318292141e-04, 0.0000e+00, 0.0000e+00, 
*/mnt/lustre/mathdugre/fast-interpolate/datasets/ds004513/derivatives/flint/antsRegistration/r8-p22/sub-s037/Stage1_level1_Iter0045.nii.gz
2DIAGNOSTIC,    45, -5.263320102411e-01, 1.128688454628e-04, 0.0000e+00, 0.0000e+00, 
*/mnt/lustre/mathdugre/fast-interpolate/datasets/ds004513/derivatives/flint/antsRegistration/r8-p22/sub-s037/Stage1_level1_Iter0046.nii.gz
2DIAGNOSTIC,    46, -5.263644440409e-01, 2.566725015640e-06, 0.0000e+00, 0.0000e+00, 
*/mnt/lustre/mathdugre/fast-interpolate/datasets/ds004513/derivatives/flint/antsRegistration/r8-p22/sub-s037/Stage1_level1_Iter0047.nii.gz
2DIAGNOSTIC,    47, -5.264177845734e-01, 3.729015588760e-06, 0.0000e+00, 0.0000e+00, 
*/mnt/lustre/mathdugre/fast-interpolate/datasets/ds004513/derivatives/flint/antsRegistration/r8-p22/sub-s037/Stage1_level1_Iter0048.nii.gz
2DIAGNOSTIC,    48, -5.265058843373e-01, 5.606561899185e-06, 0.0000e+00, 0.0000e+00, 
*/mnt/lustre/mathdugre/fast-interpolate/datasets/ds004513/derivatives/flint/antsRegistration/r8-p22/sub-s037/Stage1_level1_Iter0049.nii.gz
2DIAGNOSTIC,    49, -5.267178939256e-01, 9.421259164810e-06, 0.0000e+00, 0.0000e+00, 
*/mnt/lustre/mathdugre/fast-interpolate/datasets/ds004513/derivatives/flint/antsRegistration/r8-p22/sub-s037/Stage1_level1_Iter0050.nii.gz
2DIAGNOSTIC,    50, -5.269314671710e-01, 1.468136906624e-05, 0.0000e+00, 0.0000e+00, 
*/mnt/lustre/mathdugre/fast-interpolate/datasets/ds004513/derivatives/flint/antsRegistration/r8-p22/sub-s037/Stage1_level1_Iter0051.nii.gz
2DIAGNOSTIC,    51, -5.271371899950e-01, 2.069771289825e-05, 0.0000e+00, 0.0000e+00, 
*/mnt/lustre/mathdugre/fast-interpolate/datasets/ds004513/derivatives/flint/antsRegistration/r8-p22/sub-s037/Stage1_level1_Iter0052.nii.gz
2DIAGNOSTIC,    52, -5.272489281784e-01, 2.581998705864e-05, 0.0000e+00, 0.0000e+00, 
*/mnt/lustre/mathdugre/fast-interpolate/datasets/ds004513/derivatives/flint/antsRegistration/r8-p22/sub-s037/Stage1_level1_Iter0053.nii.gz
2DIAGNOSTIC,    53, -5.272675569013e-01, 2.861395478249e-05, 0.0000e+00, 0.0000e+00, 
*/mnt/lustre/mathdugre/fast-interpolate/datasets/ds004513/derivatives/flint/antsRegistration/r8-p22/sub-s037/Stage1_level1_Iter0054.nii.gz
2DIAGNOSTIC,    54, -5.273176125079e-01, 2.927333116531e-05, 0.0000e+00, 0.0000e+00, 
*/mnt/lustre/mathdugre/fast-interpolate/datasets/ds004513/derivatives/flint/antsRegistration/r8-p22/sub-s037/Stage1_level1_Iter0055.nii.gz
2DIAGNOSTIC,    55, -5.274644141555e-01, 2.885609865189e-05, 0.0000e+00, 0.0000e+00, 
*/mnt/lustre/mathdugre/fast-interpolate/datasets/ds004513/derivatives/flint/antsRegistration/r8-p22/sub-s037/Stage1_level1_Iter0056.nii.gz
2DIAGNOSTIC,    56, -5.276340683265e-01, 2.776086330414e-05, 0.0000e+00, 0.0000e+00, 
*/mnt/lustre/mathdugre/fast-interpolate/datasets/ds004513/derivatives/flint/antsRegistration/r8-p22/sub-s037/Stage1_level1_Iter0057.nii.gz
2DIAGNOSTIC,    57, -5.278577470447e-01, 2.688542008400e-05, 0.0000e+00, 0.0000e+00, 
*/mnt/lustre/mathdugre/fast-interpolate/datasets/ds004513/derivatives/flint/antsRegistration/r8-p22/sub-s037/Stage1_level1_Iter0058.nii.gz
2DIAGNOSTIC,    58, -5.283330784373e-01, 2.904236316681e-05, 0.0000e+00, 0.0000e+00, 
*/mnt/lustre/mathdugre/fast-interpolate/datasets/ds004513/derivatives/flint/antsRegistration/r8-p22/sub-s037/Stage1_level1_Iter0059.nii.gz
2DIAGNOSTIC,    59, -5.323072177753e-01, 6.884709000587e-05, 0.0000e+00, 0.0000e+00, 
*/mnt/lustre/mathdugre/fast-interpolate/datasets/ds004513/derivatives/flint/antsRegistration/r8-p22/sub-s037/Stage1_level1_Iter0060.nii.gz
2DIAGNOSTIC,    60, -5.340357006088e-01, 1.180954277515e-04, 0.0000e+00, 0.0000e+00, 
*/mnt/lustre/mathdugre/fast-interpolate/datasets/ds004513/derivatives/flint/antsRegistration/r8-p22/sub-s037/Stage1_level1_Iter0061.nii.gz
2DIAGNOSTIC,    61, -5.342188806538e-01, 1.579411327839e-04, 0.0000e+00, 0.0000e+00, 
*/mnt/lustre/mathdugre/fast-interpolate/datasets/ds004513/derivatives/flint/antsRegistration/r8-p22/sub-s037/Stage1_level1_Iter0062.nii.gz
2DIAGNOSTIC,    62, -5.357965444592e-01, 1.975186169147e-04, 0.0000e+00, 0.0000e+00, 
*/mnt/lustre/mathdugre/fast-interpolate/datasets/ds004513/derivatives/flint/antsRegistration/r8-p22/sub-s037/Stage1_level1_Iter0063.nii.gz
2DIAGNOSTIC,    63, -5.412539491187e-01, 2.659037709236e-04, 0.0000e+00, 0.0000e+00, 
*/mnt/lustre/mathdugre/fast-interpolate/datasets/ds004513/derivatives/flint/antsRegistration/r8-p22/sub-s037/Stage1_level1_Iter0064.nii.gz
2DIAGNOSTIC,    64, -5.522019998665e-01, 4.021376371384e-04, 0.0000e+00, 0.0000e+00, 
*/mnt/lustre/mathdugre/fast-interpolate/datasets/ds004513/derivatives/flint/antsRegistration/r8-p22/sub-s037/Stage1_level1_Iter0065.nii.gz
2DIAGNOSTIC,    65, -5.573534040108e-01, 5.390010774136e-04, 0.0000e+00, 0.0000e+00, 
*/mnt/lustre/mathdugre/fast-interpolate/datasets/ds004513/derivatives/flint/antsRegistration/r8-p22/sub-s037/Stage1_level1_Iter0066.nii.gz
2DIAGNOSTIC,    66, -5.594183750645e-01, 6.396546959877e-04, 0.0000e+00, 0.0000e+00, 
*/mnt/lustre/mathdugre/fast-interpolate/datasets/ds004513/derivatives/flint/antsRegistration/r8-p22/sub-s037/Stage1_level1_Iter0067.nii.gz
2DIAGNOSTIC,    67, -5.622167280139e-01, 7.025673985481e-04, 0.0000e+00, 0.0000e+00, 
*/mnt/lustre/mathdugre/fast-interpolate/datasets/ds004513/derivatives/flint/antsRegistration/r8-p22/sub-s037/Stage1_level1_Iter0068.nii.gz
2DIAGNOSTIC,    68, -5.627667771517e-01, 7.027089595795e-04, 0.0000e+00, 0.0000e+00, 
*/mnt/lustre/mathdugre/fast-interpolate/datasets/ds004513/derivatives/flint/antsRegistration/r8-p22/sub-s037/Stage1_level1_Iter0069.nii.gz
2DIAGNOSTIC,    69, -5.629914035065e-01, 6.679445505142e-04, 0.0000e+00, 0.0000e+00, 
*/mnt/lustre/mathdugre/fast-interpolate/datasets/ds004513/derivatives/flint/antsRegistration/r8-p22/sub-s037/Stage1_level1_Iter0070.nii.gz
2DIAGNOSTIC,    70, -5.635299067556e-01, 5.883499979973e-04, 0.0000e+00, 0.0000e+00, 
*/mnt/lustre/mathdugre/fast-interpolate/datasets/ds004513/derivatives/flint/antsRegistration/r8-p22/sub-s037/Stage1_level1_Iter0071.nii.gz
2DIAGNOSTIC,    71, -5.641475744114e-01, 4.620030522346e-04, 0.0000e+00, 0.0000e+00, 
*/mnt/lustre/mathdugre/fast-interpolate/datasets/ds004513/derivatives/flint/antsRegistration/r8-p22/sub-s037/Stage1_level1_Iter0072.nii.gz
2DIAGNOSTIC,    72, -5.643438231793e-01, 3.088824450970e-04, 0.0000e+00, 0.0000e+00, 
*/mnt/lustre/mathdugre/fast-interpolate/datasets/ds004513/derivatives/flint/antsRegistration/r8-p22/sub-s037/Stage1_level1_Iter0073.nii.gz
2DIAGNOSTIC,    73, -5.644361401887e-01, 1.715011894703e-04, 0.0000e+00, 0.0000e+00, 
*/mnt/lustre/mathdugre/fast-interpolate/datasets/ds004513/derivatives/flint/antsRegistration/r8-p22/sub-s037/Stage1_level1_Iter0074.nii.gz
2DIAGNOSTIC,    74, -5.645192603444e-01, 1.044906675816e-04, 0.0000e+00, 0.0000e+00, 
*/mnt/lustre/mathdugre/fast-interpolate/datasets/ds004513/derivatives/flint/antsRegistration/r8-p22/sub-s037/Stage1_level1_Iter0075.nii.gz
2DIAGNOSTIC,    75, -5.670259567974e-01, 8.619390428066e-05, 0.0000e+00, 0.0000e+00, 
*/mnt/lustre/mathdugre/fast-interpolate/datasets/ds004513/derivatives/flint/antsRegistration/r8-p22/sub-s037/Stage1_level1_Iter0076.nii.gz
2DIAGNOSTIC,    76, -5.680943747290e-01, 8.201412856579e-05, 0.0000e+00, 0.0000e+00, 
*/mnt/lustre/mathdugre/fast-interpolate/datasets/ds004513/derivatives/flint/antsRegistration/r8-p22/sub-s037/Stage1_level1_Iter0077.nii.gz
2DIAGNOSTIC,    77, -5.686833611629e-01, 9.449012577534e-05, 0.0000e+00, 0.0000e+00, 
*/mnt/lustre/mathdugre/fast-interpolate/datasets/ds004513/derivatives/flint/antsRegistration/r8-p22/sub-s037/Stage1_level1_Iter0078.nii.gz
2DIAGNOSTIC,    78, -5.717941216566e-01, 1.239180564880e-04, 0.0000e+00, 0.0000e+00, 
*/mnt/lustre/mathdugre/fast-interpolate/datasets/ds004513/derivatives/flint/antsRegistration/r8-p22/sub-s037/Stage1_level1_Iter0079.nii.gz
2DIAGNOSTIC,    79, -5.794392774373e-01, 1.952480524778e-04, 0.0000e+00, 0.0000e+00, 
*/mnt/lustre/mathdugre/fast-interpolate/datasets/ds004513/derivatives/flint/antsRegistration/r8-p22/sub-s037/Stage1_level1_Iter0080.nii.gz
2DIAGNOSTIC,    80, -5.833224283789e-01, 2.747364342213e-04, 0.0000e+00, 0.0000e+00, 
*/mnt/lustre/mathdugre/fast-interpolate/datasets/ds004513/derivatives/flint/antsRegistration/r8-p22/sub-s037/Stage1_level1_Iter0081.nii.gz
2DIAGNOSTIC,    81, -5.844871529668e-01, 3.376863896847e-04, 0.0000e+00, 0.0000e+00, 
*/mnt/lustre/mathdugre/fast-interpolate/datasets/ds004513/derivatives/flint/antsRegistration/r8-p22/sub-s037/Stage1_level1_Iter0082.nii.gz
2DIAGNOSTIC,    82, -5.851353220555e-01, 3.730636090040e-04, 0.0000e+00, 0.0000e+00, 
*/mnt/lustre/mathdugre/fast-interpolate/datasets/ds004513/derivatives/flint/antsRegistration/r8-p22/sub-s037/Stage1_level1_Iter0083.nii.gz
2DIAGNOSTIC,    83, -5.852450740549e-01, 3.729946911335e-04, 0.0000e+00, 0.0000e+00, 
*/mnt/lustre/mathdugre/fast-interpolate/datasets/ds004513/derivatives/flint/antsRegistration/r8-p22/sub-s037/Stage1_level1_Iter0084.nii.gz
2DIAGNOSTIC,    84, -5.853669987306e-01, 3.371350467205e-04, 0.0000e+00, 0.0000e+00, 
*/mnt/lustre/mathdugre/fast-interpolate/datasets/ds004513/derivatives/flint/antsRegistration/r8-p22/sub-s037/Stage1_level1_Iter0085.nii.gz
2DIAGNOSTIC,    85, -5.853535324374e-01, 2.854261547327e-04, 0.0000e+00, 0.0000e+00, 
*/mnt/lustre/mathdugre/fast-interpolate/datasets/ds004513/derivatives/flint/antsRegistration/r8-p22/sub-s037/Stage1_level1_Iter0086.nii.gz
2DIAGNOSTIC,    86, -5.857102352893e-01, 2.173632383347e-04, 0.0000e+00, 0.0000e+00, 
*/mnt/lustre/mathdugre/fast-interpolate/datasets/ds004513/derivatives/flint/antsRegistration/r8-p22/sub-s037/Stage1_level1_Iter0087.nii.gz
2DIAGNOSTIC,    87, -5.862550717405e-01, 1.375153660774e-04, 0.0000e+00, 0.0000e+00, 
*/mnt/lustre/mathdugre/fast-interpolate/datasets/ds004513/derivatives/flint/antsRegistration/r8-p22/sub-s037/Stage1_level1_Iter0088.nii.gz
2DIAGNOSTIC,    88, -5.870674427745e-01, 6.977841258049e-05, 0.0000e+00, 0.0000e+00, 
*/mnt/lustre/mathdugre/fast-interpolate/datasets/ds004513/derivatives/flint/antsRegistration/r8-p22/sub-s037/Stage1_level1_Iter0089.nii.gz
2DIAGNOSTIC,    89, -5.875878418225e-01, 4.651397466660e-05, 0.0000e+00, 0.0000e+00, 
*/mnt/lustre/mathdugre/fast-interpolate/datasets/ds004513/derivatives/flint/antsRegistration/r8-p22/sub-s037/Stage1_level1_Iter0090.nii.gz
2DIAGNOSTIC,    90, -5.875410146769e-01, 4.247389733791e-05, 0.0000e+00, 0.0000e+00, 
*/mnt/lustre/mathdugre/fast-interpolate/datasets/ds004513/derivatives/flint/antsRegistration/r8-p22/sub-s037/Stage1_level1_Iter0091.nii.gz
2DIAGNOSTIC,    91, -5.876834024888e-01, 4.227273166180e-05, 0.0000e+00, 0.0000e+00, 
*/mnt/lustre/mathdugre/fast-interpolate/datasets/ds004513/derivatives/flint/antsRegistration/r8-p22/sub-s037/Stage1_level1_Iter0092.nii.gz
2DIAGNOSTIC,    92, -5.876860284766e-01, 4.180148243904e-05, 0.0000e+00, 0.0000e+00, 
*/mnt/lustre/mathdugre/fast-interpolate/datasets/ds004513/derivatives/flint/antsRegistration/r8-p22/sub-s037/Stage1_level1_Iter0093.nii.gz
2DIAGNOSTIC,    93, -5.878422823530e-01, 3.880821168423e-05, 0.0000e+00, 0.0000e+00, 
*/mnt/lustre/mathdugre/fast-interpolate/datasets/ds004513/derivatives/flint/antsRegistration/r8-p22/sub-s037/Stage1_level1_Iter0094.nii.gz
2DIAGNOSTIC,    94, -5.879254339545e-01, 3.335624933243e-05, 0.0000e+00, 0.0000e+00, 
*/mnt/lustre/mathdugre/fast-interpolate/datasets/ds004513/derivatives/flint/antsRegistration/r8-p22/sub-s037/Stage1_level1_Iter0095.nii.gz
2DIAGNOSTIC,    95, -5.879690811617e-01, 2.505257725716e-05, 0.0000e+00, 0.0000e+00, 
*/mnt/lustre/mathdugre/fast-interpolate/datasets/ds004513/derivatives/flint/antsRegistration/r8-p22/sub-s037/Stage1_level1_Iter0096.nii.gz
2DIAGNOSTIC,    96, -5.879550350832e-01, 1.651234924793e-05, 0.0000e+00, 0.0000e+00, 
*/mnt/lustre/mathdugre/fast-interpolate/datasets/ds004513/derivatives/flint/antsRegistration/r8-p22/sub-s037/Stage1_level1_Iter0097.nii.gz
2DIAGNOSTIC,    97, -5.879637473421e-01, 9.587034583092e-06, 0.0000e+00, 0.0000e+00, 
*/mnt/lustre/mathdugre/fast-interpolate/datasets/ds004513/derivatives/flint/antsRegistration/r8-p22/sub-s037/Stage1_level1_Iter0098.nii.gz
2DIAGNOSTIC,    98, -5.885122306789e-01, 9.335577487946e-06, 0.0000e+00, 0.0000e+00, 
*/mnt/lustre/mathdugre/fast-interpolate/datasets/ds004513/derivatives/flint/antsRegistration/r8-p22/sub-s037/Stage1_level1_Iter0099.nii.gz
2DIAGNOSTIC,    99, -5.888097527491e-01, 1.258961856365e-05, 0.0000e+00, 0.0000e+00, 
*/mnt/lustre/mathdugre/fast-interpolate/datasets/ds004513/derivatives/flint/antsRegistration/r8-p22/sub-s037/Stage1_level1_Iter0100.nii.gz
2DIAGNOSTIC,   100, -5.888238307259e-01, 1.438893377781e-05, 0.0000e+00, 0.0000e+00, 
*/mnt/lustre/mathdugre/fast-interpolate/datasets/ds004513/derivatives/flint/antsRegistration/r8-p22/sub-s037/Stage1_level1_Iter0101.nii.gz
2DIAGNOSTIC,   101, -5.887918296264e-01, 1.545622944832e-05, 0.0000e+00, 0.0000e+00, 
*/mnt/lustre/mathdugre/fast-interpolate/datasets/ds004513/derivatives/flint/antsRegistration/r8-p22/sub-s037/Stage1_level1_Iter0102.nii.gz
2DIAGNOSTIC,   102, -5.887962044102e-01, 1.508742570877e-05, 0.0000e+00, 0.0000e+00, 
*/mnt/lustre/mathdugre/fast-interpolate/datasets/ds004513/derivatives/flint/antsRegistration/r8-p22/sub-s037/Stage1_level1_Iter0103.nii.gz
2DIAGNOSTIC,   103, -5.888002431724e-01, 1.406110823154e-05, 0.0000e+00, 0.0000e+00, 
*/mnt/lustre/mathdugre/fast-interpolate/datasets/ds004513/derivatives/flint/antsRegistration/r8-p22/sub-s037/Stage1_level1_Iter0104.nii.gz
2DIAGNOSTIC,   104, -5.888971124565e-01, 1.261942088604e-05, 0.0000e+00, 0.0000e+00, 
*/mnt/lustre/mathdugre/fast-interpolate/datasets/ds004513/derivatives/flint/antsRegistration/r8-p22/sub-s037/Stage1_level1_Iter0105.nii.gz
2DIAGNOSTIC,   105, -5.889105527225e-01, 1.033395528793e-05, 0.0000e+00, 0.0000e+00, 
*/mnt/lustre/mathdugre/fast-interpolate/datasets/ds004513/derivatives/flint/antsRegistration/r8-p22/sub-s037/Stage1_level1_Iter0106.nii.gz
2DIAGNOSTIC,   106, -5.889104859456e-01, 7.117167115211e-06, 0.0000e+00, 0.0000e+00, 
*/mnt/lustre/mathdugre/fast-interpolate/datasets/ds004513/derivatives/flint/antsRegistration/r8-p22/sub-s037/Stage1_level1_Iter0107.nii.gz
2DIAGNOSTIC,   107, -5.889106947342e-01, 3.311783075333e-06, 0.0000e+00, 0.0000e+00, 
*/mnt/lustre/mathdugre/fast-interpolate/datasets/ds004513/derivatives/flint/antsRegistration/r8-p22/sub-s037/Stage1_level1_Iter0108.nii.gz
2DIAGNOSTIC,   108, -5.889109144572e-01, 1.955777406693e-06, 0.0000e+00, 0.0000e+00, 
*/mnt/lustre/mathdugre/fast-interpolate/datasets/ds004513/derivatives/flint/antsRegistration/r8-p22/sub-s037/Stage1_level1_Iter0109.nii.gz
2DIAGNOSTIC,   109, -5.889112579264e-01, 1.912936568260e-06, 0.0000e+00, 0.0000e+00, 
*/mnt/lustre/mathdugre/fast-interpolate/datasets/ds004513/derivatives/flint/antsRegistration/r8-p22/sub-s037/Stage1_level1_Iter0110.nii.gz
2DIAGNOSTIC,   110, -5.889112467557e-01, 1.793727278709e-06, 0.0000e+00, 0.0000e+00, 
*/mnt/lustre/mathdugre/fast-interpolate/datasets/ds004513/derivatives/flint/antsRegistration/r8-p22/sub-s037/Stage1_level1_Iter0111.nii.gz
2DIAGNOSTIC,   111, -5.889114019597e-01, 1.382082700729e-06, 0.0000e+00, 0.0000e+00, 
DIAGNOSTIC,Iteration,metricValue,convergenceValue,ITERATION_TIME_INDEX,SINCE_LAST
*/mnt/lustre/mathdugre/fast-interpolate/datasets/ds004513/derivatives/flint/antsRegistration/r8-p22/sub-s037/Stage1_level2_Iter0001.nii.gz
2DIAGNOSTIC,     1, -4.786696805075e-01, 1.797693134862e+308, 0.0000e+00, 0.0000e+00, 
*/mnt/lustre/mathdugre/fast-interpolate/datasets/ds004513/derivatives/flint/antsRegistration/r8-p22/sub-s037/Stage1_level2_Iter0002.nii.gz
2DIAGNOSTIC,     2, -4.791972611449e-01, 1.797693134862e+308, 0.0000e+00, 0.0000e+00, 
*/mnt/lustre/mathdugre/fast-interpolate/datasets/ds004513/derivatives/flint/antsRegistration/r8-p22/sub-s037/Stage1_level2_Iter0003.nii.gz
2DIAGNOSTIC,     3, -4.801242445137e-01, 1.797693134862e+308, 0.0000e+00, 0.0000e+00, 
*/mnt/lustre/mathdugre/fast-interpolate/datasets/ds004513/derivatives/flint/antsRegistration/r8-p22/sub-s037/Stage1_level2_Iter0004.nii.gz
2DIAGNOSTIC,     4, -4.817748394815e-01, 1.797693134862e+308, 0.0000e+00, 0.0000e+00, 
*/mnt/lustre/mathdugre/fast-interpolate/datasets/ds004513/derivatives/flint/antsRegistration/r8-p22/sub-s037/Stage1_level2_Iter0005.nii.gz
2DIAGNOSTIC,     5, -4.826285117155e-01, 1.797693134862e+308, 0.0000e+00, 0.0000e+00, 
*/mnt/lustre/mathdugre/fast-interpolate/datasets/ds004513/derivatives/flint/antsRegistration/r8-p22/sub-s037/Stage1_level2_Iter0006.nii.gz
2DIAGNOSTIC,     6, -4.828764697549e-01, 1.797693134862e+308, 0.0000e+00, 0.0000e+00, 
*/mnt/lustre/mathdugre/fast-interpolate/datasets/ds004513/derivatives/flint/antsRegistration/r8-p22/sub-s037/Stage1_level2_Iter0007.nii.gz
2DIAGNOSTIC,     7, -4.833622958531e-01, 1.797693134862e+308, 0.0000e+00, 0.0000e+00, 
*/mnt/lustre/mathdugre/fast-interpolate/datasets/ds004513/derivatives/flint/antsRegistration/r8-p22/sub-s037/Stage1_level2_Iter0008.nii.gz
