
##########################
# Experiment information #
##########################

EXPERIMENT_NAME: r8-p22
VFC_BACKENDS: libinterflop_vprec.so --range-binary32=8 --precision-binary32=22 --range-binary64=8 --precision-binary64=22

SIF_IMG: /mnt/lustre/mathdugre/containers/ants-vprec-no_metric.simg

SUBJECT_ID: s033
INPUT_IMG: /mnt/lustre/mathdugre/fast-interpolate/datasets/ds004513/derivatives/flint/antsBrainExtraction/sub-s033/BrainExtractionBrain.nii.gz
OUTPUT_DIR: /mnt/lustre/mathdugre/fast-interpolate/datasets/ds004513/derivatives/flint/antsRegistration/r8-p22/sub-s033

FIXED_IMG: /templateflow/tpl-MNI152NLin2009cAsym/tpl-MNI152NLin2009cAsym_res-01_desc-brain_T1w.nii.gz
DATA_DIR: /mnt/lustre/mathdugre/fast-interpolate/datasets/ds004513
TEMPLATEFLOW_DIR: /home/mathdugre/.cache/templateflow
ITK_GLOBAL_DEFAULT_NUMBER_OF_THREADS: 4
##########################

Info [verificarlo]: loaded backend libinterflop_vprec.so
Info [interflop-vprec]: load backend with: 
Info [interflop-vprec]: precision-binary32 = 22
Info [interflop-vprec]: range-binary32 = 8
Info [interflop-vprec]: precision-binary64 = 22
Info [interflop-vprec]: range-binary64 = 8
Info [interflop-vprec]: mode = ob
Info [interflop-vprec]: error-mode = rel
Info [interflop-vprec]: max-abs-error-exponent = -1022
Info [interflop-vprec]: daz = false
Info [interflop-vprec]: ftz = false
Info [interflop-vprec]: 	instrument = none
Info [interflop-vprec]: 	prec-input-file = (null)
Info [interflop-vprec]: 	prec-output-file = (null)
Info [interflop-vprec]: 	prec-log-file = (null)
All_Command_lines_OK
Using double precision for computations.
=============================================================================
The composite transform comprises the following transforms (in order): 
  1. Center of mass alignment using fixed image: /templateflow/tpl-MNI152NLin2009cAsym/tpl-MNI152NLin2009cAsym_res-01_desc-brain_T1w.nii.gz and moving image: /mnt/lustre/mathdugre/fast-interpolate/datasets/ds004513/derivatives/flint/antsBrainExtraction/sub-s033/BrainExtractionBrain.nii.gz (type = Euler3DTransform)
=============================================================================
  number of levels = 4
  number of levels = 4
  number of levels = 4
  fixed image: /templateflow/tpl-MNI152NLin2009cAsym/tpl-MNI152NLin2009cAsym_res-01_desc-brain_T1w.nii.gz
  moving image: /mnt/lustre/mathdugre/fast-interpolate/datasets/ds004513/derivatives/flint/antsBrainExtraction/sub-s033/BrainExtractionBrain.nii.gz
  fixed image: /templateflow/tpl-MNI152NLin2009cAsym/tpl-MNI152NLin2009cAsym_res-01_desc-brain_T1w.nii.gz
  moving image: /mnt/lustre/mathdugre/fast-interpolate/datasets/ds004513/derivatives/flint/antsBrainExtraction/sub-s033/BrainExtractionBrain.nii.gz
  fixed image: /templateflow/tpl-MNI152NLin2009cAsym/tpl-MNI152NLin2009cAsym_res-01_desc-brain_T1w.nii.gz
  moving image: /mnt/lustre/mathdugre/fast-interpolate/datasets/ds004513/derivatives/flint/antsBrainExtraction/sub-s033/BrainExtractionBrain.nii.gz
Dimension = 3
Number of stages = 3
Use histogram matching = false
Winsorize image intensities = true
  Lower quantile = 0.005
  Upper quantile = 0.995


Stage 1 State
   Image metric = MattesMI
     Fixed image = Image (0x34e0b30)
  RTTI typeinfo:   itk::Image<double, 3u>
  Reference Count: 2
  Modified Time: 2385
  Debug: Off
  Object Name: 
  Observers: 
    none
  Source: (none)
  Source output name: (none)
  Release Data: Off
  Data Released: False
  Global Release Data: Off
  PipelineMTime: 0
  UpdateMTime: 1996
  RealTimeStamp: 0 seconds 
  LargestPossibleRegion: 
    Dimension: 3
    Index: [0, 0, 0]
    Size: [193, 229, 193]
  BufferedRegion: 
    Dimension: 3
    Index: [0, 0, 0]
    Size: [193, 229, 193]
  RequestedRegion: 
    Dimension: 3
    Index: [0, 0, 0]
    Size: [193, 229, 193]
  Spacing: [1, 1, 1]
  Origin: [96, 132, -78]
  Direction: 
-1 0 0
0 -1 0
0 0 1

  IndexToPointMatrix: 
-1 0 0
0 -1 0
0 0 1

  PointToIndexMatrix: 
-1 0 0
0 -1 0
0 0 1

  Inverse Direction: 
-1 0 0
0 -1 0
0 0 1

  PixelContainer: 
    ImportImageContainer (0x34e5a10)
      RTTI typeinfo:   itk::ImportImageContainer<unsigned long, double>
      Reference Count: 1
      Modified Time: 1993
      Debug: Off
      Object Name: 
      Observers: 
        none
      Pointer: 0x7f8abbf2a010
      Container manages memory: true
      Size: 8530021
      Capacity: 8530021

     Moving image = Image (0x34dc400)
  RTTI typeinfo:   itk::Image<double, 3u>
  Reference Count: 2
  Modified Time: 2386
  Debug: Off
  Object Name: 
  Observers: 
    none
  Source: (none)
  Source output name: (none)
  Release Data: Off
  Data Released: False
  Global Release Data: Off
  PipelineMTime: 0
  UpdateMTime: 2383
  RealTimeStamp: 0 seconds 
  LargestPossibleRegion: 
    Dimension: 3
    Index: [0, 0, 0]
    Size: [160, 240, 256]
  BufferedRegion: 
    Dimension: 3
    Index: [0, 0, 0]
    Size: [160, 240, 256]
  RequestedRegion: 
    Dimension: 3
    Index: [0, 0, 0]
    Size: [160, 240, 256]
  Spacing: [1, 1, 1]
  Origin: [91.5134, 94.282, -109.927]
  Direction: 
-0.99591 -0.0698718 -0.0572835
0.0697565 -0.997556 0.00401236
-0.0574239 5.01125e-08 0.99835

  IndexToPointMatrix: 
-0.99591 -0.0698718 -0.0572835
0.0697565 -0.997556 0.00401236
-0.0574239 5.01125e-08 0.99835

  PointToIndexMatrix: 
-0.99591 0.0697565 -0.0574239
-0.0698718 -0.997556 -1.57394e-07
-0.0572835 0.00401239 0.99835

  Inverse Direction: 
-0.99591 0.0697565 -0.0574239
-0.0698718 -0.997556 -1.57394e-07
-0.0572835 0.00401239 0.99835

  PixelContainer: 
    ImportImageContainer (0x36b06d0)
      RTTI typeinfo:   itk::ImportImageContainer<unsigned long, double>
      Reference Count: 1
      Modified Time: 2380
      Debug: Off
      Object Name: 
      Observers: 
        none
      Pointer: 0x7f8ab7429010
      Container manages memory: true
      Size: 9830400
      Capacity: 9830400

     Weighting = 1
     Sampling strategy = regular
     Number of bins = 32
     Radius = 4
     Sampling percentage  = 0.25
   Transform = Rigid
     Gradient step = 0.1
     Update field sigma (voxel space) = 0
     Total field sigma (voxel space) = 0
     Update field time sigma = 0
     Total field time sigma  = 0
     Number of time indices = 0
     Number of time point samples = 0
Stage 2 State
   Image metric = MattesMI
     Fixed image = Image (0x34e7660)
  RTTI typeinfo:   itk::Image<double, 3u>
  Reference Count: 2
  Modified Time: 3161
  Debug: Off
  Object Name: 
  Observers: 
    none
  Source: (none)
  Source output name: (none)
  Release Data: Off
  Data Released: False
  Global Release Data: Off
  PipelineMTime: 0
  UpdateMTime: 2772
  RealTimeStamp: 0 seconds 
  LargestPossibleRegion: 
    Dimension: 3
    Index: [0, 0, 0]
    Size: [193, 229, 193]
  BufferedRegion: 
    Dimension: 3
    Index: [0, 0, 0]
    Size: [193, 229, 193]
  RequestedRegion: 
    Dimension: 3
    Index: [0, 0, 0]
    Size: [193, 229, 193]
  Spacing: [1, 1, 1]
  Origin: [96, 132, -78]
  Direction: 
-1 0 0
0 -1 0
0 0 1

  IndexToPointMatrix: 
-1 0 0
0 -1 0
0 0 1

  PointToIndexMatrix: 
-1 0 0
0 -1 0
0 0 1

  Inverse Direction: 
-1 0 0
0 -1 0
0 0 1

  PixelContainer: 
    ImportImageContainer (0x350a8a0)
      RTTI typeinfo:   itk::ImportImageContainer<unsigned long, double>
      Reference Count: 1
      Modified Time: 2769
      Debug: Off
      Object Name: 
      Observers: 
        none
      Pointer: 0x7f8ab3314010
      Container manages memory: true
      Size: 8530021
      Capacity: 8530021

     Moving image = Image (0x34e9d80)
  RTTI typeinfo:   itk::Image<double, 3u>
  Reference Count: 2
  Modified Time: 3162
  Debug: Off
  Object Name: 
  Observers: 
    none
  Source: (none)
  Source output name: (none)
  Release Data: Off
  Data Released: False
  Global Release Data: Off
  PipelineMTime: 0
  UpdateMTime: 3159
  RealTimeStamp: 0 seconds 
  LargestPossibleRegion: 
    Dimension: 3
    Index: [0, 0, 0]
    Size: [160, 240, 256]
  BufferedRegion: 
    Dimension: 3
    Index: [0, 0, 0]
    Size: [160, 240, 256]
  RequestedRegion: 
    Dimension: 3
    Index: [0, 0, 0]
    Size: [160, 240, 256]
  Spacing: [1, 1, 1]
  Origin: [91.5134, 94.282, -109.927]
  Direction: 
-0.99591 -0.0698718 -0.0572835
0.0697565 -0.997556 0.00401236
-0.0574239 5.01125e-08 0.99835

  IndexToPointMatrix: 
-0.99591 -0.0698718 -0.0572835
0.0697565 -0.997556 0.00401236
-0.0574239 5.01125e-08 0.99835

  PointToIndexMatrix: 
-0.99591 0.0697565 -0.0574239
-0.0698718 -0.997556 -1.57394e-07
-0.0572835 0.00401239 0.99835

  Inverse Direction: 
-0.99591 0.0697565 -0.0574239
-0.0698718 -0.997556 -1.57394e-07
-0.0572835 0.00401239 0.99835

  PixelContainer: 
    ImportImageContainer (0x35b04d0)
      RTTI typeinfo:   itk::ImportImageContainer<unsigned long, double>
      Reference Count: 1
      Modified Time: 3156
      Debug: Off
      Object Name: 
      Observers: 
        none
      Pointer: 0x7f8aae813010
      Container manages memory: true
      Size: 9830400
      Capacity: 9830400

     Weighting = 1
     Sampling strategy = regular
     Number of bins = 32
     Radius = 4
     Sampling percentage  = 0.25
   Transform = Affine
     Gradient step = 0.1
     Update field sigma (voxel space) = 0
     Total field sigma (voxel space) = 0
     Update field time sigma = 0
     Total field time sigma  = 0
     Number of time indices = 0
     Number of time point samples = 0
Stage 3 State
   Image metric = CC
     Fixed image = Image (0x34e8f30)
  RTTI typeinfo:   itk::Image<double, 3u>
  Reference Count: 2
  Modified Time: 3937
  Debug: Off
  Object Name: 
  Observers: 
    none
  Source: (none)
  Source output name: (none)
  Release Data: Off
  Data Released: False
  Global Release Data: Off
  PipelineMTime: 0
  UpdateMTime: 3548
  RealTimeStamp: 0 seconds 
  LargestPossibleRegion: 
    Dimension: 3
    Index: [0, 0, 0]
    Size: [193, 229, 193]
  BufferedRegion: 
    Dimension: 3
    Index: [0, 0, 0]
    Size: [193, 229, 193]
  RequestedRegion: 
    Dimension: 3
    Index: [0, 0, 0]
    Size: [193, 229, 193]
  Spacing: [1, 1, 1]
  Origin: [96, 132, -78]
  Direction: 
-1 0 0
0 -1 0
0 0 1

  IndexToPointMatrix: 
-1 0 0
0 -1 0
0 0 1

  PointToIndexMatrix: 
-1 0 0
0 -1 0
0 0 1

  Inverse Direction: 
-1 0 0
0 -1 0
0 0 1

  PixelContainer: 
    ImportImageContainer (0x36a88b0)
      RTTI typeinfo:   itk::ImportImageContainer<unsigned long, double>
      Reference Count: 1
      Modified Time: 3545
      Debug: Off
      Object Name: 
      Observers: 
        none
      Pointer: 0x7f8aaa6fe010
      Container manages memory: true
      Size: 8530021
      Capacity: 8530021

     Moving image = Image (0x34e63f0)
  RTTI typeinfo:   itk::Image<double, 3u>
  Reference Count: 2
  Modified Time: 3938
  Debug: Off
  Object Name: 
  Observers: 
    none
  Source: (none)
  Source output name: (none)
  Release Data: Off
  Data Released: False
  Global Release Data: Off
  PipelineMTime: 0
  UpdateMTime: 3935
  RealTimeStamp: 0 seconds 
  LargestPossibleRegion: 
    Dimension: 3
    Index: [0, 0, 0]
    Size: [160, 240, 256]
  BufferedRegion: 
    Dimension: 3
    Index: [0, 0, 0]
    Size: [160, 240, 256]
  RequestedRegion: 
    Dimension: 3
    Index: [0, 0, 0]
    Size: [160, 240, 256]
  Spacing: [1, 1, 1]
  Origin: [91.5134, 94.282, -109.927]
  Direction: 
-0.99591 -0.0698718 -0.0572835
0.0697565 -0.997556 0.00401236
-0.0574239 5.01125e-08 0.99835

  IndexToPointMatrix: 
-0.99591 -0.0698718 -0.0572835
0.0697565 -0.997556 0.00401236
-0.0574239 5.01125e-08 0.99835

  PointToIndexMatrix: 
-0.99591 0.0697565 -0.0574239
-0.0698718 -0.997556 -1.57394e-07
-0.0572835 0.00401239 0.99835

  Inverse Direction: 
-0.99591 0.0697565 -0.0574239
-0.0698718 -0.997556 -1.57394e-07
-0.0572835 0.00401239 0.99835

  PixelContainer: 
    ImportImageContainer (0x36706d0)
      RTTI typeinfo:   itk::ImportImageContainer<unsigned long, double>
      Reference Count: 1
      Modified Time: 3932
      Debug: Off
      Object Name: 
      Observers: 
        none
      Pointer: 0x7f8aa5bfd010
      Container manages memory: true
      Size: 9830400
      Capacity: 9830400

     Weighting = 1
     Sampling strategy = none
     Number of bins = 32
     Radius = 4
     Sampling percentage  = 1
   Transform = SyN
     Gradient step = 0.1
     Update field sigma (voxel space) = 3
     Total field sigma (voxel space) = 0
     Update field time sigma = 0
     Total field time sigma  = 0
     Number of time indices = 0
     Number of time point samples = 0
Registration using 3 total stages.

Stage 0
  iterations = 1000x500x250x100
  convergence threshold = 1e-06
  convergence window size = 10
  number of levels = 4
  using the Mattes MI metric (number of bins = 32, weight = 1, use gradient filter = 0)
  preprocessing:  winsorizing the image intensities
  Shrink factors (level 1 out of 4): [8, 8, 8]
  Shrink factors (level 2 out of 4): [4, 4, 4]
  Shrink factors (level 3 out of 4): [2, 2, 2]
  Shrink factors (level 4 out of 4): [1, 1, 1]
  smoothing sigmas per level: [3, 2, 1, 0]
  regular sampling (percentage = 0.25)

*** Running Euler3DTransform registration ***

DIAGNOSTIC,Iteration,metricValue,convergenceValue,ITERATION_TIME_INDEX,SINCE_LAST
*/mnt/lustre/mathdugre/fast-interpolate/datasets/ds004513/derivatives/flint/antsRegistration/r8-p22/sub-s033/Stage1_level1_Iter0001.nii.gz
2DIAGNOSTIC,     1, -4.949422508352e-01, 1.797693134862e+308, 0.0000e+00, 0.0000e+00, 
*/mnt/lustre/mathdugre/fast-interpolate/datasets/ds004513/derivatives/flint/antsRegistration/r8-p22/sub-s033/Stage1_level1_Iter0002.nii.gz
2DIAGNOSTIC,     2, -4.969274958924e-01, 1.797693134862e+308, 0.0000e+00, 0.0000e+00, 
*/mnt/lustre/mathdugre/fast-interpolate/datasets/ds004513/derivatives/flint/antsRegistration/r8-p22/sub-s033/Stage1_level1_Iter0003.nii.gz
2DIAGNOSTIC,     3, -5.000165451420e-01, 1.797693134862e+308, 0.0000e+00, 0.0000e+00, 
*/mnt/lustre/mathdugre/fast-interpolate/datasets/ds004513/derivatives/flint/antsRegistration/r8-p22/sub-s033/Stage1_level1_Iter0004.nii.gz
2DIAGNOSTIC,     4, -5.032991528025e-01, 1.797693134862e+308, 0.0000e+00, 0.0000e+00, 
*/mnt/lustre/mathdugre/fast-interpolate/datasets/ds004513/derivatives/flint/antsRegistration/r8-p22/sub-s033/Stage1_level1_Iter0005.nii.gz
2DIAGNOSTIC,     5, -5.060096319904e-01, 1.797693134862e+308, 0.0000e+00, 0.0000e+00, 
*/mnt/lustre/mathdugre/fast-interpolate/datasets/ds004513/derivatives/flint/antsRegistration/r8-p22/sub-s033/Stage1_level1_Iter0006.nii.gz
2DIAGNOSTIC,     6, -5.092399227953e-01, 1.797693134862e+308, 0.0000e+00, 0.0000e+00, 
*/mnt/lustre/mathdugre/fast-interpolate/datasets/ds004513/derivatives/flint/antsRegistration/r8-p22/sub-s033/Stage1_level1_Iter0007.nii.gz
2DIAGNOSTIC,     7, -5.196427587585e-01, 1.797693134862e+308, 0.0000e+00, 0.0000e+00, 
*/mnt/lustre/mathdugre/fast-interpolate/datasets/ds004513/derivatives/flint/antsRegistration/r8-p22/sub-s033/Stage1_level1_Iter0008.nii.gz
2DIAGNOSTIC,     8, -5.230910664177e-01, 1.797693134862e+308, 0.0000e+00, 0.0000e+00, 
*/mnt/lustre/mathdugre/fast-interpolate/datasets/ds004513/derivatives/flint/antsRegistration/r8-p22/sub-s033/Stage1_level1_Iter0009.nii.gz
2DIAGNOSTIC,     9, -5.257275849184e-01, 1.797693134862e+308, 0.0000e+00, 0.0000e+00, 
*/mnt/lustre/mathdugre/fast-interpolate/datasets/ds004513/derivatives/flint/antsRegistration/r8-p22/sub-s033/Stage1_level1_Iter0010.nii.gz
2DIAGNOSTIC,    10, -5.393679811964e-01, 5.220085382462e-03, 0.0000e+00, 0.0000e+00, 
*/mnt/lustre/mathdugre/fast-interpolate/datasets/ds004513/derivatives/flint/antsRegistration/r8-p22/sub-s033/Stage1_level1_Iter0011.nii.gz
2DIAGNOSTIC,    11, -5.393676128670e-01, 5.139783024788e-03, 0.0000e+00, 0.0000e+00, 
*/mnt/lustre/mathdugre/fast-interpolate/datasets/ds004513/derivatives/flint/antsRegistration/r8-p22/sub-s033/Stage1_level1_Iter0012.nii.gz
2DIAGNOSTIC,    12, -5.393692277385e-01, 4.705995321274e-03, 0.0000e+00, 0.0000e+00, 
*/mnt/lustre/mathdugre/fast-interpolate/datasets/ds004513/derivatives/flint/antsRegistration/r8-p22/sub-s033/Stage1_level1_Iter0013.nii.gz
2DIAGNOSTIC,    13, -5.393721737016e-01, 4.053384065628e-03, 0.0000e+00, 0.0000e+00, 
*/mnt/lustre/mathdugre/fast-interpolate/datasets/ds004513/derivatives/flint/antsRegistration/r8-p22/sub-s033/Stage1_level1_Iter0014.nii.gz
2DIAGNOSTIC,    14, -5.393769374908e-01, 3.259882330894e-03, 0.0000e+00, 0.0000e+00, 
*/mnt/lustre/mathdugre/fast-interpolate/datasets/ds004513/derivatives/flint/antsRegistration/r8-p22/sub-s033/Stage1_level1_Iter0015.nii.gz
2DIAGNOSTIC,    15, -5.393849437945e-01, 2.372696995735e-03, 0.0000e+00, 0.0000e+00, 
*/mnt/lustre/mathdugre/fast-interpolate/datasets/ds004513/derivatives/flint/antsRegistration/r8-p22/sub-s033/Stage1_level1_Iter0016.nii.gz
2DIAGNOSTIC,    16, -5.393985878076e-01, 1.484483480453e-03, 0.0000e+00, 0.0000e+00, 
*/mnt/lustre/mathdugre/fast-interpolate/datasets/ds004513/derivatives/flint/antsRegistration/r8-p22/sub-s033/Stage1_level1_Iter0017.nii.gz
2DIAGNOSTIC,    17, -5.394218056034e-01, 9.059309959412e-04, 0.0000e+00, 0.0000e+00, 
*/mnt/lustre/mathdugre/fast-interpolate/datasets/ds004513/derivatives/flint/antsRegistration/r8-p22/sub-s033/Stage1_level1_Iter0018.nii.gz
2DIAGNOSTIC,    18, -5.394608303212e-01, 4.178956151009e-04, 0.0000e+00, 0.0000e+00, 
*/mnt/lustre/mathdugre/fast-interpolate/datasets/ds004513/derivatives/flint/antsRegistration/r8-p22/sub-s033/Stage1_level1_Iter0019.nii.gz
2DIAGNOSTIC,    19, -5.395274445508e-01, 1.003593206406e-05, 0.0000e+00, 0.0000e+00, 
*/mnt/lustre/mathdugre/fast-interpolate/datasets/ds004513/derivatives/flint/antsRegistration/r8-p22/sub-s033/Stage1_level1_Iter0020.nii.gz
2DIAGNOSTIC,    20, -5.396400046592e-01, 1.505762338638e-05, 0.0000e+00, 0.0000e+00, 
*/mnt/lustre/mathdugre/fast-interpolate/datasets/ds004513/derivatives/flint/antsRegistration/r8-p22/sub-s033/Stage1_level1_Iter0021.nii.gz
2DIAGNOSTIC,    21, -5.398319642891e-01, 2.318620681763e-05, 0.0000e+00, 0.0000e+00, 
*/mnt/lustre/mathdugre/fast-interpolate/datasets/ds004513/derivatives/flint/antsRegistration/r8-p22/sub-s033/Stage1_level1_Iter0022.nii.gz
2DIAGNOSTIC,    22, -5.401579371399e-01, 3.651529550552e-05, 0.0000e+00, 0.0000e+00, 
*/mnt/lustre/mathdugre/fast-interpolate/datasets/ds004513/derivatives/flint/antsRegistration/r8-p22/sub-s033/Stage1_level1_Iter0023.nii.gz
2DIAGNOSTIC,    23, -5.406989428193e-01, 5.796551704407e-05, 0.0000e+00, 0.0000e+00, 
*/mnt/lustre/mathdugre/fast-interpolate/datasets/ds004513/derivatives/flint/antsRegistration/r8-p22/sub-s033/Stage1_level1_Iter0024.nii.gz
2DIAGNOSTIC,    24, -5.416545164170e-01, 9.360164403915e-05, 0.0000e+00, 0.0000e+00, 
*/mnt/lustre/mathdugre/fast-interpolate/datasets/ds004513/derivatives/flint/antsRegistration/r8-p22/sub-s033/Stage1_level1_Iter0025.nii.gz
2DIAGNOSTIC,    25, -5.431472145465e-01, 1.495406031609e-04, 0.0000e+00, 0.0000e+00, 
*/mnt/lustre/mathdugre/fast-interpolate/datasets/ds004513/derivatives/flint/antsRegistration/r8-p22/sub-s033/Stage1_level1_Iter0026.nii.gz
2DIAGNOSTIC,    26, -5.449897947700e-01, 2.248808741570e-04, 0.0000e+00, 0.0000e+00, 
*/mnt/lustre/mathdugre/fast-interpolate/datasets/ds004513/derivatives/flint/antsRegistration/r8-p22/sub-s033/Stage1_level1_Iter0027.nii.gz
2DIAGNOSTIC,    27, -5.461340723594e-01, 2.961084246635e-04, 0.0000e+00, 0.0000e+00, 
*/mnt/lustre/mathdugre/fast-interpolate/datasets/ds004513/derivatives/flint/antsRegistration/r8-p22/sub-s033/Stage1_level1_Iter0028.nii.gz
2DIAGNOSTIC,    28, -5.474004293899e-01, 3.592967987061e-04, 0.0000e+00, 0.0000e+00, 
*/mnt/lustre/mathdugre/fast-interpolate/datasets/ds004513/derivatives/flint/antsRegistration/r8-p22/sub-s033/Stage1_level1_Iter0029.nii.gz
2DIAGNOSTIC,    29, -5.507678314106e-01, 4.472509026527e-04, 0.0000e+00, 0.0000e+00, 
*/mnt/lustre/mathdugre/fast-interpolate/datasets/ds004513/derivatives/flint/antsRegistration/r8-p22/sub-s033/Stage1_level1_Iter0030.nii.gz
2DIAGNOSTIC,    30, -5.563937191685e-01, 5.873814225197e-04, 0.0000e+00, 0.0000e+00, 
*/mnt/lustre/mathdugre/fast-interpolate/datasets/ds004513/derivatives/flint/antsRegistration/r8-p22/sub-s033/Stage1_level1_Iter0031.nii.gz
2DIAGNOSTIC,    31, -5.583082645626e-01, 6.966069340706e-04, 0.0000e+00, 0.0000e+00, 
*/mnt/lustre/mathdugre/fast-interpolate/datasets/ds004513/derivatives/flint/antsRegistration/r8-p22/sub-s033/Stage1_level1_Iter0032.nii.gz
2DIAGNOSTIC,    32, -5.595915209731e-01, 7.605478167534e-04, 0.0000e+00, 0.0000e+00, 
*/mnt/lustre/mathdugre/fast-interpolate/datasets/ds004513/derivatives/flint/antsRegistration/r8-p22/sub-s033/Stage1_level1_Iter0033.nii.gz
2DIAGNOSTIC,    33, -5.600550604799e-01, 7.656291127205e-04, 0.0000e+00, 0.0000e+00, 
*/mnt/lustre/mathdugre/fast-interpolate/datasets/ds004513/derivatives/flint/antsRegistration/r8-p22/sub-s033/Stage1_level1_Iter0034.nii.gz
2DIAGNOSTIC,    34, -5.602018954055e-01, 7.143318653107e-04, 0.0000e+00, 0.0000e+00, 
*/mnt/lustre/mathdugre/fast-interpolate/datasets/ds004513/derivatives/flint/antsRegistration/r8-p22/sub-s033/Stage1_level1_Iter0035.nii.gz
2DIAGNOSTIC,    35, -5.610403654717e-01, 6.320029497147e-04, 0.0000e+00, 0.0000e+00, 
*/mnt/lustre/mathdugre/fast-interpolate/datasets/ds004513/derivatives/flint/antsRegistration/r8-p22/sub-s033/Stage1_level1_Iter0036.nii.gz
2DIAGNOSTIC,    36, -5.611298523606e-01, 5.224049091339e-04, 0.0000e+00, 0.0000e+00, 
*/mnt/lustre/mathdugre/fast-interpolate/datasets/ds004513/derivatives/flint/antsRegistration/r8-p22/sub-s033/Stage1_level1_Iter0037.nii.gz
2DIAGNOSTIC,    37, -5.612852493941e-01, 3.890767693520e-04, 0.0000e+00, 0.0000e+00, 
*/mnt/lustre/mathdugre/fast-interpolate/datasets/ds004513/derivatives/flint/antsRegistration/r8-p22/sub-s033/Stage1_level1_Iter0038.nii.gz
2DIAGNOSTIC,    38, -5.616507617575e-01, 2.488158643246e-04, 0.0000e+00, 0.0000e+00, 
*/mnt/lustre/mathdugre/fast-interpolate/datasets/ds004513/derivatives/flint/antsRegistration/r8-p22/sub-s033/Stage1_level1_Iter0039.nii.gz
2DIAGNOSTIC,    39, -5.629982011398e-01, 1.544468104839e-04, 0.0000e+00, 0.0000e+00, 
*/mnt/lustre/mathdugre/fast-interpolate/datasets/ds004513/derivatives/flint/antsRegistration/r8-p22/sub-s033/Stage1_level1_Iter0040.nii.gz
2DIAGNOSTIC,    40, -5.664373323189e-01, 1.687183976173e-04, 0.0000e+00, 0.0000e+00, 
*/mnt/lustre/mathdugre/fast-interpolate/datasets/ds004513/derivatives/flint/antsRegistration/r8-p22/sub-s033/Stage1_level1_Iter0041.nii.gz
2DIAGNOSTIC,    41, -5.706947577107e-01, 2.440288662910e-04, 0.0000e+00, 0.0000e+00, 
*/mnt/lustre/mathdugre/fast-interpolate/datasets/ds004513/derivatives/flint/antsRegistration/r8-p22/sub-s033/Stage1_level1_Iter0042.nii.gz
2DIAGNOSTIC,    42, -5.759573600270e-01, 3.734007477760e-04, 0.0000e+00, 0.0000e+00, 
*/mnt/lustre/mathdugre/fast-interpolate/datasets/ds004513/derivatives/flint/antsRegistration/r8-p22/sub-s033/Stage1_level1_Iter0043.nii.gz
2DIAGNOSTIC,    43, -5.819831748223e-01, 5.392618477345e-04, 0.0000e+00, 0.0000e+00, 
*/mnt/lustre/mathdugre/fast-interpolate/datasets/ds004513/derivatives/flint/antsRegistration/r8-p22/sub-s033/Stage1_level1_Iter0044.nii.gz
2DIAGNOSTIC,    44, -5.846475410246e-01, 6.778761744499e-04, 0.0000e+00, 0.0000e+00, 
*/mnt/lustre/mathdugre/fast-interpolate/datasets/ds004513/derivatives/flint/antsRegistration/r8-p22/sub-s033/Stage1_level1_Iter0045.nii.gz
2DIAGNOSTIC,    45, -5.870216398367e-01, 7.825456559658e-04, 0.0000e+00, 0.0000e+00, 
*/mnt/lustre/mathdugre/fast-interpolate/datasets/ds004513/derivatives/flint/antsRegistration/r8-p22/sub-s033/Stage1_level1_Iter0046.nii.gz
2DIAGNOSTIC,    46, -5.978198365788e-01, 9.304545819759e-04, 0.0000e+00, 0.0000e+00, 
*/mnt/lustre/mathdugre/fast-interpolate/datasets/ds004513/derivatives/flint/antsRegistration/r8-p22/sub-s033/Stage1_level1_Iter0047.nii.gz
2DIAGNOSTIC,    47, -6.185686550973e-01, 1.209747046232e-03, 0.0000e+00, 0.0000e+00, 
*/mnt/lustre/mathdugre/fast-interpolate/datasets/ds004513/derivatives/flint/antsRegistration/r8-p22/sub-s033/Stage1_level1_Iter0048.nii.gz
2DIAGNOSTIC,    48, -6.228743270710e-01, 1.405429095030e-03, 0.0000e+00, 0.0000e+00, 
*/mnt/lustre/mathdugre/fast-interpolate/datasets/ds004513/derivatives/flint/antsRegistration/r8-p22/sub-s033/Stage1_level1_Iter0049.nii.gz
2DIAGNOSTIC,    49, -6.242616049827e-01, 1.489400863647e-03, 0.0000e+00, 0.0000e+00, 
*/mnt/lustre/mathdugre/fast-interpolate/datasets/ds004513/derivatives/flint/antsRegistration/r8-p22/sub-s033/Stage1_level1_Iter0050.nii.gz
2DIAGNOSTIC,    50, -6.250224210132e-01, 1.473601907492e-03, 0.0000e+00, 0.0000e+00, 
*/mnt/lustre/mathdugre/fast-interpolate/datasets/ds004513/derivatives/flint/antsRegistration/r8-p22/sub-s033/Stage1_level1_Iter0051.nii.gz
2DIAGNOSTIC,    51, -6.279812200913e-01, 1.387830823660e-03, 0.0000e+00, 0.0000e+00, 
*/mnt/lustre/mathdugre/fast-interpolate/datasets/ds004513/derivatives/flint/antsRegistration/r8-p22/sub-s033/Stage1_level1_Iter0052.nii.gz
2DIAGNOSTIC,    52, -6.296457705884e-01, 1.235768198967e-03, 0.0000e+00, 0.0000e+00, 
*/mnt/lustre/mathdugre/fast-interpolate/datasets/ds004513/derivatives/flint/antsRegistration/r8-p22/sub-s033/Stage1_level1_Iter0053.nii.gz
2DIAGNOSTIC,    53, -6.303445355231e-01, 1.036588102579e-03, 0.0000e+00, 0.0000e+00, 
*/mnt/lustre/mathdugre/fast-interpolate/datasets/ds004513/derivatives/flint/antsRegistration/r8-p22/sub-s033/Stage1_level1_Iter0054.nii.gz
2DIAGNOSTIC,    54, -6.309292060927e-01, 7.810629904270e-04, 0.0000e+00, 0.0000e+00, 
*/mnt/lustre/mathdugre/fast-interpolate/datasets/ds004513/derivatives/flint/antsRegistration/r8-p22/sub-s033/Stage1_level1_Iter0055.nii.gz
2DIAGNOSTIC,    55, -6.314116019977e-01, 4.876963794231e-04, 0.0000e+00, 0.0000e+00, 
*/mnt/lustre/mathdugre/fast-interpolate/datasets/ds004513/derivatives/flint/antsRegistration/r8-p22/sub-s033/Stage1_level1_Iter0056.nii.gz
2DIAGNOSTIC,    56, -6.316870530716e-01, 2.546608448029e-04, 0.0000e+00, 0.0000e+00, 
*/mnt/lustre/mathdugre/fast-interpolate/datasets/ds004513/derivatives/flint/antsRegistration/r8-p22/sub-s033/Stage1_level1_Iter0057.nii.gz
2DIAGNOSTIC,    57, -6.326034199780e-01, 1.978650689125e-04, 0.0000e+00, 0.0000e+00, 
*/mnt/lustre/mathdugre/fast-interpolate/datasets/ds004513/derivatives/flint/antsRegistration/r8-p22/sub-s033/Stage1_level1_Iter0058.nii.gz
2DIAGNOSTIC,    58, -6.340108517106e-01, 1.739859580994e-04, 0.0000e+00, 0.0000e+00, 
*/mnt/lustre/mathdugre/fast-interpolate/datasets/ds004513/derivatives/flint/antsRegistration/r8-p22/sub-s033/Stage1_level1_Iter0059.nii.gz
2DIAGNOSTIC,    59, -6.350325886047e-01, 1.549907028675e-04, 0.0000e+00, 0.0000e+00, 
*/mnt/lustre/mathdugre/fast-interpolate/datasets/ds004513/derivatives/flint/antsRegistration/r8-p22/sub-s033/Stage1_level1_Iter0060.nii.gz
2DIAGNOSTIC,    60, -6.362401826433e-01, 1.378655433655e-04, 0.0000e+00, 0.0000e+00, 
*/mnt/lustre/mathdugre/fast-interpolate/datasets/ds004513/derivatives/flint/antsRegistration/r8-p22/sub-s033/Stage1_level1_Iter0061.nii.gz
2DIAGNOSTIC,    61, -6.389598583637e-01, 1.546107232571e-04, 0.0000e+00, 0.0000e+00, 
*/mnt/lustre/mathdugre/fast-interpolate/datasets/ds004513/derivatives/flint/antsRegistration/r8-p22/sub-s033/Stage1_level1_Iter0062.nii.gz
2DIAGNOSTIC,    62, -6.416945529372e-01, 1.909099519253e-04, 0.0000e+00, 0.0000e+00, 
*/mnt/lustre/mathdugre/fast-interpolate/datasets/ds004513/derivatives/flint/antsRegistration/r8-p22/sub-s033/Stage1_level1_Iter0063.nii.gz
2DIAGNOSTIC,    63, -6.436387228779e-01, 2.280734479427e-04, 0.0000e+00, 0.0000e+00, 
*/mnt/lustre/mathdugre/fast-interpolate/datasets/ds004513/derivatives/flint/antsRegistration/r8-p22/sub-s033/Stage1_level1_Iter0064.nii.gz
2DIAGNOSTIC,    64, -6.452883210491e-01, 2.594813704491e-04, 0.0000e+00, 0.0000e+00, 
*/mnt/lustre/mathdugre/fast-interpolate/datasets/ds004513/derivatives/flint/antsRegistration/r8-p22/sub-s033/Stage1_level1_Iter0065.nii.gz
2DIAGNOSTIC,    65, -6.453892487583e-01, 2.694651484489e-04, 0.0000e+00, 0.0000e+00, 
*/mnt/lustre/mathdugre/fast-interpolate/datasets/ds004513/derivatives/flint/antsRegistration/r8-p22/sub-s033/Stage1_level1_Iter0066.nii.gz
2DIAGNOSTIC,    66, -6.457183338725e-01, 2.577714622021e-04, 0.0000e+00, 0.0000e+00, 
*/mnt/lustre/mathdugre/fast-interpolate/datasets/ds004513/derivatives/flint/antsRegistration/r8-p22/sub-s033/Stage1_level1_Iter0067.nii.gz
2DIAGNOSTIC,    67, -6.458615529677e-01, 2.291724085808e-04, 0.0000e+00, 0.0000e+00, 
*/mnt/lustre/mathdugre/fast-interpolate/datasets/ds004513/derivatives/flint/antsRegistration/r8-p22/sub-s033/Stage1_level1_Iter0068.nii.gz
2DIAGNOSTIC,    68, -6.459402470929e-01, 1.902207732201e-04, 0.0000e+00, 0.0000e+00, 
*/mnt/lustre/mathdugre/fast-interpolate/datasets/ds004513/derivatives/flint/antsRegistration/r8-p22/sub-s033/Stage1_level1_Iter0069.nii.gz
2DIAGNOSTIC,    69, -6.460371135344e-01, 1.423805952072e-04, 0.0000e+00, 0.0000e+00, 
*/mnt/lustre/mathdugre/fast-interpolate/datasets/ds004513/derivatives/flint/antsRegistration/r8-p22/sub-s033/Stage1_level1_Iter0070.nii.gz
2DIAGNOSTIC,    70, -6.460475814172e-01, 9.085237979889e-05, 0.0000e+00, 0.0000e+00, 
*/mnt/lustre/mathdugre/fast-interpolate/datasets/ds004513/derivatives/flint/antsRegistration/r8-p22/sub-s033/Stage1_level1_Iter0071.nii.gz
2DIAGNOSTIC,    71, -6.464480299162e-01, 5.365908145905e-05, 0.0000e+00, 0.0000e+00, 
*/mnt/lustre/mathdugre/fast-interpolate/datasets/ds004513/derivatives/flint/antsRegistration/r8-p22/sub-s033/Stage1_level1_Iter0072.nii.gz
2DIAGNOSTIC,    72, -6.465476269263e-01, 3.153830766678e-05, 0.0000e+00, 0.0000e+00, 
*/mnt/lustre/mathdugre/fast-interpolate/datasets/ds004513/derivatives/flint/antsRegistration/r8-p22/sub-s033/Stage1_level1_Iter0073.nii.gz
2DIAGNOSTIC,    73, -6.465593113546e-01, 1.997500658035e-05, 0.0000e+00, 0.0000e+00, 
*/mnt/lustre/mathdugre/fast-interpolate/datasets/ds004513/derivatives/flint/antsRegistration/r8-p22/sub-s033/Stage1_level1_Iter0074.nii.gz
2DIAGNOSTIC,    74, -6.465662703942e-01, 1.791119575500e-05, 0.0000e+00, 0.0000e+00, 
*/mnt/lustre/mathdugre/fast-interpolate/datasets/ds004513/derivatives/flint/antsRegistration/r8-p22/sub-s033/Stage1_level1_Iter0075.nii.gz
2DIAGNOSTIC,    75, -6.465845920222e-01, 1.496449112892e-05, 0.0000e+00, 0.0000e+00, 
*/mnt/lustre/mathdugre/fast-interpolate/datasets/ds004513/derivatives/flint/antsRegistration/r8-p22/sub-s033/Stage1_level1_Iter0076.nii.gz
2DIAGNOSTIC,    76, -6.466235118175e-01, 1.301616430283e-05, 0.0000e+00, 0.0000e+00, 
*/mnt/lustre/mathdugre/fast-interpolate/datasets/ds004513/derivatives/flint/antsRegistration/r8-p22/sub-s033/Stage1_level1_Iter0077.nii.gz
2DIAGNOSTIC,    77, -6.466296580949e-01, 1.082569360733e-05, 0.0000e+00, 0.0000e+00, 
*/mnt/lustre/mathdugre/fast-interpolate/datasets/ds004513/derivatives/flint/antsRegistration/r8-p22/sub-s033/Stage1_level1_Iter0078.nii.gz
2DIAGNOSTIC,    78, -6.466304318215e-01, 8.221715688705e-06, 0.0000e+00, 0.0000e+00, 
*/mnt/lustre/mathdugre/fast-interpolate/datasets/ds004513/derivatives/flint/antsRegistration/r8-p22/sub-s033/Stage1_level1_Iter0079.nii.gz
2DIAGNOSTIC,    79, -6.466322231213e-01, 5.586072802544e-06, 0.0000e+00, 0.0000e+00, 
*/mnt/lustre/mathdugre/fast-interpolate/datasets/ds004513/derivatives/flint/antsRegistration/r8-p22/sub-s033/Stage1_level1_Iter0080.nii.gz
2DIAGNOSTIC,    80, -6.466341579844e-01, 2.538785338402e-06, 0.0000e+00, 0.0000e+00, 
*/mnt/lustre/mathdugre/fast-interpolate/datasets/ds004513/derivatives/flint/antsRegistration/r8-p22/sub-s033/Stage1_level1_Iter0081.nii.gz
2DIAGNOSTIC,    81, -6.466342672733e-01, 1.758337020874e-06, 0.0000e+00, 0.0000e+00, 
*/mnt/lustre/mathdugre/fast-interpolate/datasets/ds004513/derivatives/flint/antsRegistration/r8-p22/sub-s033/Stage1_level1_Iter0082.nii.gz
2DIAGNOSTIC,    82, -6.466339274742e-01, 1.451000571251e-06, 0.0000e+00, 0.0000e+00, 
*/mnt/lustre/mathdugre/fast-interpolate/datasets/ds004513/derivatives/flint/antsRegistration/r8-p22/sub-s033/Stage1_level1_Iter0083.nii.gz
2DIAGNOSTIC,    83, -6.466342735365e-01, 1.130625605583e-06, 0.0000e+00, 0.0000e+00, 
DIAGNOSTIC,Iteration,metricValue,convergenceValue,ITERATION_TIME_INDEX,SINCE_LAST
*/mnt/lustre/mathdugre/fast-interpolate/datasets/ds004513/derivatives/flint/antsRegistration/r8-p22/sub-s033/Stage1_level2_Iter0001.nii.gz
2DIAGNOSTIC,     1, -5.349498033802e-01, 1.797693134862e+308, 0.0000e+00, 0.0000e+00, 
*/mnt/lustre/mathdugre/fast-interpolate/datasets/ds004513/derivatives/flint/antsRegistration/r8-p22/sub-s033/Stage1_level2_Iter0002.nii.gz
2DIAGNOSTIC,     2, -5.359248708881e-01, 1.797693134862e+308, 0.0000e+00, 0.0000e+00, 
*/mnt/lustre/mathdugre/fast-interpolate/datasets/ds004513/derivatives/flint/antsRegistration/r8-p22/sub-s033/Stage1_level2_Iter0003.nii.gz
2DIAGNOSTIC,     3, -5.372789573439e-01, 1.797693134862e+308, 0.0000e+00, 0.0000e+00, 
*/mnt/lustre/mathdugre/fast-interpolate/datasets/ds004513/derivatives/flint/antsRegistration/r8-p22/sub-s033/Stage1_level2_Iter0004.nii.gz
2DIAGNOSTIC,     4, -5.385115665706e-01, 1.797693134862e+308, 0.0000e+00, 0.0000e+00, 
*/mnt/lustre/mathdugre/fast-interpolate/datasets/ds004513/derivatives/flint/antsRegistration/r8-p22/sub-s033/Stage1_level2_Iter0005.nii.gz
2DIAGNOSTIC,     5, -5.403693419747e-01, 1.797693134862e+308, 0.0000e+00, 0.0000e+00, 
*/mnt/lustre/mathdugre/fast-interpolate/datasets/ds004513/derivatives/flint/antsRegistration/r8-p22/sub-s033/Stage1_level2_Iter0006.nii.gz
2DIAGNOSTIC,     6, -5.418819280782e-01, 1.797693134862e+308, 0.0000e+00, 0.0000e+00, 
*/mnt/lustre/mathdugre/fast-interpolate/datasets/ds004513/derivatives/flint/antsRegistration/r8-p22/sub-s033/Stage1_level2_Iter0007.nii.gz
2DIAGNOSTIC,     7, -5.429085602527e-01, 1.797693134862e+308, 0.0000e+00, 0.0000e+00, 
*/mnt/lustre/mathdugre/fast-interpolate/datasets/ds004513/derivatives/flint/antsRegistration/r8-p22/sub-s033/Stage1_level2_Iter0008.nii.gz
2DIAGNOSTIC,     8, -5.429661911677e-01, 1.797693134862e+308, 0.0000e+00, 0.0000e+00, 
*/mnt/lustre/mathdugre/fast-interpolate/datasets/ds004513/derivatives/flint/antsRegistration/r8-p22/sub-s033/Stage1_level2_Iter0009.nii.gz
2DIAGNOSTIC,     9, -5.434789506360e-01, 1.797693134862e+308, 0.0000e+00, 0.0000e+00, 
*/mnt/lustre/mathdugre/fast-interpolate/datasets/ds004513/derivatives/flint/antsRegistration/r8-p22/sub-s033/Stage1_level2_Iter0010.nii.gz
2DIAGNOSTIC,    10, -5.437063216501e-01, 1.142352819443e-03, 0.0000e+00, 0.0000e+00, 
*/mnt/lustre/mathdugre/fast-interpolate/datasets/ds004513/derivatives/flint/antsRegistration/r8-p22/sub-s033/Stage1_level2_Iter0011.nii.gz
2DIAGNOSTIC,    11, -5.437447708328e-01, 8.778870105743e-04, 0.0000e+00, 0.0000e+00, 
*/mnt/lustre/mathdugre/fast-interpolate/datasets/ds004513/derivatives/flint/antsRegistration/r8-p22/sub-s033/Stage1_level2_Iter0012.nii.gz
2DIAGNOSTIC,    12, -5.438969384746e-01, 6.283819675446e-04, 0.0000e+00, 0.0000e+00, 
*/mnt/lustre/mathdugre/fast-interpolate/datasets/ds004513/derivatives/flint/antsRegistration/r8-p22/sub-s033/Stage1_level2_Iter0013.nii.gz
2DIAGNOSTIC,    13, -5.441769454676e-01, 4.272013902664e-04, 0.0000e+00, 0.0000e+00, 
*/mnt/lustre/mathdugre/fast-interpolate/datasets/ds004513/derivatives/flint/antsRegistration/r8-p22/sub-s033/Stage1_level2_Iter0014.nii.gz
2DIAGNOSTIC,    14, -5.449675221958e-01, 2.909749746323e-04, 0.0000e+00, 0.0000e+00, 
*/mnt/lustre/mathdugre/fast-interpolate/datasets/ds004513/derivatives/flint/antsRegistration/r8-p22/sub-s033/Stage1_level2_Iter0015.nii.gz
2DIAGNOSTIC,    15, -5.455891136547e-01, 2.315342426300e-04, 0.0000e+00, 0.0000e+00, 
*/mnt/lustre/mathdugre/fast-interpolate/datasets/ds004513/derivatives/flint/antsRegistration/r8-p22/sub-s033/Stage1_level2_Iter0016.nii.gz
2DIAGNOSTIC,    16, -5.456439016744e-01, 2.090781927109e-04, 0.0000e+00, 0.0000e+00, 
*/mnt/lustre/mathdugre/fast-interpolate/datasets/ds004513/derivatives/flint/antsRegistration/r8-p22/sub-s033/Stage1_level2_Iter0017.nii.gz
2DIAGNOSTIC,    17, -5.457690834606e-01, 2.064481377602e-04, 0.0000e+00, 0.0000e+00, 
*/mnt/lustre/mathdugre/fast-interpolate/datasets/ds004513/derivatives/flint/antsRegistration/r8-p22/sub-s033/Stage1_level2_Iter0018.nii.gz
2DIAGNOSTIC,    18, -5.458227664325e-01, 1.881122589111e-04, 0.0000e+00, 0.0000e+00, 
*/mnt/lustre/mathdugre/fast-interpolate/datasets/ds004513/derivatives/flint/antsRegistration/r8-p22/sub-s033/Stage1_level2_Iter0019.nii.gz
2DIAGNOSTIC,    19, -5.457946855798e-01, 1.672804355621e-04, 0.0000e+00, 0.0000e+00, 
*/mnt/lustre/mathdugre/fast-interpolate/datasets/ds004513/derivatives/flint/antsRegistration/r8-p22/sub-s033/Stage1_level2_Iter0020.nii.gz
2DIAGNOSTIC,    20, -5.458010686493e-01, 1.391768455505e-04, 0.0000e+00, 0.0000e+00, 
*/mnt/lustre/mathdugre/fast-interpolate/datasets/ds004513/derivatives/flint/antsRegistration/r8-p22/sub-s033/Stage1_level2_Iter0021.nii.gz
2DIAGNOSTIC,    21, -5.457871864700e-01, 1.017525792122e-04, 0.0000e+00, 0.0000e+00, 
*/mnt/lustre/mathdugre/fast-interpolate/datasets/ds004513/derivatives/flint/antsRegistration/r8-p22/sub-s033/Stage1_level2_Iter0022.nii.gz
2DIAGNOSTIC,    22, -5.457799933869e-01, 6.206333637238e-05, 0.0000e+00, 0.0000e+00, 
*/mnt/lustre/mathdugre/fast-interpolate/datasets/ds004513/derivatives/flint/antsRegistration/r8-p22/sub-s033/Stage1_level2_Iter0023.nii.gz
2DIAGNOSTIC,    23, -5.457719861549e-01, 2.601742744446e-05, 0.0000e+00, 0.0000e+00, 
*/mnt/lustre/mathdugre/fast-interpolate/datasets/ds004513/derivatives/flint/antsRegistration/r8-p22/sub-s033/Stage1_level2_Iter0024.nii.gz
2DIAGNOSTIC,    24, -5.457552676951e-01, 7.234513759613e-06, 0.0000e+00, 0.0000e+00, 
*/mnt/lustre/mathdugre/fast-interpolate/datasets/ds004513/derivatives/flint/antsRegistration/r8-p22/sub-s033/Stage1_level2_Iter0025.nii.gz
2DIAGNOSTIC,    25, -5.457606689399e-01, 2.533197402954e-06, 0.0000e+00, 0.0000e+00, 
DIAGNOSTIC,Iteration,metricValue,convergenceValue,ITERATION_TIME_INDEX,SINCE_LAST
*/mnt/lustre/mathdugre/fast-interpolate/datasets/ds004513/derivatives/flint/antsRegistration/r8-p22/sub-s033/Stage1_level3_Iter0001.nii.gz
2DIAGNOSTIC,     1, -4.639580978466e-01, 1.797693134862e+308, 0.0000e+00, 0.0000e+00, 
*/mnt/lustre/mathdugre/fast-interpolate/datasets/ds004513/derivatives/flint/antsRegistration/r8-p22/sub-s033/Stage1_level3_Iter0002.nii.gz
2DIAGNOSTIC,     2, -4.642015103413e-01, 1.797693134862e+308, 0.0000e+00, 0.0000e+00, 
*/mnt/lustre/mathdugre/fast-interpolate/datasets/ds004513/derivatives/flint/antsRegistration/r8-p22/sub-s033/Stage1_level3_Iter0003.nii.gz
2DIAGNOSTIC,     3, -4.644266760748e-01, 1.797693134862e+308, 0.0000e+00, 0.0000e+00, 
*/mnt/lustre/mathdugre/fast-interpolate/datasets/ds004513/derivatives/flint/antsRegistration/r8-p22/sub-s033/Stage1_level3_Iter0004.nii.gz
2DIAGNOSTIC,     4, -4.645414243292e-01, 1.797693134862e+308, 0.0000e+00, 0.0000e+00, 
*/mnt/lustre/mathdugre/fast-interpolate/datasets/ds004513/derivatives/flint/antsRegistration/r8-p22/sub-s033/Stage1_level3_Iter0005.nii.gz
2DIAGNOSTIC,     5, -4.647159623527e-01, 1.797693134862e+308, 0.0000e+00, 0.0000e+00, 
*/mnt/lustre/mathdugre/fast-interpolate/datasets/ds004513/derivatives/flint/antsRegistration/r8-p22/sub-s033/Stage1_level3_Iter0006.nii.gz
2DIAGNOSTIC,     6, -4.650341594984e-01, 1.797693134862e+308, 0.0000e+00, 0.0000e+00, 
*/mnt/lustre/mathdugre/fast-interpolate/datasets/ds004513/derivatives/flint/antsRegistration/r8-p22/sub-s033/Stage1_level3_Iter0007.nii.gz
2DIAGNOSTIC,     7, -4.659632477473e-01, 1.797693134862e+308, 0.0000e+00, 0.0000e+00, 
*/mnt/lustre/mathdugre/fast-interpolate/datasets/ds004513/derivatives/flint/antsRegistration/r8-p22/sub-s033/Stage1_level3_Iter0008.nii.gz
2DIAGNOSTIC,     8, -4.663753916711e-01, 1.797693134862e+308, 0.0000e+00, 0.0000e+00, 
*/mnt/lustre/mathdugre/fast-interpolate/datasets/ds004513/derivatives/flint/antsRegistration/r8-p22/sub-s033/Stage1_level3_Iter0009.nii.gz
2DIAGNOSTIC,     9, -4.664144988405e-01, 1.797693134862e+308, 0.0000e+00, 0.0000e+00, 
*/mnt/lustre/mathdugre/fast-interpolate/datasets/ds004513/derivatives/flint/antsRegistration/r8-p22/sub-s033/Stage1_level3_Iter0010.nii.gz
2DIAGNOSTIC,    10, -4.664759662442e-01, 4.024952650070e-04, 0.0000e+00, 0.0000e+00, 
