
##########################
# Experiment information #
##########################

EXPERIMENT_NAME: r8-p23
VFC_BACKENDS: libinterflop_vprec.so --range-binary32=8 --precision-binary32=23 --range-binary64=8 --precision-binary64=23

SIF_IMG: /mnt/lustre/mathdugre/containers/ants-vprec-no_metric.simg

SUBJECT_ID: s020
INPUT_IMG: /mnt/lustre/mathdugre/fast-interpolate/datasets/ds004513/derivatives/flint/antsBrainExtraction/sub-s020/BrainExtractionBrain.nii.gz
OUTPUT_DIR: /mnt/lustre/mathdugre/fast-interpolate/datasets/ds004513/derivatives/flint/antsRegistration/r8-p23/sub-s020

FIXED_IMG: /templateflow/tpl-MNI152NLin2009cAsym/tpl-MNI152NLin2009cAsym_res-01_desc-brain_T1w.nii.gz
DATA_DIR: /mnt/lustre/mathdugre/fast-interpolate/datasets/ds004513
TEMPLATEFLOW_DIR: /home/mathdugre/.cache/templateflow
ITK_GLOBAL_DEFAULT_NUMBER_OF_THREADS: 4
##########################

Info [verificarlo]: loaded backend libinterflop_vprec.so
Info [interflop-vprec]: load backend with: 
Info [interflop-vprec]: precision-binary32 = 23
Info [interflop-vprec]: range-binary32 = 8
Info [interflop-vprec]: precision-binary64 = 23
Info [interflop-vprec]: range-binary64 = 8
Info [interflop-vprec]: mode = ob
Info [interflop-vprec]: error-mode = rel
Info [interflop-vprec]: max-abs-error-exponent = -1022
Info [interflop-vprec]: daz = false
Info [interflop-vprec]: ftz = false
Info [interflop-vprec]: 	instrument = none
Info [interflop-vprec]: 	prec-input-file = (null)
Info [interflop-vprec]: 	prec-output-file = (null)
Info [interflop-vprec]: 	prec-log-file = (null)
All_Command_lines_OK
Using double precision for computations.
=============================================================================
The composite transform comprises the following transforms (in order): 
  1. Center of mass alignment using fixed image: /templateflow/tpl-MNI152NLin2009cAsym/tpl-MNI152NLin2009cAsym_res-01_desc-brain_T1w.nii.gz and moving image: /mnt/lustre/mathdugre/fast-interpolate/datasets/ds004513/derivatives/flint/antsBrainExtraction/sub-s020/BrainExtractionBrain.nii.gz (type = Euler3DTransform)
=============================================================================
  number of levels = 4
  number of levels = 4
  number of levels = 4
  fixed image: /templateflow/tpl-MNI152NLin2009cAsym/tpl-MNI152NLin2009cAsym_res-01_desc-brain_T1w.nii.gz
  moving image: /mnt/lustre/mathdugre/fast-interpolate/datasets/ds004513/derivatives/flint/antsBrainExtraction/sub-s020/BrainExtractionBrain.nii.gz
  fixed image: /templateflow/tpl-MNI152NLin2009cAsym/tpl-MNI152NLin2009cAsym_res-01_desc-brain_T1w.nii.gz
  moving image: /mnt/lustre/mathdugre/fast-interpolate/datasets/ds004513/derivatives/flint/antsBrainExtraction/sub-s020/BrainExtractionBrain.nii.gz
  fixed image: /templateflow/tpl-MNI152NLin2009cAsym/tpl-MNI152NLin2009cAsym_res-01_desc-brain_T1w.nii.gz
  moving image: /mnt/lustre/mathdugre/fast-interpolate/datasets/ds004513/derivatives/flint/antsBrainExtraction/sub-s020/BrainExtractionBrain.nii.gz
Dimension = 3
Number of stages = 3
Use histogram matching = false
Winsorize image intensities = true
  Lower quantile = 0.005
  Upper quantile = 0.995


Stage 1 State
   Image metric = MattesMI
     Fixed image = Image (0x380db30)
  RTTI typeinfo:   itk::Image<double, 3u>
  Reference Count: 2
  Modified Time: 2389
  Debug: Off
  Object Name: 
  Observers: 
    none
  Source: (none)
  Source output name: (none)
  Release Data: Off
  Data Released: False
  Global Release Data: Off
  PipelineMTime: 0
  UpdateMTime: 1998
  RealTimeStamp: 0 seconds 
  LargestPossibleRegion: 
    Dimension: 3
    Index: [0, 0, 0]
    Size: [193, 229, 193]
  BufferedRegion: 
    Dimension: 3
    Index: [0, 0, 0]
    Size: [193, 229, 193]
  RequestedRegion: 
    Dimension: 3
    Index: [0, 0, 0]
    Size: [193, 229, 193]
  Spacing: [1, 1, 1]
  Origin: [96, 132, -78]
  Direction: 
-1 0 0
0 -1 0
0 0 1

  IndexToPointMatrix: 
-1 0 0
0 -1 0
0 0 1

  PointToIndexMatrix: 
-1 0 0
0 -1 0
0 0 1

  Inverse Direction: 
-1 0 0
0 -1 0
0 0 1

  PixelContainer: 
    ImportImageContainer (0x38356b0)
      RTTI typeinfo:   itk::ImportImageContainer<unsigned long, double>
      Reference Count: 1
      Modified Time: 1995
      Debug: Off
      Object Name: 
      Observers: 
        none
      Pointer: 0x7f66a3cf0010
      Container manages memory: true
      Size: 8530021
      Capacity: 8530021

     Moving image = Image (0x3809400)
  RTTI typeinfo:   itk::Image<double, 3u>
  Reference Count: 2
  Modified Time: 2390
  Debug: Off
  Object Name: 
  Observers: 
    none
  Source: (none)
  Source output name: (none)
  Release Data: Off
  Data Released: False
  Global Release Data: Off
  PipelineMTime: 0
  UpdateMTime: 2387
  RealTimeStamp: 0 seconds 
  LargestPossibleRegion: 
    Dimension: 3
    Index: [0, 0, 0]
    Size: [160, 240, 256]
  BufferedRegion: 
    Dimension: 3
    Index: [0, 0, 0]
    Size: [160, 240, 256]
  RequestedRegion: 
    Dimension: 3
    Index: [0, 0, 0]
    Size: [160, 240, 256]
  Spacing: [0.999995, 1, 1]
  Origin: [87.0906, 98.7205, -152.377]
  Direction: 
-0.996975 0.0261379 -0.0731912
-0.0260677 -0.999658 -0.00191374
-0.0732163 -2.46403e-08 0.997316

  IndexToPointMatrix: 
-0.996971 0.0261379 -0.0731912
-0.0260676 -0.999658 -0.00191374
-0.0732159 -2.46403e-08 0.997316

  PointToIndexMatrix: 
-0.99698 -0.0260679 -0.0732166
0.0261379 -0.999658 -8.19564e-08
-0.0731913 -0.00191373 0.997316

  Inverse Direction: 
-0.996975 -0.0260677 -0.0732163
0.0261379 -0.999659 8.9407e-08
-0.0731913 -0.00191379 0.997316

  PixelContainer: 
    ImportImageContainer (0x39dd6d0)
      RTTI typeinfo:   itk::ImportImageContainer<unsigned long, double>
      Reference Count: 1
      Modified Time: 2384
      Debug: Off
      Object Name: 
      Observers: 
        none
      Pointer: 0x7f669f1ef010
      Container manages memory: true
      Size: 9830400
      Capacity: 9830400

     Weighting = 1
     Sampling strategy = regular
     Number of bins = 32
     Radius = 4
     Sampling percentage  = 0.25
   Transform = Rigid
     Gradient step = 0.1
     Update field sigma (voxel space) = 0
     Total field sigma (voxel space) = 0
     Update field time sigma = 0
     Total field time sigma  = 0
     Number of time indices = 0
     Number of time point samples = 0
Stage 2 State
   Image metric = MattesMI
     Fixed image = Image (0x3829d50)
  RTTI typeinfo:   itk::Image<double, 3u>
  Reference Count: 2
  Modified Time: 3167
  Debug: Off
  Object Name: 
  Observers: 
    none
  Source: (none)
  Source output name: (none)
  Release Data: Off
  Data Released: False
  Global Release Data: Off
  PipelineMTime: 0
  UpdateMTime: 2776
  RealTimeStamp: 0 seconds 
  LargestPossibleRegion: 
    Dimension: 3
    Index: [0, 0, 0]
    Size: [193, 229, 193]
  BufferedRegion: 
    Dimension: 3
    Index: [0, 0, 0]
    Size: [193, 229, 193]
  RequestedRegion: 
    Dimension: 3
    Index: [0, 0, 0]
    Size: [193, 229, 193]
  Spacing: [1, 1, 1]
  Origin: [96, 132, -78]
  Direction: 
-1 0 0
0 -1 0
0 0 1

  IndexToPointMatrix: 
-1 0 0
0 -1 0
0 0 1

  PointToIndexMatrix: 
-1 0 0
0 -1 0
0 0 1

  Inverse Direction: 
-1 0 0
0 -1 0
0 0 1

  PixelContainer: 
    ImportImageContainer (0x38e5570)
      RTTI typeinfo:   itk::ImportImageContainer<unsigned long, double>
      Reference Count: 1
      Modified Time: 2773
      Debug: Off
      Object Name: 
      Observers: 
        none
      Pointer: 0x7f669b0da010
      Container manages memory: true
      Size: 8530021
      Capacity: 8530021

     Moving image = Image (0x3813f50)
  RTTI typeinfo:   itk::Image<double, 3u>
  Reference Count: 2
  Modified Time: 3168
  Debug: Off
  Object Name: 
  Observers: 
    none
  Source: (none)
  Source output name: (none)
  Release Data: Off
  Data Released: False
  Global Release Data: Off
  PipelineMTime: 0
  UpdateMTime: 3165
  RealTimeStamp: 0 seconds 
  LargestPossibleRegion: 
    Dimension: 3
    Index: [0, 0, 0]
    Size: [160, 240, 256]
  BufferedRegion: 
    Dimension: 3
    Index: [0, 0, 0]
    Size: [160, 240, 256]
  RequestedRegion: 
    Dimension: 3
    Index: [0, 0, 0]
    Size: [160, 240, 256]
  Spacing: [0.999995, 1, 1]
  Origin: [87.0906, 98.7205, -152.377]
  Direction: 
-0.996975 0.0261379 -0.0731912
-0.0260677 -0.999658 -0.00191374
-0.0732163 -2.46403e-08 0.997316

  IndexToPointMatrix: 
-0.996971 0.0261379 -0.0731912
-0.0260676 -0.999658 -0.00191374
-0.0732159 -2.46403e-08 0.997316

  PointToIndexMatrix: 
-0.99698 -0.0260679 -0.0732166
0.0261379 -0.999658 -8.19564e-08
-0.0731913 -0.00191373 0.997316

  Inverse Direction: 
-0.996975 -0.0260677 -0.0732163
0.0261379 -0.999659 8.9407e-08
-0.0731913 -0.00191379 0.997316

  PixelContainer: 
    ImportImageContainer (0x39bd650)
      RTTI typeinfo:   itk::ImportImageContainer<unsigned long, double>
      Reference Count: 1
      Modified Time: 3162
      Debug: Off
      Object Name: 
      Observers: 
        none
      Pointer: 0x7f66965d9010
      Container manages memory: true
      Size: 9830400
      Capacity: 9830400

     Weighting = 1
     Sampling strategy = regular
     Number of bins = 32
     Radius = 4
     Sampling percentage  = 0.25
   Transform = Affine
     Gradient step = 0.1
     Update field sigma (voxel space) = 0
     Total field sigma (voxel space) = 0
     Update field time sigma = 0
     Total field time sigma  = 0
     Number of time indices = 0
     Number of time point samples = 0
Stage 3 State
   Image metric = CC
     Fixed image = Image (0x3814cf0)
  RTTI typeinfo:   itk::Image<double, 3u>
  Reference Count: 2
  Modified Time: 3945
  Debug: Off
  Object Name: 
  Observers: 
    none
  Source: (none)
  Source output name: (none)
  Release Data: Off
  Data Released: False
  Global Release Data: Off
  PipelineMTime: 0
  UpdateMTime: 3554
  RealTimeStamp: 0 seconds 
  LargestPossibleRegion: 
    Dimension: 3
    Index: [0, 0, 0]
    Size: [193, 229, 193]
  BufferedRegion: 
    Dimension: 3
    Index: [0, 0, 0]
    Size: [193, 229, 193]
  RequestedRegion: 
    Dimension: 3
    Index: [0, 0, 0]
    Size: [193, 229, 193]
  Spacing: [1, 1, 1]
  Origin: [96, 132, -78]
  Direction: 
-1 0 0
0 -1 0
0 0 1

  IndexToPointMatrix: 
-1 0 0
0 -1 0
0 0 1

  PointToIndexMatrix: 
-1 0 0
0 -1 0
0 0 1

  Inverse Direction: 
-1 0 0
0 -1 0
0 0 1

  PixelContainer: 
    ImportImageContainer (0x38f56b0)
      RTTI typeinfo:   itk::ImportImageContainer<unsigned long, double>
      Reference Count: 1
      Modified Time: 3551
      Debug: Off
      Object Name: 
      Observers: 
        none
      Pointer: 0x7f66924c4010
      Container manages memory: true
      Size: 8530021
      Capacity: 8530021

     Moving image = Image (0x3826480)
  RTTI typeinfo:   itk::Image<double, 3u>
  Reference Count: 2
  Modified Time: 3946
  Debug: Off
  Object Name: 
  Observers: 
    none
  Source: (none)
  Source output name: (none)
  Release Data: Off
  Data Released: False
  Global Release Data: Off
  PipelineMTime: 0
  UpdateMTime: 3943
  RealTimeStamp: 0 seconds 
  LargestPossibleRegion: 
    Dimension: 3
    Index: [0, 0, 0]
    Size: [160, 240, 256]
  BufferedRegion: 
    Dimension: 3
    Index: [0, 0, 0]
    Size: [160, 240, 256]
  RequestedRegion: 
    Dimension: 3
    Index: [0, 0, 0]
    Size: [160, 240, 256]
  Spacing: [0.999995, 1, 1]
  Origin: [87.0906, 98.7205, -152.377]
  Direction: 
-0.996975 0.0261379 -0.0731912
-0.0260677 -0.999658 -0.00191374
-0.0732163 -2.46403e-08 0.997316

  IndexToPointMatrix: 
-0.996971 0.0261379 -0.0731912
-0.0260676 -0.999658 -0.00191374
-0.0732159 -2.46403e-08 0.997316

  PointToIndexMatrix: 
-0.99698 -0.0260679 -0.0732166
0.0261379 -0.999658 -8.19564e-08
-0.0731913 -0.00191373 0.997316

  Inverse Direction: 
-0.996975 -0.0260677 -0.0732163
0.0261379 -0.999659 8.9407e-08
-0.0731913 -0.00191379 0.997316

  PixelContainer: 
    ImportImageContainer (0x3985750)
      RTTI typeinfo:   itk::ImportImageContainer<unsigned long, double>
      Reference Count: 1
      Modified Time: 3940
      Debug: Off
      Object Name: 
      Observers: 
        none
      Pointer: 0x7f668d9c3010
      Container manages memory: true
      Size: 9830400
      Capacity: 9830400

     Weighting = 1
     Sampling strategy = none
     Number of bins = 32
     Radius = 4
     Sampling percentage  = 1
   Transform = SyN
     Gradient step = 0.1
     Update field sigma (voxel space) = 3
     Total field sigma (voxel space) = 0
     Update field time sigma = 0
     Total field time sigma  = 0
     Number of time indices = 0
     Number of time point samples = 0
Registration using 3 total stages.

Stage 0
  iterations = 1000x500x250x100
  convergence threshold = 1e-06
  convergence window size = 10
  number of levels = 4
  using the Mattes MI metric (number of bins = 32, weight = 1, use gradient filter = 0)
  preprocessing:  winsorizing the image intensities
  Shrink factors (level 1 out of 4): [8, 8, 8]
  Shrink factors (level 2 out of 4): [4, 4, 4]
  Shrink factors (level 3 out of 4): [2, 2, 2]
  Shrink factors (level 4 out of 4): [1, 1, 1]
  smoothing sigmas per level: [3, 2, 1, 0]
  regular sampling (percentage = 0.25)

*** Running Euler3DTransform registration ***

DIAGNOSTIC,Iteration,metricValue,convergenceValue,ITERATION_TIME_INDEX,SINCE_LAST
*/mnt/lustre/mathdugre/fast-interpolate/datasets/ds004513/derivatives/flint/antsRegistration/r8-p23/sub-s020/Stage1_level1_Iter0001.nii.gz
2DIAGNOSTIC,     1, -3.776956334046e-01, 1.797693134862e+308, 1.2800e+02, 1.2800e+02, 
*/mnt/lustre/mathdugre/fast-interpolate/datasets/ds004513/derivatives/flint/antsRegistration/r8-p23/sub-s020/Stage1_level1_Iter0002.nii.gz
2DIAGNOSTIC,     2, -3.786825001451e-01, 1.797693134862e+308, 1.2800e+02, 0.0000e+00, 
*/mnt/lustre/mathdugre/fast-interpolate/datasets/ds004513/derivatives/flint/antsRegistration/r8-p23/sub-s020/Stage1_level1_Iter0003.nii.gz
2DIAGNOSTIC,     3, -3.821447680236e-01, 1.797693134862e+308, 1.2800e+02, 0.0000e+00, 
*/mnt/lustre/mathdugre/fast-interpolate/datasets/ds004513/derivatives/flint/antsRegistration/r8-p23/sub-s020/Stage1_level1_Iter0004.nii.gz
2DIAGNOSTIC,     4, -3.891744551343e-01, 1.797693134862e+308, 1.2800e+02, 0.0000e+00, 
*/mnt/lustre/mathdugre/fast-interpolate/datasets/ds004513/derivatives/flint/antsRegistration/r8-p23/sub-s020/Stage1_level1_Iter0005.nii.gz
2DIAGNOSTIC,     5, -3.915881014530e-01, 1.797693134862e+308, 1.2800e+02, 0.0000e+00, 
*/mnt/lustre/mathdugre/fast-interpolate/datasets/ds004513/derivatives/flint/antsRegistration/r8-p23/sub-s020/Stage1_level1_Iter0006.nii.gz
2DIAGNOSTIC,     6, -3.928936283403e-01, 1.797693134862e+308, 1.2800e+02, 0.0000e+00, 
*/mnt/lustre/mathdugre/fast-interpolate/datasets/ds004513/derivatives/flint/antsRegistration/r8-p23/sub-s020/Stage1_level1_Iter0007.nii.gz
2DIAGNOSTIC,     7, -4.109336502252e-01, 1.797693134862e+308, 1.2800e+02, 0.0000e+00, 
*/mnt/lustre/mathdugre/fast-interpolate/datasets/ds004513/derivatives/flint/antsRegistration/r8-p23/sub-s020/Stage1_level1_Iter0008.nii.gz
2DIAGNOSTIC,     8, -4.290458599162e-01, 1.797693134862e+308, 1.2800e+02, 0.0000e+00, 
*/mnt/lustre/mathdugre/fast-interpolate/datasets/ds004513/derivatives/flint/antsRegistration/r8-p23/sub-s020/Stage1_level1_Iter0009.nii.gz
2DIAGNOSTIC,     9, -4.385932966448e-01, 1.797693134862e+308, 1.2800e+02, 0.0000e+00, 
*/mnt/lustre/mathdugre/fast-interpolate/datasets/ds004513/derivatives/flint/antsRegistration/r8-p23/sub-s020/Stage1_level1_Iter0010.nii.gz
2DIAGNOSTIC,    10, -4.394262271272e-01, 1.110122352839e-02, 1.2800e+02, 0.0000e+00, 
*/mnt/lustre/mathdugre/fast-interpolate/datasets/ds004513/derivatives/flint/antsRegistration/r8-p23/sub-s020/Stage1_level1_Iter0011.nii.gz
2DIAGNOSTIC,    11, -4.424696783217e-01, 1.074149459600e-02, 1.2800e+02, 0.0000e+00, 
*/mnt/lustre/mathdugre/fast-interpolate/datasets/ds004513/derivatives/flint/antsRegistration/r8-p23/sub-s020/Stage1_level1_Iter0012.nii.gz
2DIAGNOSTIC,    12, -4.448705813928e-01, 9.666033089161e-03, 1.2800e+02, 0.0000e+00, 
*/mnt/lustre/mathdugre/fast-interpolate/datasets/ds004513/derivatives/flint/antsRegistration/r8-p23/sub-s020/Stage1_level1_Iter0013.nii.gz
2DIAGNOSTIC,    13, -4.450491097518e-01, 8.064247667789e-03, 1.2800e+02, 0.0000e+00, 
*/mnt/lustre/mathdugre/fast-interpolate/datasets/ds004513/derivatives/flint/antsRegistration/r8-p23/sub-s020/Stage1_level1_Iter0014.nii.gz
2DIAGNOSTIC,    14, -4.451092574173e-01, 6.330743432045e-03, 1.2800e+02, 0.0000e+00, 
*/mnt/lustre/mathdugre/fast-interpolate/datasets/ds004513/derivatives/flint/antsRegistration/r8-p23/sub-s020/Stage1_level1_Iter0015.nii.gz
2DIAGNOSTIC,    15, -4.452616115782e-01, 4.406236112118e-03, 1.2800e+02, 0.0000e+00, 
*/mnt/lustre/mathdugre/fast-interpolate/datasets/ds004513/derivatives/flint/antsRegistration/r8-p23/sub-s020/Stage1_level1_Iter0016.nii.gz
2DIAGNOSTIC,    16, -4.454017813707e-01, 2.387940883636e-03, 1.2800e+02, 0.0000e+00, 
*/mnt/lustre/mathdugre/fast-interpolate/datasets/ds004513/derivatives/flint/antsRegistration/r8-p23/sub-s020/Stage1_level1_Iter0017.nii.gz
2DIAGNOSTIC,    17, -4.454139920087e-01, 1.103021204472e-03, 1.2800e+02, 0.0000e+00, 
*/mnt/lustre/mathdugre/fast-interpolate/datasets/ds004513/derivatives/flint/antsRegistration/r8-p23/sub-s020/Stage1_level1_Iter0018.nii.gz
2DIAGNOSTIC,    18, -4.454257491374e-01, 5.379319190979e-04, 1.2800e+02, 0.0000e+00, 
*/mnt/lustre/mathdugre/fast-interpolate/datasets/ds004513/derivatives/flint/antsRegistration/r8-p23/sub-s020/Stage1_level1_Iter0019.nii.gz
2DIAGNOSTIC,    19, -4.454518068605e-01, 3.264620900154e-04, 1.2800e+02, 0.0000e+00, 
*/mnt/lustre/mathdugre/fast-interpolate/datasets/ds004513/derivatives/flint/antsRegistration/r8-p23/sub-s020/Stage1_level1_Iter0020.nii.gz
2DIAGNOSTIC,    20, -4.457632824535e-01, 1.434646546841e-04, 1.2800e+02, 0.0000e+00, 
*/mnt/lustre/mathdugre/fast-interpolate/datasets/ds004513/derivatives/flint/antsRegistration/r8-p23/sub-s020/Stage1_level1_Iter0021.nii.gz
2DIAGNOSTIC,    21, -4.492585261044e-01, 1.712478697300e-04, 1.2800e+02, 0.0000e+00, 
*/mnt/lustre/mathdugre/fast-interpolate/datasets/ds004513/derivatives/flint/antsRegistration/r8-p23/sub-s020/Stage1_level1_Iter0022.nii.gz
2DIAGNOSTIC,    22, -4.510270431748e-01, 3.038719296455e-04, 1.2800e+02, 0.0000e+00, 
*/mnt/lustre/mathdugre/fast-interpolate/datasets/ds004513/derivatives/flint/antsRegistration/r8-p23/sub-s020/Stage1_level1_Iter0023.nii.gz
2DIAGNOSTIC,    23, -4.523478038990e-01, 4.393495619297e-04, 1.2800e+02, 0.0000e+00, 
*/mnt/lustre/mathdugre/fast-interpolate/datasets/ds004513/derivatives/flint/antsRegistration/r8-p23/sub-s020/Stage1_level1_Iter0024.nii.gz
2DIAGNOSTIC,    24, -4.533224741228e-01, 5.515106022358e-04, 1.2800e+02, 0.0000e+00, 
*/mnt/lustre/mathdugre/fast-interpolate/datasets/ds004513/derivatives/flint/antsRegistration/r8-p23/sub-s020/Stage1_level1_Iter0025.nii.gz
2DIAGNOSTIC,    25, -4.541539010737e-01, 6.285011768341e-04, 1.2800e+02, 0.0000e+00, 
*/mnt/lustre/mathdugre/fast-interpolate/datasets/ds004513/derivatives/flint/antsRegistration/r8-p23/sub-s020/Stage1_level1_Iter0026.nii.gz
2DIAGNOSTIC,    26, -4.547632779518e-01, 6.579346954823e-04, 1.2800e+02, 0.0000e+00, 
*/mnt/lustre/mathdugre/fast-interpolate/datasets/ds004513/derivatives/flint/antsRegistration/r8-p23/sub-s020/Stage1_level1_Iter0027.nii.gz
2DIAGNOSTIC,    27, -4.549613867035e-01, 6.276294589043e-04, 1.2800e+02, 0.0000e+00, 
*/mnt/lustre/mathdugre/fast-interpolate/datasets/ds004513/derivatives/flint/antsRegistration/r8-p23/sub-s020/Stage1_level1_Iter0028.nii.gz
2DIAGNOSTIC,    28, -4.557104525215e-01, 5.594640970230e-04, 1.2800e+02, 0.0000e+00, 
*/mnt/lustre/mathdugre/fast-interpolate/datasets/ds004513/derivatives/flint/antsRegistration/r8-p23/sub-s020/Stage1_level1_Iter0029.nii.gz
2DIAGNOSTIC,    29, -4.565139936229e-01, 4.630014300346e-04, 1.2800e+02, 0.0000e+00, 
*/mnt/lustre/mathdugre/fast-interpolate/datasets/ds004513/derivatives/flint/antsRegistration/r8-p23/sub-s020/Stage1_level1_Iter0030.nii.gz
2DIAGNOSTIC,    30, -4.577506386235e-01, 3.615431487560e-04, 1.2800e+02, 0.0000e+00, 
*/mnt/lustre/mathdugre/fast-interpolate/datasets/ds004513/derivatives/flint/antsRegistration/r8-p23/sub-s020/Stage1_level1_Iter0031.nii.gz
2DIAGNOSTIC,    31, -4.583178118023e-01, 3.175958991051e-04, 1.2800e+02, 0.0000e+00, 
*/mnt/lustre/mathdugre/fast-interpolate/datasets/ds004513/derivatives/flint/antsRegistration/r8-p23/sub-s020/Stage1_level1_Iter0032.nii.gz
2DIAGNOSTIC,    32, -4.589763438010e-01, 2.958811819553e-04, 1.2800e+02, 0.0000e+00, 
*/mnt/lustre/mathdugre/fast-interpolate/datasets/ds004513/derivatives/flint/antsRegistration/r8-p23/sub-s020/Stage1_level1_Iter0033.nii.gz
2DIAGNOSTIC,    33, -4.609969835705e-01, 3.132373094559e-04, 1.2800e+02, 0.0000e+00, 
*/mnt/lustre/mathdugre/fast-interpolate/datasets/ds004513/derivatives/flint/antsRegistration/r8-p23/sub-s020/Stage1_level1_Iter0034.nii.gz
2DIAGNOSTIC,    34, -4.610897632250e-01, 3.188997507095e-04, 1.2800e+02, 0.0000e+00, 
*/mnt/lustre/mathdugre/fast-interpolate/datasets/ds004513/derivatives/flint/antsRegistration/r8-p23/sub-s020/Stage1_level1_Iter0035.nii.gz
2DIAGNOSTIC,    35, -4.612170330207e-01, 3.119073808193e-04, 1.2800e+02, 0.0000e+00, 
*/mnt/lustre/mathdugre/fast-interpolate/datasets/ds004513/derivatives/flint/antsRegistration/r8-p23/sub-s020/Stage1_level1_Iter0036.nii.gz
2DIAGNOSTIC,    36, -4.613659612968e-01, 2.899970859289e-04, 1.2800e+02, 0.0000e+00, 
*/mnt/lustre/mathdugre/fast-interpolate/datasets/ds004513/derivatives/flint/antsRegistration/r8-p23/sub-s020/Stage1_level1_Iter0037.nii.gz
2DIAGNOSTIC,    37, -4.613631424776e-01, 2.450365573168e-04, 1.2800e+02, 0.0000e+00, 
*/mnt/lustre/mathdugre/fast-interpolate/datasets/ds004513/derivatives/flint/antsRegistration/r8-p23/sub-s020/Stage1_level1_Iter0038.nii.gz
2DIAGNOSTIC,    38, -4.614028830019e-01, 1.922100782394e-04, 1.2800e+02, 0.0000e+00, 
*/mnt/lustre/mathdugre/fast-interpolate/datasets/ds004513/derivatives/flint/antsRegistration/r8-p23/sub-s020/Stage1_level1_Iter0039.nii.gz
2DIAGNOSTIC,    39, -4.615825259996e-01, 1.398641616106e-04, 1.2800e+02, 0.0000e+00, 
*/mnt/lustre/mathdugre/fast-interpolate/datasets/ds004513/derivatives/flint/antsRegistration/r8-p23/sub-s020/Stage1_level1_Iter0040.nii.gz
2DIAGNOSTIC,    40, -4.618753691559e-01, 1.019425690174e-04, 1.2800e+02, 0.0000e+00, 
*/mnt/lustre/mathdugre/fast-interpolate/datasets/ds004513/derivatives/flint/antsRegistration/r8-p23/sub-s020/Stage1_level1_Iter0041.nii.gz
2DIAGNOSTIC,    41, -4.626100469679e-01, 7.673911750317e-05, 1.2800e+02, 0.0000e+00, 
*/mnt/lustre/mathdugre/fast-interpolate/datasets/ds004513/derivatives/flint/antsRegistration/r8-p23/sub-s020/Stage1_level1_Iter0042.nii.gz
2DIAGNOSTIC,    42, -4.636104173263e-01, 6.989575922489e-05, 1.2800e+02, 0.0000e+00, 
*/mnt/lustre/mathdugre/fast-interpolate/datasets/ds004513/derivatives/flint/antsRegistration/r8-p23/sub-s020/Stage1_level1_Iter0043.nii.gz
2DIAGNOSTIC,    43, -4.651062797953e-01, 1.091044396162e-04, 1.2800e+02, 0.0000e+00, 
*/mnt/lustre/mathdugre/fast-interpolate/datasets/ds004513/derivatives/flint/antsRegistration/r8-p23/sub-s020/Stage1_level1_Iter0044.nii.gz
2DIAGNOSTIC,    44, -4.653080656678e-01, 1.400262117386e-04, 1.2800e+02, 0.0000e+00, 
*/mnt/lustre/mathdugre/fast-interpolate/datasets/ds004513/derivatives/flint/antsRegistration/r8-p23/sub-s020/Stage1_level1_Iter0045.nii.gz
2DIAGNOSTIC,    45, -4.653909236673e-01, 1.594331115484e-04, 1.2800e+02, 0.0000e+00, 
*/mnt/lustre/mathdugre/fast-interpolate/datasets/ds004513/derivatives/flint/antsRegistration/r8-p23/sub-s020/Stage1_level1_Iter0046.nii.gz
2DIAGNOSTIC,    46, -4.654016835610e-01, 1.651551574469e-04, 1.2800e+02, 0.0000e+00, 
*/mnt/lustre/mathdugre/fast-interpolate/datasets/ds004513/derivatives/flint/antsRegistration/r8-p23/sub-s020/Stage1_level1_Iter0047.nii.gz
2DIAGNOSTIC,    47, -4.655043306936e-01, 1.560449600220e-04, 1.2800e+02, 0.0000e+00, 
*/mnt/lustre/mathdugre/fast-interpolate/datasets/ds004513/derivatives/flint/antsRegistration/r8-p23/sub-s020/Stage1_level1_Iter0048.nii.gz
2DIAGNOSTIC,    48, -4.655197784419e-01, 1.329239457846e-04, 1.2800e+02, 0.0000e+00, 
*/mnt/lustre/mathdugre/fast-interpolate/datasets/ds004513/derivatives/flint/antsRegistration/r8-p23/sub-s020/Stage1_level1_Iter0049.nii.gz
2DIAGNOSTIC,    49, -4.655331267878e-01, 1.007635146379e-04, 1.2800e+02, 0.0000e+00, 
*/mnt/lustre/mathdugre/fast-interpolate/datasets/ds004513/derivatives/flint/antsRegistration/r8-p23/sub-s020/Stage1_level1_Iter0050.nii.gz
2DIAGNOSTIC,    50, -4.655134908483e-01, 6.403028964996e-05, 1.2800e+02, 0.0000e+00, 
*/mnt/lustre/mathdugre/fast-interpolate/datasets/ds004513/derivatives/flint/antsRegistration/r8-p23/sub-s020/Stage1_level1_Iter0051.nii.gz
2DIAGNOSTIC,    51, -4.655367533157e-01, 3.211013972759e-05, 1.2800e+02, 0.0000e+00, 
*/mnt/lustre/mathdugre/fast-interpolate/datasets/ds004513/derivatives/flint/antsRegistration/r8-p23/sub-s020/Stage1_level1_Iter0052.nii.gz
2DIAGNOSTIC,    52, -4.655433148106e-01, 1.027248799801e-05, 1.2800e+02, 0.0000e+00, 
*/mnt/lustre/mathdugre/fast-interpolate/datasets/ds004513/derivatives/flint/antsRegistration/r8-p23/sub-s020/Stage1_level1_Iter0053.nii.gz
2DIAGNOSTIC,    53, -4.655083263817e-01, 5.846843123436e-06, 1.2800e+02, 0.0000e+00, 
*/mnt/lustre/mathdugre/fast-interpolate/datasets/ds004513/derivatives/flint/antsRegistration/r8-p23/sub-s020/Stage1_level1_Iter0054.nii.gz
2DIAGNOSTIC,    54, -4.655230915818e-01, 3.647059202194e-06, 1.2800e+02, 0.0000e+00, 
*/mnt/lustre/mathdugre/fast-interpolate/datasets/ds004513/derivatives/flint/antsRegistration/r8-p23/sub-s020/Stage1_level1_Iter0055.nii.gz
2DIAGNOSTIC,    55, -4.654894420237e-01, 1.808628439903e-06, 1.2800e+02, 0.0000e+00, 
*/mnt/lustre/mathdugre/fast-interpolate/datasets/ds004513/derivatives/flint/antsRegistration/r8-p23/sub-s020/Stage1_level1_Iter0056.nii.gz
2DIAGNOSTIC,    56, -4.655874133796e-01, 1.139938831329e-06, 1.2800e+02, 0.0000e+00, 
DIAGNOSTIC,Iteration,metricValue,convergenceValue,ITERATION_TIME_INDEX,SINCE_LAST
*/mnt/lustre/mathdugre/fast-interpolate/datasets/ds004513/derivatives/flint/antsRegistration/r8-p23/sub-s020/Stage1_level2_Iter0001.nii.gz
2DIAGNOSTIC,     1, -3.749289704999e-01, 1.797693134862e+308, 2.5600e+02, 1.2800e+02, 
*/mnt/lustre/mathdugre/fast-interpolate/datasets/ds004513/derivatives/flint/antsRegistration/r8-p23/sub-s020/Stage1_level2_Iter0002.nii.gz
2DIAGNOSTIC,     2, -3.753709105646e-01, 1.797693134862e+308, 2.5600e+02, 0.0000e+00, 
*/mnt/lustre/mathdugre/fast-interpolate/datasets/ds004513/derivatives/flint/antsRegistration/r8-p23/sub-s020/Stage1_level2_Iter0003.nii.gz
2DIAGNOSTIC,     3, -3.760697767431e-01, 1.797693134862e+308, 2.5600e+02, 0.0000e+00, 
*/mnt/lustre/mathdugre/fast-interpolate/datasets/ds004513/derivatives/flint/antsRegistration/r8-p23/sub-s020/Stage1_level2_Iter0004.nii.gz
2DIAGNOSTIC,     4, -3.778796023423e-01, 1.797693134862e+308, 2.5600e+02, 0.0000e+00, 
*/mnt/lustre/mathdugre/fast-interpolate/datasets/ds004513/derivatives/flint/antsRegistration/r8-p23/sub-s020/Stage1_level2_Iter0005.nii.gz
2DIAGNOSTIC,     5, -3.802283194422e-01, 1.797693134862e+308, 2.5600e+02, 0.0000e+00, 
*/mnt/lustre/mathdugre/fast-interpolate/datasets/ds004513/derivatives/flint/antsRegistration/r8-p23/sub-s020/Stage1_level2_Iter0006.nii.gz
2DIAGNOSTIC,     6, -3.825548899132e-01, 1.797693134862e+308, 2.5600e+02, 0.0000e+00, 
*/mnt/lustre/mathdugre/fast-interpolate/datasets/ds004513/derivatives/flint/antsRegistration/r8-p23/sub-s020/Stage1_level2_Iter0007.nii.gz
2DIAGNOSTIC,     7, -3.839346423478e-01, 1.797693134862e+308, 2.5600e+02, 0.0000e+00, 
*/mnt/lustre/mathdugre/fast-interpolate/datasets/ds004513/derivatives/flint/antsRegistration/r8-p23/sub-s020/Stage1_level2_Iter0008.nii.gz
2DIAGNOSTIC,     8, -3.862575774638e-01, 1.797693134862e+308, 2.5600e+02, 0.0000e+00, 
*/mnt/lustre/mathdugre/fast-interpolate/datasets/ds004513/derivatives/flint/antsRegistration/r8-p23/sub-s020/Stage1_level2_Iter0009.nii.gz
2DIAGNOSTIC,     9, -3.886949849729e-01, 1.797693134862e+308, 2.5600e+02, 0.0000e+00, 
*/mnt/lustre/mathdugre/fast-interpolate/datasets/ds004513/derivatives/flint/antsRegistration/r8-p23/sub-s020/Stage1_level2_Iter0010.nii.gz
2DIAGNOSTIC,    10, -3.903376717432e-01, 2.789437770844e-03, 2.5600e+02, 0.0000e+00, 
*/mnt/lustre/mathdugre/fast-interpolate/datasets/ds004513/derivatives/flint/antsRegistration/r8-p23/sub-s020/Stage1_level2_Iter0011.nii.gz
2DIAGNOSTIC,    11, -3.927415641537e-01, 2.735704183578e-03, 2.5600e+02, 0.0000e+00, 
*/mnt/lustre/mathdugre/fast-interpolate/datasets/ds004513/derivatives/flint/antsRegistration/r8-p23/sub-s020/Stage1_level2_Iter0012.nii.gz
2DIAGNOSTIC,    12, -3.957350798548e-01, 2.656497061253e-03, 2.5600e+02, 0.0000e+00, 
*/mnt/lustre/mathdugre/fast-interpolate/datasets/ds004513/derivatives/flint/antsRegistration/r8-p23/sub-s020/Stage1_level2_Iter0013.nii.gz
2DIAGNOSTIC,    13, -4.142733481910e-01, 3.427460789680e-03, 2.5600e+02, 0.0000e+00, 
*/mnt/lustre/mathdugre/fast-interpolate/datasets/ds004513/derivatives/flint/antsRegistration/r8-p23/sub-s020/Stage1_level2_Iter0014.nii.gz
2DIAGNOSTIC,    14, -4.202109959319e-01, 4.144504666328e-03, 2.5600e+02, 0.0000e+00, 
*/mnt/lustre/mathdugre/fast-interpolate/datasets/ds004513/derivatives/flint/antsRegistration/r8-p23/sub-s020/Stage1_level2_Iter0015.nii.gz
2DIAGNOSTIC,    15, -4.202909718949e-01, 4.502497613430e-03, 2.5600e+02, 0.0000e+00, 
*/mnt/lustre/mathdugre/fast-interpolate/datasets/ds004513/derivatives/flint/antsRegistration/r8-p23/sub-s020/Stage1_level2_Iter0016.nii.gz
2DIAGNOSTIC,    16, -4.210431876269e-01, 4.556082189083e-03, 2.5600e+02, 0.0000e+00, 
*/mnt/lustre/mathdugre/fast-interpolate/datasets/ds004513/derivatives/flint/antsRegistration/r8-p23/sub-s020/Stage1_level2_Iter0017.nii.gz
2DIAGNOSTIC,    17, -4.215654664310e-01, 4.263110458851e-03, 2.5600e+02, 0.0000e+00, 
*/mnt/lustre/mathdugre/fast-interpolate/datasets/ds004513/derivatives/flint/antsRegistration/r8-p23/sub-s020/Stage1_level2_Iter0018.nii.gz
2DIAGNOSTIC,    18, -4.222180696008e-01, 3.716625273228e-03, 2.5600e+02, 0.0000e+00, 
*/mnt/lustre/mathdugre/fast-interpolate/datasets/ds004513/derivatives/flint/antsRegistration/r8-p23/sub-s020/Stage1_level2_Iter0019.nii.gz
2DIAGNOSTIC,    19, -4.227679292720e-01, 2.995271235704e-03, 2.5600e+02, 0.0000e+00, 
*/mnt/lustre/mathdugre/fast-interpolate/datasets/ds004513/derivatives/flint/antsRegistration/r8-p23/sub-s020/Stage1_level2_Iter0020.nii.gz
2DIAGNOSTIC,    20, -4.228650078571e-01, 2.143893390894e-03, 2.5600e+02, 0.0000e+00, 
*/mnt/lustre/mathdugre/fast-interpolate/datasets/ds004513/derivatives/flint/antsRegistration/r8-p23/sub-s020/Stage1_level2_Iter0021.nii.gz
2DIAGNOSTIC,    21, -4.229542414090e-01, 1.271646469831e-03, 2.5600e+02, 0.0000e+00, 
*/mnt/lustre/mathdugre/fast-interpolate/datasets/ds004513/derivatives/flint/antsRegistration/r8-p23/sub-s020/Stage1_level2_Iter0022.nii.gz
2DIAGNOSTIC,    22, -4.232399034038e-01, 4.555359482765e-04, 2.5600e+02, 0.0000e+00, 
*/mnt/lustre/mathdugre/fast-interpolate/datasets/ds004513/derivatives/flint/antsRegistration/r8-p23/sub-s020/Stage1_level2_Iter0023.nii.gz
2DIAGNOSTIC,    23, -4.232552975118e-01, 2.370737493038e-04, 2.5600e+02, 0.0000e+00, 
*/mnt/lustre/mathdugre/fast-interpolate/datasets/ds004513/derivatives/flint/antsRegistration/r8-p23/sub-s020/Stage1_level2_Iter0024.nii.gz
2DIAGNOSTIC,    24, -4.234160900226e-01, 1.953057944775e-04, 2.5600e+02, 0.0000e+00, 
*/mnt/lustre/mathdugre/fast-interpolate/datasets/ds004513/derivatives/flint/antsRegistration/r8-p23/sub-s020/Stage1_level2_Iter0025.nii.gz
2DIAGNOSTIC,    25, -4.239786207066e-01, 1.567453145981e-04, 2.5600e+02, 0.0000e+00, 
*/mnt/lustre/mathdugre/fast-interpolate/datasets/ds004513/derivatives/flint/antsRegistration/r8-p23/sub-s020/Stage1_level2_Iter0026.nii.gz
2DIAGNOSTIC,    26, -4.239614946532e-01, 1.261644065380e-04, 2.5600e+02, 0.0000e+00, 
*/mnt/lustre/mathdugre/fast-interpolate/datasets/ds004513/derivatives/flint/antsRegistration/r8-p23/sub-s020/Stage1_level2_Iter0027.nii.gz
2DIAGNOSTIC,    27, -4.240185971474e-01, 1.011267304420e-04, 2.5600e+02, 0.0000e+00, 
*/mnt/lustre/mathdugre/fast-interpolate/datasets/ds004513/derivatives/flint/antsRegistration/r8-p23/sub-s020/Stage1_level2_Iter0028.nii.gz
2DIAGNOSTIC,    28, -4.240863398671e-01, 8.638203144073e-05, 2.5600e+02, 0.0000e+00, 
*/mnt/lustre/mathdugre/fast-interpolate/datasets/ds004513/derivatives/flint/antsRegistration/r8-p23/sub-s020/Stage1_level2_Iter0029.nii.gz
2DIAGNOSTIC,    29, -4.257269711144e-01, 1.173950731754e-04, 2.5600e+02, 0.0000e+00, 
*/mnt/lustre/mathdugre/fast-interpolate/datasets/ds004513/derivatives/flint/antsRegistration/r8-p23/sub-s020/Stage1_level2_Iter0030.nii.gz
2DIAGNOSTIC,    30, -4.259611019556e-01, 1.417174935341e-04, 2.5600e+02, 0.0000e+00, 
*/mnt/lustre/mathdugre/fast-interpolate/datasets/ds004513/derivatives/flint/antsRegistration/r8-p23/sub-s020/Stage1_level2_Iter0031.nii.gz
2DIAGNOSTIC,    31, -4.261147618298e-01, 1.567341387272e-04, 2.5600e+02, 0.0000e+00, 
*/mnt/lustre/mathdugre/fast-interpolate/datasets/ds004513/derivatives/flint/antsRegistration/r8-p23/sub-s020/Stage1_level2_Iter0032.nii.gz
2DIAGNOSTIC,    32, -4.261785727230e-01, 1.643933355808e-04, 2.5600e+02, 0.0000e+00, 
*/mnt/lustre/mathdugre/fast-interpolate/datasets/ds004513/derivatives/flint/antsRegistration/r8-p23/sub-s020/Stage1_level2_Iter0033.nii.gz
2DIAGNOSTIC,    33, -4.261929591733e-01, 1.566782593727e-04, 2.5600e+02, 0.0000e+00, 
*/mnt/lustre/mathdugre/fast-interpolate/datasets/ds004513/derivatives/flint/antsRegistration/r8-p23/sub-s020/Stage1_level2_Iter0034.nii.gz
2DIAGNOSTIC,    34, -4.262958142996e-01, 1.392178237438e-04, 2.5600e+02, 0.0000e+00, 
*/mnt/lustre/mathdugre/fast-interpolate/datasets/ds004513/derivatives/flint/antsRegistration/r8-p23/sub-s020/Stage1_level2_Iter0035.nii.gz
2DIAGNOSTIC,    35, -4.263482075907e-01, 1.216568052769e-04, 2.5600e+02, 0.0000e+00, 
*/mnt/lustre/mathdugre/fast-interpolate/datasets/ds004513/derivatives/flint/antsRegistration/r8-p23/sub-s020/Stage1_level2_Iter0036.nii.gz
2DIAGNOSTIC,    36, -4.263481897198e-01, 9.374506771564e-05, 2.5600e+02, 0.0000e+00, 
*/mnt/lustre/mathdugre/fast-interpolate/datasets/ds004513/derivatives/flint/antsRegistration/r8-p23/sub-s020/Stage1_level2_Iter0037.nii.gz
2DIAGNOSTIC,    37, -4.263481945260e-01, 6.005726754665e-05, 2.5600e+02, 0.0000e+00, 
*/mnt/lustre/mathdugre/fast-interpolate/datasets/ds004513/derivatives/flint/antsRegistration/r8-p23/sub-s020/Stage1_level2_Iter0038.nii.gz
2DIAGNOSTIC,    38, -4.263482129319e-01, 2.305582165718e-05, 2.5600e+02, 0.0000e+00, 
*/mnt/lustre/mathdugre/fast-interpolate/datasets/ds004513/derivatives/flint/antsRegistration/r8-p23/sub-s020/Stage1_level2_Iter0039.nii.gz
2DIAGNOSTIC,    39, -4.263482303305e-01, 1.486204564571e-05, 2.5600e+02, 0.0000e+00, 
*/mnt/lustre/mathdugre/fast-interpolate/datasets/ds004513/derivatives/flint/antsRegistration/r8-p23/sub-s020/Stage1_level2_Iter0040.nii.gz
2DIAGNOSTIC,    40, -4.263482316802e-01, 9.709969162941e-06, 2.5600e+02, 0.0000e+00, 
*/mnt/lustre/mathdugre/fast-interpolate/datasets/ds004513/derivatives/flint/antsRegistration/r8-p23/sub-s020/Stage1_level2_Iter0041.nii.gz
2DIAGNOSTIC,    41, -4.263482684254e-01, 6.556510925293e-06, 2.5600e+02, 0.0000e+00, 
*/mnt/lustre/mathdugre/fast-interpolate/datasets/ds004513/derivatives/flint/antsRegistration/r8-p23/sub-s020/Stage1_level2_Iter0042.nii.gz
2DIAGNOSTIC,    42, -4.263483043288e-01, 4.079192876816e-06, 2.5600e+02, 0.0000e+00, 
*/mnt/lustre/mathdugre/fast-interpolate/datasets/ds004513/derivatives/flint/antsRegistration/r8-p23/sub-s020/Stage1_level2_Iter0043.nii.gz
2DIAGNOSTIC,    43, -4.263483094630e-01, 1.611188054085e-06, 2.5600e+02, 0.0000e+00, 
DIAGNOSTIC,Iteration,metricValue,convergenceValue,ITERATION_TIME_INDEX,SINCE_LAST
*/mnt/lustre/mathdugre/fast-interpolate/datasets/ds004513/derivatives/flint/antsRegistration/r8-p23/sub-s020/Stage1_level3_Iter0001.nii.gz
2DIAGNOSTIC,     1, -3.647913810969e-01, 1.797693134862e+308, 2.5600e+02, 0.0000e+00, 
*/mnt/lustre/mathdugre/fast-interpolate/datasets/ds004513/derivatives/flint/antsRegistration/r8-p23/sub-s020/Stage1_level3_Iter0002.nii.gz
2DIAGNOSTIC,     2, -3.650173425253e-01, 1.797693134862e+308, 2.5600e+02, 0.0000e+00, 
*/mnt/lustre/mathdugre/fast-interpolate/datasets/ds004513/derivatives/flint/antsRegistration/r8-p23/sub-s020/Stage1_level3_Iter0003.nii.gz
2DIAGNOSTIC,     3, -3.652657581340e-01, 1.797693134862e+308, 2.5600e+02, 0.0000e+00, 
*/mnt/lustre/mathdugre/fast-interpolate/datasets/ds004513/derivatives/flint/antsRegistration/r8-p23/sub-s020/Stage1_level3_Iter0004.nii.gz
2DIAGNOSTIC,     4, -3.655165609806e-01, 1.797693134862e+308, 2.5600e+02, 0.0000e+00, 
*/mnt/lustre/mathdugre/fast-interpolate/datasets/ds004513/derivatives/flint/antsRegistration/r8-p23/sub-s020/Stage1_level3_Iter0005.nii.gz
2DIAGNOSTIC,     5, -3.656432808331e-01, 1.797693134862e+308, 2.5600e+02, 0.0000e+00, 
*/mnt/lustre/mathdugre/fast-interpolate/datasets/ds004513/derivatives/flint/antsRegistration/r8-p23/sub-s020/Stage1_level3_Iter0006.nii.gz
2DIAGNOSTIC,     6, -3.657192590844e-01, 1.797693134862e+308, 2.5600e+02, 0.0000e+00, 
*/mnt/lustre/mathdugre/fast-interpolate/datasets/ds004513/derivatives/flint/antsRegistration/r8-p23/sub-s020/Stage1_level3_Iter0007.nii.gz
2DIAGNOSTIC,     7, -3.657644273055e-01, 1.797693134862e+308, 2.5600e+02, 0.0000e+00, 
*/mnt/lustre/mathdugre/fast-interpolate/datasets/ds004513/derivatives/flint/antsRegistration/r8-p23/sub-s020/Stage1_level3_Iter0008.nii.gz
2DIAGNOSTIC,     8, -3.659303294544e-01, 1.797693134862e+308, 2.5600e+02, 0.0000e+00, 
*/mnt/lustre/mathdugre/fast-interpolate/datasets/ds004513/derivatives/flint/antsRegistration/r8-p23/sub-s020/Stage1_level3_Iter0009.nii.gz
2DIAGNOSTIC,     9, -3.659344328588e-01, 1.797693134862e+308, 2.5600e+02, 0.0000e+00, 
*/mnt/lustre/mathdugre/fast-interpolate/datasets/ds004513/derivatives/flint/antsRegistration/r8-p23/sub-s020/Stage1_level3_Iter0010.nii.gz
2DIAGNOSTIC,    10, -3.659324227119e-01, 2.004429697990e-04, 2.5600e+02, 0.0000e+00, 
*/mnt/lustre/mathdugre/fast-interpolate/datasets/ds004513/derivatives/flint/antsRegistration/r8-p23/sub-s020/Stage1_level3_Iter0011.nii.gz
2DIAGNOSTIC,    11, -3.659322469740e-01, 1.394376158714e-04, 2.5600e+02, 0.0000e+00, 
*/mnt/lustre/mathdugre/fast-interpolate/datasets/ds004513/derivatives/flint/antsRegistration/r8-p23/sub-s020/Stage1_level3_Iter0012.nii.gz
2DIAGNOSTIC,    12, -3.659301246643e-01, 9.065866470337e-05, 2.5600e+02, 0.0000e+00, 
*/mnt/lustre/mathdugre/fast-interpolate/datasets/ds004513/derivatives/flint/antsRegistration/r8-p23/sub-s020/Stage1_level3_Iter0013.nii.gz
2DIAGNOSTIC,    13, -3.659296321522e-01, 5.578994750977e-05, 2.5600e+02, 0.0000e+00, 
*/mnt/lustre/mathdugre/fast-interpolate/datasets/ds004513/derivatives/flint/antsRegistration/r8-p23/sub-s020/Stage1_level3_Iter0014.nii.gz
2DIAGNOSTIC,    14, -3.659284312730e-01, 3.479421138763e-05, 2.5600e+02, 0.0000e+00, 
*/mnt/lustre/mathdugre/fast-interpolate/datasets/ds004513/derivatives/flint/antsRegistration/r8-p23/sub-s020/Stage1_level3_Iter0015.nii.gz
2DIAGNOSTIC,    15, -3.659280163609e-01, 2.023577690125e-05, 3.8400e+02, 1.2800e+02, 
*/mnt/lustre/mathdugre/fast-interpolate/datasets/ds004513/derivatives/flint/antsRegistration/r8-p23/sub-s020/Stage1_level3_Iter0016.nii.gz
2DIAGNOSTIC,    16, -3.659273551472e-01, 9.514391422272e-06, 3.8400e+02, 0.0000e+00, 
*/mnt/lustre/mathdugre/fast-interpolate/datasets/ds004513/derivatives/flint/antsRegistration/r8-p23/sub-s020/Stage1_level3_Iter0017.nii.gz
2DIAGNOSTIC,    17, -3.659267840708e-01, 1.203268766403e-06, 3.8400e+02, 0.0000e+00, 
DIAGNOSTIC,Iteration,metricValue,convergenceValue,ITERATION_TIME_INDEX,SINCE_LAST
*/mnt/lustre/mathdugre/fast-interpolate/datasets/ds004513/derivatives/flint/antsRegistration/r8-p23/sub-s020/Stage1_level4_Iter0001.nii.gz
2DIAGNOSTIC,     1, -3.353423387633e-01, 1.797693134862e+308, 3.8400e+02, 0.0000e+00, 
*/mnt/lustre/mathdugre/fast-interpolate/datasets/ds004513/derivatives/flint/antsRegistration/r8-p23/sub-s020/Stage1_level4_Iter0002.nii.gz
