
##########################
# Experiment information #
##########################

EXPERIMENT_NAME: r8-p23
VFC_BACKENDS: libinterflop_vprec.so --range-binary32=8 --precision-binary32=23 --range-binary64=8 --precision-binary64=23

SIF_IMG: /mnt/lustre/mathdugre/containers/ants-vprec-no_metric.simg

SUBJECT_ID: s032
INPUT_IMG: /mnt/lustre/mathdugre/fast-interpolate/datasets/ds004513/derivatives/flint/antsBrainExtraction/sub-s032/BrainExtractionBrain.nii.gz
OUTPUT_DIR: /mnt/lustre/mathdugre/fast-interpolate/datasets/ds004513/derivatives/flint/antsRegistration/r8-p23/sub-s032

FIXED_IMG: /templateflow/tpl-MNI152NLin2009cAsym/tpl-MNI152NLin2009cAsym_res-01_desc-brain_T1w.nii.gz
DATA_DIR: /mnt/lustre/mathdugre/fast-interpolate/datasets/ds004513
TEMPLATEFLOW_DIR: /home/mathdugre/.cache/templateflow
ITK_GLOBAL_DEFAULT_NUMBER_OF_THREADS: 4
##########################

Info [verificarlo]: loaded backend libinterflop_vprec.so
Info [interflop-vprec]: load backend with: 
Info [interflop-vprec]: precision-binary32 = 23
Info [interflop-vprec]: range-binary32 = 8
Info [interflop-vprec]: precision-binary64 = 23
Info [interflop-vprec]: range-binary64 = 8
Info [interflop-vprec]: mode = ob
Info [interflop-vprec]: error-mode = rel
Info [interflop-vprec]: max-abs-error-exponent = -1022
Info [interflop-vprec]: daz = false
Info [interflop-vprec]: ftz = false
Info [interflop-vprec]: 	instrument = none
Info [interflop-vprec]: 	prec-input-file = (null)
Info [interflop-vprec]: 	prec-output-file = (null)
Info [interflop-vprec]: 	prec-log-file = (null)
All_Command_lines_OK
Using double precision for computations.
=============================================================================
The composite transform comprises the following transforms (in order): 
  1. Center of mass alignment using fixed image: /templateflow/tpl-MNI152NLin2009cAsym/tpl-MNI152NLin2009cAsym_res-01_desc-brain_T1w.nii.gz and moving image: /mnt/lustre/mathdugre/fast-interpolate/datasets/ds004513/derivatives/flint/antsBrainExtraction/sub-s032/BrainExtractionBrain.nii.gz (type = Euler3DTransform)
=============================================================================
  number of levels = 4
  number of levels = 4
  number of levels = 4
  fixed image: /templateflow/tpl-MNI152NLin2009cAsym/tpl-MNI152NLin2009cAsym_res-01_desc-brain_T1w.nii.gz
  moving image: /mnt/lustre/mathdugre/fast-interpolate/datasets/ds004513/derivatives/flint/antsBrainExtraction/sub-s032/BrainExtractionBrain.nii.gz
  fixed image: /templateflow/tpl-MNI152NLin2009cAsym/tpl-MNI152NLin2009cAsym_res-01_desc-brain_T1w.nii.gz
  moving image: /mnt/lustre/mathdugre/fast-interpolate/datasets/ds004513/derivatives/flint/antsBrainExtraction/sub-s032/BrainExtractionBrain.nii.gz
  fixed image: /templateflow/tpl-MNI152NLin2009cAsym/tpl-MNI152NLin2009cAsym_res-01_desc-brain_T1w.nii.gz
  moving image: /mnt/lustre/mathdugre/fast-interpolate/datasets/ds004513/derivatives/flint/antsBrainExtraction/sub-s032/BrainExtractionBrain.nii.gz
Dimension = 3
Number of stages = 3
Use histogram matching = false
Winsorize image intensities = true
  Lower quantile = 0.005
  Upper quantile = 0.995


Stage 1 State
   Image metric = MattesMI
     Fixed image = Image (0x4e49b30)
  RTTI typeinfo:   itk::Image<double, 3u>
  Reference Count: 2
  Modified Time: 2385
  Debug: Off
  Object Name: 
  Observers: 
    none
  Source: (none)
  Source output name: (none)
  Release Data: Off
  Data Released: False
  Global Release Data: Off
  PipelineMTime: 0
  UpdateMTime: 1996
  RealTimeStamp: 0 seconds 
  LargestPossibleRegion: 
    Dimension: 3
    Index: [0, 0, 0]
    Size: [193, 229, 193]
  BufferedRegion: 
    Dimension: 3
    Index: [0, 0, 0]
    Size: [193, 229, 193]
  RequestedRegion: 
    Dimension: 3
    Index: [0, 0, 0]
    Size: [193, 229, 193]
  Spacing: [1, 1, 1]
  Origin: [96, 132, -78]
  Direction: 
-1 0 0
0 -1 0
0 0 1

  IndexToPointMatrix: 
-1 0 0
0 -1 0
0 0 1

  PointToIndexMatrix: 
-1 0 0
0 -1 0
0 0 1

  Inverse Direction: 
-1 0 0
0 -1 0
0 0 1

  PixelContainer: 
    ImportImageContainer (0x4e4ea10)
      RTTI typeinfo:   itk::ImportImageContainer<unsigned long, double>
      Reference Count: 1
      Modified Time: 1993
      Debug: Off
      Object Name: 
      Observers: 
        none
      Pointer: 0x7fb0a3947010
      Container manages memory: true
      Size: 8530021
      Capacity: 8530021

     Moving image = Image (0x4e45400)
  RTTI typeinfo:   itk::Image<double, 3u>
  Reference Count: 2
  Modified Time: 2386
  Debug: Off
  Object Name: 
  Observers: 
    none
  Source: (none)
  Source output name: (none)
  Release Data: Off
  Data Released: False
  Global Release Data: Off
  PipelineMTime: 0
  UpdateMTime: 2383
  RealTimeStamp: 0 seconds 
  LargestPossibleRegion: 
    Dimension: 3
    Index: [0, 0, 0]
    Size: [160, 240, 256]
  BufferedRegion: 
    Dimension: 3
    Index: [0, 0, 0]
    Size: [160, 240, 256]
  RequestedRegion: 
    Dimension: 3
    Index: [0, 0, 0]
    Size: [160, 240, 256]
  Spacing: [1, 1, 1]
  Origin: [73.279, 104.707, -131.187]
  Direction: 
-0.997527 0.0645574 -0.0278053
-0.0645323 -0.997914 -0.00179875
-0.0278634 4.01097e-08 0.999612

  IndexToPointMatrix: 
-0.997527 0.0645574 -0.0278053
-0.0645323 -0.997914 -0.00179875
-0.0278634 4.01097e-08 0.999612

  PointToIndexMatrix: 
-0.997527 -0.0645323 -0.0278634
0.0645574 -0.997914 9.8953e-10
-0.0278053 -0.00179879 0.999612

  Inverse Direction: 
-0.997527 -0.0645323 -0.0278634
0.0645574 -0.997914 9.8953e-10
-0.0278053 -0.00179879 0.999612

  PixelContainer: 
    ImportImageContainer (0x50196d0)
      RTTI typeinfo:   itk::ImportImageContainer<unsigned long, double>
      Reference Count: 1
      Modified Time: 2380
      Debug: Off
      Object Name: 
      Observers: 
        none
      Pointer: 0x7fb09ee46010
      Container manages memory: true
      Size: 9830400
      Capacity: 9830400

     Weighting = 1
     Sampling strategy = regular
     Number of bins = 32
     Radius = 4
     Sampling percentage  = 0.25
   Transform = Rigid
     Gradient step = 0.1
     Update field sigma (voxel space) = 0
     Total field sigma (voxel space) = 0
     Update field time sigma = 0
     Total field time sigma  = 0
     Number of time indices = 0
     Number of time point samples = 0
Stage 2 State
   Image metric = MattesMI
     Fixed image = Image (0x4e65ec0)
  RTTI typeinfo:   itk::Image<double, 3u>
  Reference Count: 2
  Modified Time: 3161
  Debug: Off
  Object Name: 
  Observers: 
    none
  Source: (none)
  Source output name: (none)
  Release Data: Off
  Data Released: False
  Global Release Data: Off
  PipelineMTime: 0
  UpdateMTime: 2772
  RealTimeStamp: 0 seconds 
  LargestPossibleRegion: 
    Dimension: 3
    Index: [0, 0, 0]
    Size: [193, 229, 193]
  BufferedRegion: 
    Dimension: 3
    Index: [0, 0, 0]
    Size: [193, 229, 193]
  RequestedRegion: 
    Dimension: 3
    Index: [0, 0, 0]
    Size: [193, 229, 193]
  Spacing: [1, 1, 1]
  Origin: [96, 132, -78]
  Direction: 
-1 0 0
0 -1 0
0 0 1

  IndexToPointMatrix: 
-1 0 0
0 -1 0
0 0 1

  PointToIndexMatrix: 
-1 0 0
0 -1 0
0 0 1

  Inverse Direction: 
-1 0 0
0 -1 0
0 0 1

  PixelContainer: 
    ImportImageContainer (0x4e66c80)
      RTTI typeinfo:   itk::ImportImageContainer<unsigned long, double>
      Reference Count: 1
      Modified Time: 2769
      Debug: Off
      Object Name: 
      Observers: 
        none
      Pointer: 0x7fb09ad31010
      Container manages memory: true
      Size: 8530021
      Capacity: 8530021

     Moving image = Image (0x4e6e690)
  RTTI typeinfo:   itk::Image<double, 3u>
  Reference Count: 2
  Modified Time: 3162
  Debug: Off
  Object Name: 
  Observers: 
    none
  Source: (none)
  Source output name: (none)
  Release Data: Off
  Data Released: False
  Global Release Data: Off
  PipelineMTime: 0
  UpdateMTime: 3159
  RealTimeStamp: 0 seconds 
  LargestPossibleRegion: 
    Dimension: 3
    Index: [0, 0, 0]
    Size: [160, 240, 256]
  BufferedRegion: 
    Dimension: 3
    Index: [0, 0, 0]
    Size: [160, 240, 256]
  RequestedRegion: 
    Dimension: 3
    Index: [0, 0, 0]
    Size: [160, 240, 256]
  Spacing: [1, 1, 1]
  Origin: [73.279, 104.707, -131.187]
  Direction: 
-0.997527 0.0645574 -0.0278053
-0.0645323 -0.997914 -0.00179875
-0.0278634 4.01097e-08 0.999612

  IndexToPointMatrix: 
-0.997527 0.0645574 -0.0278053
-0.0645323 -0.997914 -0.00179875
-0.0278634 4.01097e-08 0.999612

  PointToIndexMatrix: 
-0.997527 -0.0645323 -0.0278634
0.0645574 -0.997914 9.8953e-10
-0.0278053 -0.00179879 0.999612

  Inverse Direction: 
-0.997527 -0.0645323 -0.0278634
0.0645574 -0.997914 9.8953e-10
-0.0278053 -0.00179879 0.999612

  PixelContainer: 
    ImportImageContainer (0x4ff96d0)
      RTTI typeinfo:   itk::ImportImageContainer<unsigned long, double>
      Reference Count: 1
      Modified Time: 3156
      Debug: Off
      Object Name: 
      Observers: 
        none
      Pointer: 0x7fb096230010
      Container manages memory: true
      Size: 9830400
      Capacity: 9830400

     Weighting = 1
     Sampling strategy = regular
     Number of bins = 32
     Radius = 4
     Sampling percentage  = 0.25
   Transform = Affine
     Gradient step = 0.1
     Update field sigma (voxel space) = 0
     Total field sigma (voxel space) = 0
     Update field time sigma = 0
     Total field time sigma  = 0
     Number of time indices = 0
     Number of time point samples = 0
Stage 3 State
   Image metric = CC
     Fixed image = Image (0x4e6e220)
  RTTI typeinfo:   itk::Image<double, 3u>
  Reference Count: 2
  Modified Time: 3937
  Debug: Off
  Object Name: 
  Observers: 
    none
  Source: (none)
  Source output name: (none)
  Release Data: Off
  Data Released: False
  Global Release Data: Off
  PipelineMTime: 0
  UpdateMTime: 3548
  RealTimeStamp: 0 seconds 
  LargestPossibleRegion: 
    Dimension: 3
    Index: [0, 0, 0]
    Size: [193, 229, 193]
  BufferedRegion: 
    Dimension: 3
    Index: [0, 0, 0]
    Size: [193, 229, 193]
  RequestedRegion: 
    Dimension: 3
    Index: [0, 0, 0]
    Size: [193, 229, 193]
  Spacing: [1, 1, 1]
  Origin: [96, 132, -78]
  Direction: 
-1 0 0
0 -1 0
0 0 1

  IndexToPointMatrix: 
-1 0 0
0 -1 0
0 0 1

  PointToIndexMatrix: 
-1 0 0
0 -1 0
0 0 1

  Inverse Direction: 
-1 0 0
0 -1 0
0 0 1

  PixelContainer: 
    ImportImageContainer (0x4e6dd40)
      RTTI typeinfo:   itk::ImportImageContainer<unsigned long, double>
      Reference Count: 1
      Modified Time: 3545
      Debug: Off
      Object Name: 
      Observers: 
        none
      Pointer: 0x7fb09211b010
      Container manages memory: true
      Size: 8530021
      Capacity: 8530021

     Moving image = Image (0x4e63a80)
  RTTI typeinfo:   itk::Image<double, 3u>
  Reference Count: 2
  Modified Time: 3938
  Debug: Off
  Object Name: 
  Observers: 
    none
  Source: (none)
  Source output name: (none)
  Release Data: Off
  Data Released: False
  Global Release Data: Off
  PipelineMTime: 0
  UpdateMTime: 3935
  RealTimeStamp: 0 seconds 
  LargestPossibleRegion: 
    Dimension: 3
    Index: [0, 0, 0]
    Size: [160, 240, 256]
  BufferedRegion: 
    Dimension: 3
    Index: [0, 0, 0]
    Size: [160, 240, 256]
  RequestedRegion: 
    Dimension: 3
    Index: [0, 0, 0]
    Size: [160, 240, 256]
  Spacing: [1, 1, 1]
  Origin: [73.279, 104.707, -131.187]
  Direction: 
-0.997527 0.0645574 -0.0278053
-0.0645323 -0.997914 -0.00179875
-0.0278634 4.01097e-08 0.999612

  IndexToPointMatrix: 
-0.997527 0.0645574 -0.0278053
-0.0645323 -0.997914 -0.00179875
-0.0278634 4.01097e-08 0.999612

  PointToIndexMatrix: 
-0.997527 -0.0645323 -0.0278634
0.0645574 -0.997914 9.8953e-10
-0.0278053 -0.00179879 0.999612

  Inverse Direction: 
-0.997527 -0.0645323 -0.0278634
0.0645574 -0.997914 9.8953e-10
-0.0278053 -0.00179879 0.999612

  PixelContainer: 
    ImportImageContainer (0x5039750)
      RTTI typeinfo:   itk::ImportImageContainer<unsigned long, double>
      Reference Count: 1
      Modified Time: 3932
      Debug: Off
      Object Name: 
      Observers: 
        none
      Pointer: 0x7fb08d61a010
      Container manages memory: true
      Size: 9830400
      Capacity: 9830400

     Weighting = 1
     Sampling strategy = none
     Number of bins = 32
     Radius = 4
     Sampling percentage  = 1
   Transform = SyN
     Gradient step = 0.1
     Update field sigma (voxel space) = 3
     Total field sigma (voxel space) = 0
     Update field time sigma = 0
     Total field time sigma  = 0
     Number of time indices = 0
     Number of time point samples = 0
Registration using 3 total stages.

Stage 0
  iterations = 1000x500x250x100
  convergence threshold = 1e-06
  convergence window size = 10
  number of levels = 4
  using the Mattes MI metric (number of bins = 32, weight = 1, use gradient filter = 0)
  preprocessing:  winsorizing the image intensities
  Shrink factors (level 1 out of 4): [8, 8, 8]
  Shrink factors (level 2 out of 4): [4, 4, 4]
  Shrink factors (level 3 out of 4): [2, 2, 2]
  Shrink factors (level 4 out of 4): [1, 1, 1]
  smoothing sigmas per level: [3, 2, 1, 0]
  regular sampling (percentage = 0.25)

*** Running Euler3DTransform registration ***

DIAGNOSTIC,Iteration,metricValue,convergenceValue,ITERATION_TIME_INDEX,SINCE_LAST
*/mnt/lustre/mathdugre/fast-interpolate/datasets/ds004513/derivatives/flint/antsRegistration/r8-p23/sub-s032/Stage1_level1_Iter0001.nii.gz
2DIAGNOSTIC,     1, -5.513783085170e-01, 1.797693134862e+308, 1.2800e+02, 1.2800e+02, 
*/mnt/lustre/mathdugre/fast-interpolate/datasets/ds004513/derivatives/flint/antsRegistration/r8-p23/sub-s032/Stage1_level1_Iter0002.nii.gz
2DIAGNOSTIC,     2, -5.539220780512e-01, 1.797693134862e+308, 1.2800e+02, 0.0000e+00, 
*/mnt/lustre/mathdugre/fast-interpolate/datasets/ds004513/derivatives/flint/antsRegistration/r8-p23/sub-s032/Stage1_level1_Iter0003.nii.gz
2DIAGNOSTIC,     3, -5.586974493145e-01, 1.797693134862e+308, 1.2800e+02, 0.0000e+00, 
*/mnt/lustre/mathdugre/fast-interpolate/datasets/ds004513/derivatives/flint/antsRegistration/r8-p23/sub-s032/Stage1_level1_Iter0004.nii.gz
2DIAGNOSTIC,     4, -5.658910595997e-01, 1.797693134862e+308, 1.2800e+02, 0.0000e+00, 
*/mnt/lustre/mathdugre/fast-interpolate/datasets/ds004513/derivatives/flint/antsRegistration/r8-p23/sub-s032/Stage1_level1_Iter0005.nii.gz
2DIAGNOSTIC,     5, -5.747288218213e-01, 1.797693134862e+308, 1.2800e+02, 0.0000e+00, 
*/mnt/lustre/mathdugre/fast-interpolate/datasets/ds004513/derivatives/flint/antsRegistration/r8-p23/sub-s032/Stage1_level1_Iter0006.nii.gz
2DIAGNOSTIC,     6, -5.987910343816e-01, 1.797693134862e+308, 1.2800e+02, 0.0000e+00, 
*/mnt/lustre/mathdugre/fast-interpolate/datasets/ds004513/derivatives/flint/antsRegistration/r8-p23/sub-s032/Stage1_level1_Iter0007.nii.gz
2DIAGNOSTIC,     7, -6.180389168876e-01, 1.797693134862e+308, 1.2800e+02, 0.0000e+00, 
*/mnt/lustre/mathdugre/fast-interpolate/datasets/ds004513/derivatives/flint/antsRegistration/r8-p23/sub-s032/Stage1_level1_Iter0008.nii.gz
2DIAGNOSTIC,     8, -6.349501816328e-01, 1.797693134862e+308, 1.2800e+02, 0.0000e+00, 
*/mnt/lustre/mathdugre/fast-interpolate/datasets/ds004513/derivatives/flint/antsRegistration/r8-p23/sub-s032/Stage1_level1_Iter0009.nii.gz
2DIAGNOSTIC,     9, -6.387674191340e-01, 1.797693134862e+308, 1.2800e+02, 0.0000e+00, 
*/mnt/lustre/mathdugre/fast-interpolate/datasets/ds004513/derivatives/flint/antsRegistration/r8-p23/sub-s032/Stage1_level1_Iter0010.nii.gz
2DIAGNOSTIC,    10, -6.469024455904e-01, 1.203273981810e-02, 1.2800e+02, 0.0000e+00, 
*/mnt/lustre/mathdugre/fast-interpolate/datasets/ds004513/derivatives/flint/antsRegistration/r8-p23/sub-s032/Stage1_level1_Iter0011.nii.gz
2DIAGNOSTIC,    11, -6.506611412358e-01, 1.105004549026e-02, 1.2800e+02, 0.0000e+00, 
*/mnt/lustre/mathdugre/fast-interpolate/datasets/ds004513/derivatives/flint/antsRegistration/r8-p23/sub-s032/Stage1_level1_Iter0012.nii.gz
2DIAGNOSTIC,    12, -6.535236370905e-01, 9.455725550652e-03, 1.2800e+02, 0.0000e+00, 
*/mnt/lustre/mathdugre/fast-interpolate/datasets/ds004513/derivatives/flint/antsRegistration/r8-p23/sub-s032/Stage1_level1_Iter0013.nii.gz
2DIAGNOSTIC,    13, -6.584513454766e-01, 7.621988654137e-03, 1.2800e+02, 0.0000e+00, 
*/mnt/lustre/mathdugre/fast-interpolate/datasets/ds004513/derivatives/flint/antsRegistration/r8-p23/sub-s032/Stage1_level1_Iter0014.nii.gz
2DIAGNOSTIC,    14, -6.588660925970e-01, 5.639396607876e-03, 1.2800e+02, 0.0000e+00, 
*/mnt/lustre/mathdugre/fast-interpolate/datasets/ds004513/derivatives/flint/antsRegistration/r8-p23/sub-s032/Stage1_level1_Iter0015.nii.gz
2DIAGNOSTIC,    15, -6.591818146850e-01, 3.702238202095e-03, 1.2800e+02, 0.0000e+00, 
*/mnt/lustre/mathdugre/fast-interpolate/datasets/ds004513/derivatives/flint/antsRegistration/r8-p23/sub-s032/Stage1_level1_Iter0016.nii.gz
2DIAGNOSTIC,    16, -6.594058775762e-01, 2.375140786171e-03, 1.2800e+02, 0.0000e+00, 
*/mnt/lustre/mathdugre/fast-interpolate/datasets/ds004513/derivatives/flint/antsRegistration/r8-p23/sub-s032/Stage1_level1_Iter0017.nii.gz
2DIAGNOSTIC,    17, -6.594713897468e-01, 1.506842672825e-03, 1.2800e+02, 0.0000e+00, 
*/mnt/lustre/mathdugre/fast-interpolate/datasets/ds004513/derivatives/flint/antsRegistration/r8-p23/sub-s032/Stage1_level1_Iter0018.nii.gz
2DIAGNOSTIC,    18, -6.595121885012e-01, 1.031376421452e-03, 1.2800e+02, 0.0000e+00, 
*/mnt/lustre/mathdugre/fast-interpolate/datasets/ds004513/derivatives/flint/antsRegistration/r8-p23/sub-s032/Stage1_level1_Iter0019.nii.gz
2DIAGNOSTIC,    19, -6.594513435589e-01, 5.997456610203e-04, 1.2800e+02, 0.0000e+00, 
*/mnt/lustre/mathdugre/fast-interpolate/datasets/ds004513/derivatives/flint/antsRegistration/r8-p23/sub-s032/Stage1_level1_Iter0020.nii.gz
2DIAGNOSTIC,    20, -6.594961209332e-01, 3.439411520958e-04, 1.2800e+02, 0.0000e+00, 
*/mnt/lustre/mathdugre/fast-interpolate/datasets/ds004513/derivatives/flint/antsRegistration/r8-p23/sub-s032/Stage1_level1_Iter0021.nii.gz
2DIAGNOSTIC,    21, -6.595710935617e-01, 1.640990376472e-04, 1.2800e+02, 0.0000e+00, 
*/mnt/lustre/mathdugre/fast-interpolate/datasets/ds004513/derivatives/flint/antsRegistration/r8-p23/sub-s032/Stage1_level1_Iter0022.nii.gz
2DIAGNOSTIC,    22, -6.597034210365e-01, 4.497915506363e-05, 1.2800e+02, 0.0000e+00, 
*/mnt/lustre/mathdugre/fast-interpolate/datasets/ds004513/derivatives/flint/antsRegistration/r8-p23/sub-s032/Stage1_level1_Iter0023.nii.gz
2DIAGNOSTIC,    23, -6.596981282870e-01, 2.898648381233e-05, 1.2800e+02, 0.0000e+00, 
*/mnt/lustre/mathdugre/fast-interpolate/datasets/ds004513/derivatives/flint/antsRegistration/r8-p23/sub-s032/Stage1_level1_Iter0024.nii.gz
2DIAGNOSTIC,    24, -6.596981115337e-01, 1.956522464752e-05, 1.2800e+02, 0.0000e+00, 
*/mnt/lustre/mathdugre/fast-interpolate/datasets/ds004513/derivatives/flint/antsRegistration/r8-p23/sub-s032/Stage1_level1_Iter0025.nii.gz
2DIAGNOSTIC,    25, -6.596983730980e-01, 1.482293009758e-05, 1.2800e+02, 0.0000e+00, 
*/mnt/lustre/mathdugre/fast-interpolate/datasets/ds004513/derivatives/flint/antsRegistration/r8-p23/sub-s032/Stage1_level1_Iter0026.nii.gz
2DIAGNOSTIC,    26, -6.596989761011e-01, 1.299381256104e-05, 1.2800e+02, 0.0000e+00, 
*/mnt/lustre/mathdugre/fast-interpolate/datasets/ds004513/derivatives/flint/antsRegistration/r8-p23/sub-s032/Stage1_level1_Iter0027.nii.gz
2DIAGNOSTIC,    27, -6.596999385261e-01, 1.125037670135e-05, 1.2800e+02, 0.0000e+00, 
*/mnt/lustre/mathdugre/fast-interpolate/datasets/ds004513/derivatives/flint/antsRegistration/r8-p23/sub-s032/Stage1_level1_Iter0028.nii.gz
2DIAGNOSTIC,    28, -6.597013677466e-01, 9.410083293915e-06, 1.2800e+02, 0.0000e+00, 
*/mnt/lustre/mathdugre/fast-interpolate/datasets/ds004513/derivatives/flint/antsRegistration/r8-p23/sub-s032/Stage1_level1_Iter0029.nii.gz
2DIAGNOSTIC,    29, -6.597038677112e-01, 6.057322025299e-06, 1.2800e+02, 0.0000e+00, 
*/mnt/lustre/mathdugre/fast-interpolate/datasets/ds004513/derivatives/flint/antsRegistration/r8-p23/sub-s032/Stage1_level1_Iter0030.nii.gz
2DIAGNOSTIC,    30, -6.597072452696e-01, 3.173947334290e-06, 1.2800e+02, 0.0000e+00, 
*/mnt/lustre/mathdugre/fast-interpolate/datasets/ds004513/derivatives/flint/antsRegistration/r8-p23/sub-s032/Stage1_level1_Iter0031.nii.gz
2DIAGNOSTIC,    31, -6.597113782117e-01, 1.370906829834e-06, 1.2800e+02, 0.0000e+00, 
*/mnt/lustre/mathdugre/fast-interpolate/datasets/ds004513/derivatives/flint/antsRegistration/r8-p23/sub-s032/Stage1_level1_Iter0032.nii.gz
2DIAGNOSTIC,    32, -6.597160228360e-01, 1.557171344757e-06, 1.2800e+02, 0.0000e+00, 
*/mnt/lustre/mathdugre/fast-interpolate/datasets/ds004513/derivatives/flint/antsRegistration/r8-p23/sub-s032/Stage1_level1_Iter0033.nii.gz
2DIAGNOSTIC,    33, -6.597205792273e-01, 1.668930053711e-06, 1.2800e+02, 0.0000e+00, 
*/mnt/lustre/mathdugre/fast-interpolate/datasets/ds004513/derivatives/flint/antsRegistration/r8-p23/sub-s032/Stage1_level1_Iter0034.nii.gz
2DIAGNOSTIC,    34, -6.597270030632e-01, 1.803040504456e-06, 1.2800e+02, 0.0000e+00, 
*/mnt/lustre/mathdugre/fast-interpolate/datasets/ds004513/derivatives/flint/antsRegistration/r8-p23/sub-s032/Stage1_level1_Iter0035.nii.gz
2DIAGNOSTIC,    35, -6.597381445069e-01, 1.985579729080e-06, 1.2800e+02, 0.0000e+00, 
*/mnt/lustre/mathdugre/fast-interpolate/datasets/ds004513/derivatives/flint/antsRegistration/r8-p23/sub-s032/Stage1_level1_Iter0036.nii.gz
2DIAGNOSTIC,    36, -6.597536147481e-01, 2.248212695122e-06, 1.2800e+02, 0.0000e+00, 
*/mnt/lustre/mathdugre/fast-interpolate/datasets/ds004513/derivatives/flint/antsRegistration/r8-p23/sub-s032/Stage1_level1_Iter0037.nii.gz
2DIAGNOSTIC,    37, -6.597750396771e-01, 2.646818757057e-06, 1.2800e+02, 0.0000e+00, 
*/mnt/lustre/mathdugre/fast-interpolate/datasets/ds004513/derivatives/flint/antsRegistration/r8-p23/sub-s032/Stage1_level1_Iter0038.nii.gz
2DIAGNOSTIC,    38, -6.597822956418e-01, 2.939254045486e-06, 1.2800e+02, 0.0000e+00, 
*/mnt/lustre/mathdugre/fast-interpolate/datasets/ds004513/derivatives/flint/antsRegistration/r8-p23/sub-s032/Stage1_level1_Iter0039.nii.gz
2DIAGNOSTIC,    39, -6.596979548878e-01, 2.101063728333e-06, 1.2800e+02, 0.0000e+00, 
*/mnt/lustre/mathdugre/fast-interpolate/datasets/ds004513/derivatives/flint/antsRegistration/r8-p23/sub-s032/Stage1_level1_Iter0040.nii.gz
2DIAGNOSTIC,    40, -6.596984050233e-01, 1.253560185432e-06, 1.2800e+02, 0.0000e+00, 
DIAGNOSTIC,Iteration,metricValue,convergenceValue,ITERATION_TIME_INDEX,SINCE_LAST
*/mnt/lustre/mathdugre/fast-interpolate/datasets/ds004513/derivatives/flint/antsRegistration/r8-p23/sub-s032/Stage1_level2_Iter0001.nii.gz
2DIAGNOSTIC,     1, -5.186608351839e-01, 1.797693134862e+308, 1.2800e+02, 0.0000e+00, 
*/mnt/lustre/mathdugre/fast-interpolate/datasets/ds004513/derivatives/flint/antsRegistration/r8-p23/sub-s032/Stage1_level2_Iter0002.nii.gz
2DIAGNOSTIC,     2, -5.192385427427e-01, 1.797693134862e+308, 1.2800e+02, 0.0000e+00, 
*/mnt/lustre/mathdugre/fast-interpolate/datasets/ds004513/derivatives/flint/antsRegistration/r8-p23/sub-s032/Stage1_level2_Iter0003.nii.gz
2DIAGNOSTIC,     3, -5.197396030955e-01, 1.797693134862e+308, 1.2800e+02, 0.0000e+00, 
*/mnt/lustre/mathdugre/fast-interpolate/datasets/ds004513/derivatives/flint/antsRegistration/r8-p23/sub-s032/Stage1_level2_Iter0004.nii.gz
2DIAGNOSTIC,     4, -5.202022354658e-01, 1.797693134862e+308, 1.2800e+02, 0.0000e+00, 
*/mnt/lustre/mathdugre/fast-interpolate/datasets/ds004513/derivatives/flint/antsRegistration/r8-p23/sub-s032/Stage1_level2_Iter0005.nii.gz
2DIAGNOSTIC,     5, -5.209959895895e-01, 1.797693134862e+308, 1.2800e+02, 0.0000e+00, 
*/mnt/lustre/mathdugre/fast-interpolate/datasets/ds004513/derivatives/flint/antsRegistration/r8-p23/sub-s032/Stage1_level2_Iter0006.nii.gz
2DIAGNOSTIC,     6, -5.217285166677e-01, 1.797693134862e+308, 1.2800e+02, 0.0000e+00, 
*/mnt/lustre/mathdugre/fast-interpolate/datasets/ds004513/derivatives/flint/antsRegistration/r8-p23/sub-s032/Stage1_level2_Iter0007.nii.gz
2DIAGNOSTIC,     7, -5.231404016954e-01, 1.797693134862e+308, 1.2800e+02, 0.0000e+00, 
*/mnt/lustre/mathdugre/fast-interpolate/datasets/ds004513/derivatives/flint/antsRegistration/r8-p23/sub-s032/Stage1_level2_Iter0008.nii.gz
2DIAGNOSTIC,     8, -5.241414936408e-01, 1.797693134862e+308, 1.2800e+02, 0.0000e+00, 
*/mnt/lustre/mathdugre/fast-interpolate/datasets/ds004513/derivatives/flint/antsRegistration/r8-p23/sub-s032/Stage1_level2_Iter0009.nii.gz
2DIAGNOSTIC,     9, -5.252206526278e-01, 1.797693134862e+308, 2.5600e+02, 1.2800e+02, 
*/mnt/lustre/mathdugre/fast-interpolate/datasets/ds004513/derivatives/flint/antsRegistration/r8-p23/sub-s032/Stage1_level2_Iter0010.nii.gz
2DIAGNOSTIC,    10, -5.256468586680e-01, 9.178444743156e-04, 2.5600e+02, 0.0000e+00, 
*/mnt/lustre/mathdugre/fast-interpolate/datasets/ds004513/derivatives/flint/antsRegistration/r8-p23/sub-s032/Stage1_level2_Iter0011.nii.gz
2DIAGNOSTIC,    11, -5.271500500011e-01, 9.079501032829e-04, 2.5600e+02, 0.0000e+00, 
*/mnt/lustre/mathdugre/fast-interpolate/datasets/ds004513/derivatives/flint/antsRegistration/r8-p23/sub-s032/Stage1_level2_Iter0012.nii.gz
2DIAGNOSTIC,    12, -5.275229247632e-01, 8.595287799835e-04, 2.5600e+02, 0.0000e+00, 
*/mnt/lustre/mathdugre/fast-interpolate/datasets/ds004513/derivatives/flint/antsRegistration/r8-p23/sub-s032/Stage1_level2_Iter0013.nii.gz
2DIAGNOSTIC,    13, -5.275692963814e-01, 7.640346884727e-04, 2.5600e+02, 0.0000e+00, 
*/mnt/lustre/mathdugre/fast-interpolate/datasets/ds004513/derivatives/flint/antsRegistration/r8-p23/sub-s032/Stage1_level2_Iter0014.nii.gz
2DIAGNOSTIC,    14, -5.278152203924e-01, 6.411373615265e-04, 2.5600e+02, 0.0000e+00, 
*/mnt/lustre/mathdugre/fast-interpolate/datasets/ds004513/derivatives/flint/antsRegistration/r8-p23/sub-s032/Stage1_level2_Iter0015.nii.gz
2DIAGNOSTIC,    15, -5.281236747863e-01, 5.161240696907e-04, 2.5600e+02, 0.0000e+00, 
*/mnt/lustre/mathdugre/fast-interpolate/datasets/ds004513/derivatives/flint/antsRegistration/r8-p23/sub-s032/Stage1_level2_Iter0016.nii.gz
2DIAGNOSTIC,    16, -5.283336185410e-01, 3.901720046997e-04, 2.5600e+02, 0.0000e+00, 
*/mnt/lustre/mathdugre/fast-interpolate/datasets/ds004513/derivatives/flint/antsRegistration/r8-p23/sub-s032/Stage1_level2_Iter0017.nii.gz
2DIAGNOSTIC,    17, -5.286229678366e-01, 2.970807254314e-04, 2.5600e+02, 0.0000e+00, 
*/mnt/lustre/mathdugre/fast-interpolate/datasets/ds004513/derivatives/flint/antsRegistration/r8-p23/sub-s032/Stage1_level2_Iter0018.nii.gz
2DIAGNOSTIC,    18, -5.290609223670e-01, 2.302825450897e-04, 2.5600e+02, 0.0000e+00, 
*/mnt/lustre/mathdugre/fast-interpolate/datasets/ds004513/derivatives/flint/antsRegistration/r8-p23/sub-s032/Stage1_level2_Iter0019.nii.gz
2DIAGNOSTIC,    19, -5.306257857556e-01, 2.247653901577e-04, 2.5600e+02, 0.0000e+00, 
*/mnt/lustre/mathdugre/fast-interpolate/datasets/ds004513/derivatives/flint/antsRegistration/r8-p23/sub-s032/Stage1_level2_Iter0020.nii.gz
2DIAGNOSTIC,    20, -5.343683842205e-01, 3.096200525761e-04, 2.5600e+02, 0.0000e+00, 
*/mnt/lustre/mathdugre/fast-interpolate/datasets/ds004513/derivatives/flint/antsRegistration/r8-p23/sub-s032/Stage1_level2_Iter0021.nii.gz
2DIAGNOSTIC,    21, -5.343040664948e-01, 3.922171890736e-04, 2.5600e+02, 0.0000e+00, 
*/mnt/lustre/mathdugre/fast-interpolate/datasets/ds004513/derivatives/flint/antsRegistration/r8-p23/sub-s032/Stage1_level2_Iter0022.nii.gz
2DIAGNOSTIC,    22, -5.342678411694e-01, 4.407763481140e-04, 2.5600e+02, 0.0000e+00, 
*/mnt/lustre/mathdugre/fast-interpolate/datasets/ds004513/derivatives/flint/antsRegistration/r8-p23/sub-s032/Stage1_level2_Iter0023.nii.gz
2DIAGNOSTIC,    23, -5.362611221874e-01, 4.928596317768e-04, 2.5600e+02, 0.0000e+00, 
*/mnt/lustre/mathdugre/fast-interpolate/datasets/ds004513/derivatives/flint/antsRegistration/r8-p23/sub-s032/Stage1_level2_Iter0024.nii.gz
2DIAGNOSTIC,    24, -5.382609551437e-01, 5.425773561001e-04, 2.5600e+02, 0.0000e+00, 
*/mnt/lustre/mathdugre/fast-interpolate/datasets/ds004513/derivatives/flint/antsRegistration/r8-p23/sub-s032/Stage1_level2_Iter0025.nii.gz
2DIAGNOSTIC,    25, -5.408743276327e-01, 5.981847643852e-04, 2.5600e+02, 0.0000e+00, 
*/mnt/lustre/mathdugre/fast-interpolate/datasets/ds004513/derivatives/flint/antsRegistration/r8-p23/sub-s032/Stage1_level2_Iter0026.nii.gz
2DIAGNOSTIC,    26, -5.412601116156e-01, 6.054602563381e-04, 2.5600e+02, 0.0000e+00, 
*/mnt/lustre/mathdugre/fast-interpolate/datasets/ds004513/derivatives/flint/antsRegistration/r8-p23/sub-s032/Stage1_level2_Iter0027.nii.gz
2DIAGNOSTIC,    27, -5.419082792027e-01, 5.762241780758e-04, 2.5600e+02, 0.0000e+00, 
*/mnt/lustre/mathdugre/fast-interpolate/datasets/ds004513/derivatives/flint/antsRegistration/r8-p23/sub-s032/Stage1_level2_Iter0028.nii.gz
2DIAGNOSTIC,    28, -5.434562176328e-01, 5.327276885509e-04, 2.5600e+02, 0.0000e+00, 
*/mnt/lustre/mathdugre/fast-interpolate/datasets/ds004513/derivatives/flint/antsRegistration/r8-p23/sub-s032/Stage1_level2_Iter0029.nii.gz
2DIAGNOSTIC,    29, -5.451152596152e-01, 4.982277750969e-04, 2.5600e+02, 0.0000e+00, 
*/mnt/lustre/mathdugre/fast-interpolate/datasets/ds004513/derivatives/flint/antsRegistration/r8-p23/sub-s032/Stage1_level2_Iter0030.nii.gz
2DIAGNOSTIC,    30, -5.464169135546e-01, 5.085431039333e-04, 2.5600e+02, 0.0000e+00, 
*/mnt/lustre/mathdugre/fast-interpolate/datasets/ds004513/derivatives/flint/antsRegistration/r8-p23/sub-s032/Stage1_level2_Iter0031.nii.gz
2DIAGNOSTIC,    31, -5.465605700262e-01, 4.723519086838e-04, 2.5600e+02, 0.0000e+00, 
*/mnt/lustre/mathdugre/fast-interpolate/datasets/ds004513/derivatives/flint/antsRegistration/r8-p23/sub-s032/Stage1_level2_Iter0032.nii.gz
2DIAGNOSTIC,    32, -5.474914630868e-01, 4.093088209629e-04, 2.5600e+02, 0.0000e+00, 
*/mnt/lustre/mathdugre/fast-interpolate/datasets/ds004513/derivatives/flint/antsRegistration/r8-p23/sub-s032/Stage1_level2_Iter0033.nii.gz
2DIAGNOSTIC,    33, -5.486247723812e-01, 3.611706197262e-04, 2.5600e+02, 0.0000e+00, 
*/mnt/lustre/mathdugre/fast-interpolate/datasets/ds004513/derivatives/flint/antsRegistration/r8-p23/sub-s032/Stage1_level2_Iter0034.nii.gz
2DIAGNOSTIC,    34, -5.507716294497e-01, 3.450140357018e-04, 2.5600e+02, 0.0000e+00, 
*/mnt/lustre/mathdugre/fast-interpolate/datasets/ds004513/derivatives/flint/antsRegistration/r8-p23/sub-s032/Stage1_level2_Iter0035.nii.gz
2DIAGNOSTIC,    35, -5.518458705695e-01, 3.527142107487e-04, 2.5600e+02, 0.0000e+00, 
*/mnt/lustre/mathdugre/fast-interpolate/datasets/ds004513/derivatives/flint/antsRegistration/r8-p23/sub-s032/Stage1_level2_Iter0036.nii.gz
2DIAGNOSTIC,    36, -5.530459879009e-01, 3.504343330860e-04, 2.5600e+02, 0.0000e+00, 
*/mnt/lustre/mathdugre/fast-interpolate/datasets/ds004513/derivatives/flint/antsRegistration/r8-p23/sub-s032/Stage1_level2_Iter0037.nii.gz
2DIAGNOSTIC,    37, -5.535565924586e-01, 3.315676003695e-04, 2.5600e+02, 0.0000e+00, 
*/mnt/lustre/mathdugre/fast-interpolate/datasets/ds004513/derivatives/flint/antsRegistration/r8-p23/sub-s032/Stage1_level2_Iter0038.nii.gz
2DIAGNOSTIC,    38, -5.539135315271e-01, 3.083106130362e-04, 2.5600e+02, 0.0000e+00, 
*/mnt/lustre/mathdugre/fast-interpolate/datasets/ds004513/derivatives/flint/antsRegistration/r8-p23/sub-s032/Stage1_level2_Iter0039.nii.gz
2DIAGNOSTIC,    39, -5.550848894876e-01, 2.948585897684e-04, 2.5600e+02, 0.0000e+00, 
*/mnt/lustre/mathdugre/fast-interpolate/datasets/ds004513/derivatives/flint/antsRegistration/r8-p23/sub-s032/Stage1_level2_Iter0040.nii.gz
2DIAGNOSTIC,    40, -5.571050634003e-01, 2.977885305882e-04, 2.5600e+02, 0.0000e+00, 
*/mnt/lustre/mathdugre/fast-interpolate/datasets/ds004513/derivatives/flint/antsRegistration/r8-p23/sub-s032/Stage1_level2_Iter0041.nii.gz
2DIAGNOSTIC,    41, -5.574491487705e-01, 2.780072391033e-04, 2.5600e+02, 0.0000e+00, 
*/mnt/lustre/mathdugre/fast-interpolate/datasets/ds004513/derivatives/flint/antsRegistration/r8-p23/sub-s032/Stage1_level2_Iter0042.nii.gz
2DIAGNOSTIC,    42, -5.588859591056e-01, 2.629831433296e-04, 2.5600e+02, 0.0000e+00, 
*/mnt/lustre/mathdugre/fast-interpolate/datasets/ds004513/derivatives/flint/antsRegistration/r8-p23/sub-s032/Stage1_level2_Iter0043.nii.gz
2DIAGNOSTIC,    43, -5.605109448603e-01, 2.570021897554e-04, 2.5600e+02, 0.0000e+00, 
*/mnt/lustre/mathdugre/fast-interpolate/datasets/ds004513/derivatives/flint/antsRegistration/r8-p23/sub-s032/Stage1_level2_Iter0044.nii.gz
2DIAGNOSTIC,    44, -5.610848971233e-01, 2.587866038084e-04, 2.5600e+02, 0.0000e+00, 
*/mnt/lustre/mathdugre/fast-interpolate/datasets/ds004513/derivatives/flint/antsRegistration/r8-p23/sub-s032/Stage1_level2_Iter0045.nii.gz
2DIAGNOSTIC,    45, -5.614678258299e-01, 2.525039017200e-04, 2.5600e+02, 0.0000e+00, 
*/mnt/lustre/mathdugre/fast-interpolate/datasets/ds004513/derivatives/flint/antsRegistration/r8-p23/sub-s032/Stage1_level2_Iter0046.nii.gz
2DIAGNOSTIC,    46, -5.621710105734e-01, 2.443958073854e-04, 2.5600e+02, 0.0000e+00, 
*/mnt/lustre/mathdugre/fast-interpolate/datasets/ds004513/derivatives/flint/antsRegistration/r8-p23/sub-s032/Stage1_level2_Iter0047.nii.gz
2DIAGNOSTIC,    47, -5.628927257442e-01, 2.271328121424e-04, 2.5600e+02, 0.0000e+00, 
*/mnt/lustre/mathdugre/fast-interpolate/datasets/ds004513/derivatives/flint/antsRegistration/r8-p23/sub-s032/Stage1_level2_Iter0048.nii.gz
2DIAGNOSTIC,    48, -5.634217118119e-01, 1.981817185879e-04, 2.5600e+02, 0.0000e+00, 
*/mnt/lustre/mathdugre/fast-interpolate/datasets/ds004513/derivatives/flint/antsRegistration/r8-p23/sub-s032/Stage1_level2_Iter0049.nii.gz
2DIAGNOSTIC,    49, -5.649184203371e-01, 1.797229051590e-04, 2.5600e+02, 0.0000e+00, 
*/mnt/lustre/mathdugre/fast-interpolate/datasets/ds004513/derivatives/flint/antsRegistration/r8-p23/sub-s032/Stage1_level2_Iter0050.nii.gz
2DIAGNOSTIC,    50, -5.676032483752e-01, 1.942850649357e-04, 2.5600e+02, 0.0000e+00, 
*/mnt/lustre/mathdugre/fast-interpolate/datasets/ds004513/derivatives/flint/antsRegistration/r8-p23/sub-s032/Stage1_level2_Iter0051.nii.gz
2DIAGNOSTIC,    51, -5.678332917747e-01, 1.948028802872e-04, 2.5600e+02, 0.0000e+00, 
*/mnt/lustre/mathdugre/fast-interpolate/datasets/ds004513/derivatives/flint/antsRegistration/r8-p23/sub-s032/Stage1_level2_Iter0052.nii.gz
2DIAGNOSTIC,    52, -5.677857769437e-01, 1.907013356686e-04, 2.5600e+02, 0.0000e+00, 
*/mnt/lustre/mathdugre/fast-interpolate/datasets/ds004513/derivatives/flint/antsRegistration/r8-p23/sub-s032/Stage1_level2_Iter0053.nii.gz
2DIAGNOSTIC,    53, -5.677937193282e-01, 1.849792897701e-04, 2.5600e+02, 0.0000e+00, 
*/mnt/lustre/mathdugre/fast-interpolate/datasets/ds004513/derivatives/flint/antsRegistration/r8-p23/sub-s032/Stage1_level2_Iter0054.nii.gz
2DIAGNOSTIC,    54, -5.677970160446e-01, 1.671463251114e-04, 2.5600e+02, 0.0000e+00, 
*/mnt/lustre/mathdugre/fast-interpolate/datasets/ds004513/derivatives/flint/antsRegistration/r8-p23/sub-s032/Stage1_level2_Iter0055.nii.gz
2DIAGNOSTIC,    55, -5.677983505269e-01, 1.371409744024e-04, 2.5600e+02, 0.0000e+00, 
*/mnt/lustre/mathdugre/fast-interpolate/datasets/ds004513/derivatives/flint/antsRegistration/r8-p23/sub-s032/Stage1_level2_Iter0056.nii.gz
2DIAGNOSTIC,    56, -5.677914619348e-01, 1.016091555357e-04, 2.5600e+02, 0.0000e+00, 
*/mnt/lustre/mathdugre/fast-interpolate/datasets/ds004513/derivatives/flint/antsRegistration/r8-p23/sub-s032/Stage1_level2_Iter0057.nii.gz
2DIAGNOSTIC,    57, -5.677851201752e-01, 6.466545164585e-05, 2.5600e+02, 0.0000e+00, 
*/mnt/lustre/mathdugre/fast-interpolate/datasets/ds004513/derivatives/flint/antsRegistration/r8-p23/sub-s032/Stage1_level2_Iter0058.nii.gz
2DIAGNOSTIC,    58, -5.677702692475e-01, 2.745166420937e-05, 2.5600e+02, 0.0000e+00, 
*/mnt/lustre/mathdugre/fast-interpolate/datasets/ds004513/derivatives/flint/antsRegistration/r8-p23/sub-s032/Stage1_level2_Iter0059.nii.gz
2DIAGNOSTIC,    59, -5.677555659451e-01, 1.410022377968e-06, 2.5600e+02, 0.0000e+00, 
DIAGNOSTIC,Iteration,metricValue,convergenceValue,ITERATION_TIME_INDEX,SINCE_LAST
*/mnt/lustre/mathdugre/fast-interpolate/datasets/ds004513/derivatives/flint/antsRegistration/r8-p23/sub-s032/Stage1_level3_Iter0001.nii.gz
2DIAGNOSTIC,     1, -5.031106083065e-01, 1.797693134862e+308, 2.5600e+02, 0.0000e+00, 
*/mnt/lustre/mathdugre/fast-interpolate/datasets/ds004513/derivatives/flint/antsRegistration/r8-p23/sub-s032/Stage1_level3_Iter0002.nii.gz
2DIAGNOSTIC,     2, -5.033313719339e-01, 1.797693134862e+308, 2.5600e+02, 0.0000e+00, 
*/mnt/lustre/mathdugre/fast-interpolate/datasets/ds004513/derivatives/flint/antsRegistration/r8-p23/sub-s032/Stage1_level3_Iter0003.nii.gz
2DIAGNOSTIC,     3, -5.034973144704e-01, 1.797693134862e+308, 2.5600e+02, 0.0000e+00, 
*/mnt/lustre/mathdugre/fast-interpolate/datasets/ds004513/derivatives/flint/antsRegistration/r8-p23/sub-s032/Stage1_level3_Iter0004.nii.gz
2DIAGNOSTIC,     4, -5.035606989069e-01, 1.797693134862e+308, 2.5600e+02, 0.0000e+00, 
*/mnt/lustre/mathdugre/fast-interpolate/datasets/ds004513/derivatives/flint/antsRegistration/r8-p23/sub-s032/Stage1_level3_Iter0005.nii.gz
2DIAGNOSTIC,     5, -5.035679476886e-01, 1.797693134862e+308, 2.5600e+02, 0.0000e+00, 
*/mnt/lustre/mathdugre/fast-interpolate/datasets/ds004513/derivatives/flint/antsRegistration/r8-p23/sub-s032/Stage1_level3_Iter0006.nii.gz
2DIAGNOSTIC,     6, -5.035679522511e-01, 1.797693134862e+308, 2.5600e+02, 0.0000e+00, 
*/mnt/lustre/mathdugre/fast-interpolate/datasets/ds004513/derivatives/flint/antsRegistration/r8-p23/sub-s032/Stage1_level3_Iter0007.nii.gz
2DIAGNOSTIC,     7, -5.035705357065e-01, 1.797693134862e+308, 2.5600e+02, 0.0000e+00, 
*/mnt/lustre/mathdugre/fast-interpolate/datasets/ds004513/derivatives/flint/antsRegistration/r8-p23/sub-s032/Stage1_level3_Iter0008.nii.gz
2DIAGNOSTIC,     8, -5.035717075312e-01, 1.797693134862e+308, 2.5600e+02, 0.0000e+00, 
*/mnt/lustre/mathdugre/fast-interpolate/datasets/ds004513/derivatives/flint/antsRegistration/r8-p23/sub-s032/Stage1_level3_Iter0009.nii.gz
2DIAGNOSTIC,     9, -5.035686405413e-01, 1.797693134862e+308, 2.5600e+02, 0.0000e+00, 
*/mnt/lustre/mathdugre/fast-interpolate/datasets/ds004513/derivatives/flint/antsRegistration/r8-p23/sub-s032/Stage1_level3_Iter0010.nii.gz
2DIAGNOSTIC,    10, -5.035672521719e-01, 4.386156797409e-05, 3.8400e+02, 1.2800e+02, 
*/mnt/lustre/mathdugre/fast-interpolate/datasets/ds004513/derivatives/flint/antsRegistration/r8-p23/sub-s032/Stage1_level3_Iter0011.nii.gz
2DIAGNOSTIC,    11, -5.035681940634e-01, 1.856684684753e-05, 3.8400e+02, 0.0000e+00, 
*/mnt/lustre/mathdugre/fast-interpolate/datasets/ds004513/derivatives/flint/antsRegistration/r8-p23/sub-s032/Stage1_level3_Iter0012.nii.gz
2DIAGNOSTIC,    12, -5.035675340763e-01, 6.273388862610e-06, 3.8400e+02, 0.0000e+00, 
*/mnt/lustre/mathdugre/fast-interpolate/datasets/ds004513/derivatives/flint/antsRegistration/r8-p23/sub-s032/Stage1_level3_Iter0013.nii.gz
2DIAGNOSTIC,    13, -5.035667929983e-01, 2.607703208923e-06, 3.8400e+02, 0.0000e+00, 
*/mnt/lustre/mathdugre/fast-interpolate/datasets/ds004513/derivatives/flint/antsRegistration/r8-p23/sub-s032/Stage1_level3_Iter0014.nii.gz
2DIAGNOSTIC,    14, -5.035661723790e-01, 2.011656761169e-06, 3.8400e+02, 0.0000e+00, 
*/mnt/lustre/mathdugre/fast-interpolate/datasets/ds004513/derivatives/flint/antsRegistration/r8-p23/sub-s032/Stage1_level3_Iter0015.nii.gz
2DIAGNOSTIC,    15, -5.035654732427e-01, 1.743435859680e-06, 3.8400e+02, 0.0000e+00, 
*/mnt/lustre/mathdugre/fast-interpolate/datasets/ds004513/derivatives/flint/antsRegistration/r8-p23/sub-s032/Stage1_level3_Iter0016.nii.gz
2DIAGNOSTIC,    16, -5.035647895976e-01, 1.519918441772e-06, 3.8400e+02, 0.0000e+00, 
*/mnt/lustre/mathdugre/fast-interpolate/datasets/ds004513/derivatives/flint/antsRegistration/r8-p23/sub-s032/Stage1_level3_Iter0017.nii.gz
2DIAGNOSTIC,    17, -5.035658397001e-01, 1.482665538788e-06, 3.8400e+02, 0.0000e+00, 
*/mnt/lustre/mathdugre/fast-interpolate/datasets/ds004513/derivatives/flint/antsRegistration/r8-p23/sub-s032/Stage1_level3_Iter0018.nii.gz
2DIAGNOSTIC,    18, -5.035678497774e-01, 1.590698957443e-06, 3.8400e+02, 0.0000e+00, 
*/mnt/lustre/mathdugre/fast-interpolate/datasets/ds004513/derivatives/flint/antsRegistration/r8-p23/sub-s032/Stage1_level3_Iter0019.nii.gz
2DIAGNOSTIC,    19, -5.035657901233e-01, 1.560896635056e-06, 3.8400e+02, 0.0000e+00, 
