
##########################
# Experiment information #
##########################

EXPERIMENT_NAME: r8-p20
VFC_BACKENDS: libinterflop_vprec.so --range-binary32=8 --precision-binary32=20 --range-binary64=8 --precision-binary64=20

SIF_IMG: /mnt/lustre/mathdugre/containers/ants-vprec-no_metric.simg

SUBJECT_ID: s003
INPUT_IMG: /mnt/lustre/mathdugre/fast-interpolate/datasets/ds004513/derivatives/flint/antsBrainExtraction/sub-s003/BrainExtractionBrain.nii.gz
OUTPUT_DIR: /mnt/lustre/mathdugre/fast-interpolate/datasets/ds004513/derivatives/flint/antsRegistration/r8-p20/sub-s003

FIXED_IMG: /templateflow/tpl-MNI152NLin2009cAsym/tpl-MNI152NLin2009cAsym_res-01_desc-brain_T1w.nii.gz
DATA_DIR: /mnt/lustre/mathdugre/fast-interpolate/datasets/ds004513
TEMPLATEFLOW_DIR: /home/mathdugre/.cache/templateflow
ITK_GLOBAL_DEFAULT_NUMBER_OF_THREADS: 4
##########################

Info [verificarlo]: loaded backend libinterflop_vprec.so
Info [interflop-vprec]: load backend with: 
Info [interflop-vprec]: precision-binary32 = 20
Info [interflop-vprec]: range-binary32 = 8
Info [interflop-vprec]: precision-binary64 = 20
Info [interflop-vprec]: range-binary64 = 8
Info [interflop-vprec]: mode = ob
Info [interflop-vprec]: error-mode = rel
Info [interflop-vprec]: max-abs-error-exponent = -1022
Info [interflop-vprec]: daz = false
Info [interflop-vprec]: ftz = false
Info [interflop-vprec]: 	instrument = none
Info [interflop-vprec]: 	prec-input-file = (null)
Info [interflop-vprec]: 	prec-output-file = (null)
Info [interflop-vprec]: 	prec-log-file = (null)
All_Command_lines_OK
Using double precision for computations.
=============================================================================
The composite transform comprises the following transforms (in order): 
  1. Center of mass alignment using fixed image: /templateflow/tpl-MNI152NLin2009cAsym/tpl-MNI152NLin2009cAsym_res-01_desc-brain_T1w.nii.gz and moving image: /mnt/lustre/mathdugre/fast-interpolate/datasets/ds004513/derivatives/flint/antsBrainExtraction/sub-s003/BrainExtractionBrain.nii.gz (type = Euler3DTransform)
=============================================================================
  number of levels = 4
  number of levels = 4
  number of levels = 4
  fixed image: /templateflow/tpl-MNI152NLin2009cAsym/tpl-MNI152NLin2009cAsym_res-01_desc-brain_T1w.nii.gz
  moving image: /mnt/lustre/mathdugre/fast-interpolate/datasets/ds004513/derivatives/flint/antsBrainExtraction/sub-s003/BrainExtractionBrain.nii.gz
  fixed image: /templateflow/tpl-MNI152NLin2009cAsym/tpl-MNI152NLin2009cAsym_res-01_desc-brain_T1w.nii.gz
  moving image: /mnt/lustre/mathdugre/fast-interpolate/datasets/ds004513/derivatives/flint/antsBrainExtraction/sub-s003/BrainExtractionBrain.nii.gz
  fixed image: /templateflow/tpl-MNI152NLin2009cAsym/tpl-MNI152NLin2009cAsym_res-01_desc-brain_T1w.nii.gz
  moving image: /mnt/lustre/mathdugre/fast-interpolate/datasets/ds004513/derivatives/flint/antsBrainExtraction/sub-s003/BrainExtractionBrain.nii.gz
Dimension = 3
Number of stages = 3
Use histogram matching = false
Winsorize image intensities = true
  Lower quantile = 0.005
  Upper quantile = 0.995


Stage 1 State
   Image metric = MattesMI
     Fixed image = Image (0x4c90b30)
  RTTI typeinfo:   itk::Image<double, 3u>
  Reference Count: 2
  Modified Time: 2389
  Debug: Off
  Object Name: 
  Observers: 
    none
  Source: (none)
  Source output name: (none)
  Release Data: Off
  Data Released: False
  Global Release Data: Off
  PipelineMTime: 0
  UpdateMTime: 1998
  RealTimeStamp: 0 seconds 
  LargestPossibleRegion: 
    Dimension: 3
    Index: [0, 0, 0]
    Size: [193, 229, 193]
  BufferedRegion: 
    Dimension: 3
    Index: [0, 0, 0]
    Size: [193, 229, 193]
  RequestedRegion: 
    Dimension: 3
    Index: [0, 0, 0]
    Size: [193, 229, 193]
  Spacing: [1, 1, 1]
  Origin: [96, 132, -78]
  Direction: 
-1 0 0
0 -1 0
0 0 1

  IndexToPointMatrix: 
-1 0 0
0 -1 0
0 0 1

  PointToIndexMatrix: 
-1 0 0
0 -1 0
0 0 1

  Inverse Direction: 
-1 0 0
0 -1 0
0 0 1

  PixelContainer: 
    ImportImageContainer (0x4c95a10)
      RTTI typeinfo:   itk::ImportImageContainer<unsigned long, double>
      Reference Count: 1
      Modified Time: 1995
      Debug: Off
      Object Name: 
      Observers: 
        none
      Pointer: 0x7fb7658e1010
      Container manages memory: true
      Size: 8530021
      Capacity: 8530021

     Moving image = Image (0x4c8c400)
  RTTI typeinfo:   itk::Image<double, 3u>
  Reference Count: 2
  Modified Time: 2390
  Debug: Off
  Object Name: 
  Observers: 
    none
  Source: (none)
  Source output name: (none)
  Release Data: Off
  Data Released: False
  Global Release Data: Off
  PipelineMTime: 0
  UpdateMTime: 2387
  RealTimeStamp: 0 seconds 
  LargestPossibleRegion: 
    Dimension: 3
    Index: [0, 0, 0]
    Size: [176, 240, 256]
  BufferedRegion: 
    Dimension: 3
    Index: [0, 0, 0]
    Size: [176, 240, 256]
  RequestedRegion: 
    Dimension: 3
    Index: [0, 0, 0]
    Size: [176, 240, 256]
  Spacing: [0.999999, 1, 1]
  Origin: [93.3499, 86.9368, -128.957]
  Direction: 
-0.999513 -0.0279216 -0.0139567
0.0279189 -0.99961 0.000389866
-0.0139622 2.01492e-08 0.999903

  IndexToPointMatrix: 
-0.999512 -0.0279216 -0.0139567
0.0279189 -0.99961 0.000389866
-0.0139621 2.01492e-08 0.999903

  PointToIndexMatrix: 
-0.999514 0.0279189 -0.0139622
-0.0279216 -0.999611 4.76837e-07
-0.0139567 0.000389576 0.999903

  Inverse Direction: 
-0.999513 0.0279189 -0.0139622
-0.0279216 -0.999611 4.76837e-07
-0.0139567 0.000389576 0.999903

  PixelContainer: 
    ImportImageContainer (0x4dc0550)
      RTTI typeinfo:   itk::ImportImageContainer<unsigned long, double>
      Reference Count: 1
      Modified Time: 2384
      Debug: Off
      Object Name: 
      Observers: 
        none
      Pointer: 0x7fb760660010
      Container manages memory: true
      Size: 10813440
      Capacity: 10813440

     Weighting = 1
     Sampling strategy = regular
     Number of bins = 32
     Radius = 4
     Sampling percentage  = 0.25
   Transform = Rigid
     Gradient step = 0.1
     Update field sigma (voxel space) = 0
     Total field sigma (voxel space) = 0
     Update field time sigma = 0
     Total field time sigma  = 0
     Number of time indices = 0
     Number of time point samples = 0
Stage 2 State
   Image metric = MattesMI
     Fixed image = Image (0x4c97660)
  RTTI typeinfo:   itk::Image<double, 3u>
  Reference Count: 2
  Modified Time: 3167
  Debug: Off
  Object Name: 
  Observers: 
    none
  Source: (none)
  Source output name: (none)
  Release Data: Off
  Data Released: False
  Global Release Data: Off
  PipelineMTime: 0
  UpdateMTime: 2776
  RealTimeStamp: 0 seconds 
  LargestPossibleRegion: 
    Dimension: 3
    Index: [0, 0, 0]
    Size: [193, 229, 193]
  BufferedRegion: 
    Dimension: 3
    Index: [0, 0, 0]
    Size: [193, 229, 193]
  RequestedRegion: 
    Dimension: 3
    Index: [0, 0, 0]
    Size: [193, 229, 193]
  Spacing: [1, 1, 1]
  Origin: [96, 132, -78]
  Direction: 
-1 0 0
0 -1 0
0 0 1

  IndexToPointMatrix: 
-1 0 0
0 -1 0
0 0 1

  PointToIndexMatrix: 
-1 0 0
0 -1 0
0 0 1

  Inverse Direction: 
-1 0 0
0 -1 0
0 0 1

  PixelContainer: 
    ImportImageContainer (0x4cb5b80)
      RTTI typeinfo:   itk::ImportImageContainer<unsigned long, double>
      Reference Count: 1
      Modified Time: 2773
      Debug: Off
      Object Name: 
      Observers: 
        none
      Pointer: 0x7fb75c54b010
      Container manages memory: true
      Size: 8530021
      Capacity: 8530021

     Moving image = Image (0x4cb31c0)
  RTTI typeinfo:   itk::Image<double, 3u>
  Reference Count: 2
  Modified Time: 3168
  Debug: Off
  Object Name: 
  Observers: 
    none
  Source: (none)
  Source output name: (none)
  Release Data: Off
  Data Released: False
  Global Release Data: Off
  PipelineMTime: 0
  UpdateMTime: 3165
  RealTimeStamp: 0 seconds 
  LargestPossibleRegion: 
    Dimension: 3
    Index: [0, 0, 0]
    Size: [176, 240, 256]
  BufferedRegion: 
    Dimension: 3
    Index: [0, 0, 0]
    Size: [176, 240, 256]
  RequestedRegion: 
    Dimension: 3
    Index: [0, 0, 0]
    Size: [176, 240, 256]
  Spacing: [0.999999, 1, 1]
  Origin: [93.3499, 86.9368, -128.957]
  Direction: 
-0.999513 -0.0279216 -0.0139567
0.0279189 -0.99961 0.000389866
-0.0139622 2.01492e-08 0.999903

  IndexToPointMatrix: 
-0.999512 -0.0279216 -0.0139567
0.0279189 -0.99961 0.000389866
-0.0139621 2.01492e-08 0.999903

  PointToIndexMatrix: 
-0.999514 0.0279189 -0.0139622
-0.0279216 -0.999611 4.76837e-07
-0.0139567 0.000389576 0.999903

  Inverse Direction: 
-0.999513 0.0279189 -0.0139622
-0.0279216 -0.999611 4.76837e-07
-0.0139567 0.000389576 0.999903

  PixelContainer: 
    ImportImageContainer (0x4ee07d0)
      RTTI typeinfo:   itk::ImportImageContainer<unsigned long, double>
      Reference Count: 1
      Modified Time: 3162
      Debug: Off
      Object Name: 
      Observers: 
        none
      Pointer: 0x7fb7572ca010
      Container manages memory: true
      Size: 10813440
      Capacity: 10813440

     Weighting = 1
     Sampling strategy = regular
     Number of bins = 32
     Radius = 4
     Sampling percentage  = 0.25
   Transform = Affine
     Gradient step = 0.1
     Update field sigma (voxel space) = 0
     Total field sigma (voxel space) = 0
     Update field time sigma = 0
     Total field time sigma  = 0
     Number of time indices = 0
     Number of time point samples = 0
Stage 3 State
   Image metric = CC
     Fixed image = Image (0x4c972c0)
  RTTI typeinfo:   itk::Image<double, 3u>
  Reference Count: 2
  Modified Time: 3945
  Debug: Off
  Object Name: 
  Observers: 
    none
  Source: (none)
  Source output name: (none)
  Release Data: Off
  Data Released: False
  Global Release Data: Off
  PipelineMTime: 0
  UpdateMTime: 3554
  RealTimeStamp: 0 seconds 
  LargestPossibleRegion: 
    Dimension: 3
    Index: [0, 0, 0]
    Size: [193, 229, 193]
  BufferedRegion: 
    Dimension: 3
    Index: [0, 0, 0]
    Size: [193, 229, 193]
  RequestedRegion: 
    Dimension: 3
    Index: [0, 0, 0]
    Size: [193, 229, 193]
  Spacing: [1, 1, 1]
  Origin: [96, 132, -78]
  Direction: 
-1 0 0
0 -1 0
0 0 1

  IndexToPointMatrix: 
-1 0 0
0 -1 0
0 0 1

  PointToIndexMatrix: 
-1 0 0
0 -1 0
0 0 1

  Inverse Direction: 
-1 0 0
0 -1 0
0 0 1

  PixelContainer: 
    ImportImageContainer (0x4cb3d40)
      RTTI typeinfo:   itk::ImportImageContainer<unsigned long, double>
      Reference Count: 1
      Modified Time: 3551
      Debug: Off
      Object Name: 
      Observers: 
        none
      Pointer: 0x7fb7531b5010
      Container manages memory: true
      Size: 8530021
      Capacity: 8530021

     Moving image = Image (0x4cb4bd0)
  RTTI typeinfo:   itk::Image<double, 3u>
  Reference Count: 2
  Modified Time: 3946
  Debug: Off
  Object Name: 
  Observers: 
    none
  Source: (none)
  Source output name: (none)
  Release Data: Off
  Data Released: False
  Global Release Data: Off
  PipelineMTime: 0
  UpdateMTime: 3943
  RealTimeStamp: 0 seconds 
  LargestPossibleRegion: 
    Dimension: 3
    Index: [0, 0, 0]
    Size: [176, 240, 256]
  BufferedRegion: 
    Dimension: 3
    Index: [0, 0, 0]
    Size: [176, 240, 256]
  RequestedRegion: 
    Dimension: 3
    Index: [0, 0, 0]
    Size: [176, 240, 256]
  Spacing: [0.999999, 1, 1]
  Origin: [93.3499, 86.9368, -128.957]
  Direction: 
-0.999513 -0.0279216 -0.0139567
0.0279189 -0.99961 0.000389866
-0.0139622 2.01492e-08 0.999903

  IndexToPointMatrix: 
-0.999512 -0.0279216 -0.0139567
0.0279189 -0.99961 0.000389866
-0.0139621 2.01492e-08 0.999903

  PointToIndexMatrix: 
-0.999514 0.0279189 -0.0139622
-0.0279216 -0.999611 4.76837e-07
-0.0139567 0.000389576 0.999903

  Inverse Direction: 
-0.999513 0.0279189 -0.0139622
-0.0279216 -0.999611 4.76837e-07
-0.0139567 0.000389576 0.999903

  PixelContainer: 
    ImportImageContainer (0x4e807d0)
      RTTI typeinfo:   itk::ImportImageContainer<unsigned long, double>
      Reference Count: 1
      Modified Time: 3940
      Debug: Off
      Object Name: 
      Observers: 
        none
      Pointer: 0x7fb74df34010
      Container manages memory: true
      Size: 10813440
      Capacity: 10813440

     Weighting = 1
     Sampling strategy = none
     Number of bins = 32
     Radius = 4
     Sampling percentage  = 1
   Transform = SyN
     Gradient step = 0.1
     Update field sigma (voxel space) = 3
     Total field sigma (voxel space) = 0
     Update field time sigma = 0
     Total field time sigma  = 0
     Number of time indices = 0
     Number of time point samples = 0
Registration using 3 total stages.

Stage 0
  iterations = 1000x500x250x100
  convergence threshold = 1e-06
  convergence window size = 10
  number of levels = 4
  using the Mattes MI metric (number of bins = 32, weight = 1, use gradient filter = 0)
  preprocessing:  winsorizing the image intensities
  Shrink factors (level 1 out of 4): [8, 8, 8]
  Shrink factors (level 2 out of 4): [4, 4, 4]
  Shrink factors (level 3 out of 4): [2, 2, 2]
  Shrink factors (level 4 out of 4): [1, 1, 1]
  smoothing sigmas per level: [3, 2, 1, 0]
  regular sampling (percentage = 0.25)

*** Running Euler3DTransform registration ***

DIAGNOSTIC,Iteration,metricValue,convergenceValue,ITERATION_TIME_INDEX,SINCE_LAST
*/mnt/lustre/mathdugre/fast-interpolate/datasets/ds004513/derivatives/flint/antsRegistration/r8-p20/sub-s003/Stage1_level1_Iter0001.nii.gz
2DIAGNOSTIC,     1, -4.806469940461e-01, 1.797693134862e+308, 0.0000e+00, 0.0000e+00, 
*/mnt/lustre/mathdugre/fast-interpolate/datasets/ds004513/derivatives/flint/antsRegistration/r8-p20/sub-s003/Stage1_level1_Iter0002.nii.gz
2DIAGNOSTIC,     2, -4.820617678123e-01, 1.797693134862e+308, 0.0000e+00, 0.0000e+00, 
*/mnt/lustre/mathdugre/fast-interpolate/datasets/ds004513/derivatives/flint/antsRegistration/r8-p20/sub-s003/Stage1_level1_Iter0003.nii.gz
2DIAGNOSTIC,     3, -4.846346756846e-01, 1.797693134862e+308, 0.0000e+00, 0.0000e+00, 
*/mnt/lustre/mathdugre/fast-interpolate/datasets/ds004513/derivatives/flint/antsRegistration/r8-p20/sub-s003/Stage1_level1_Iter0004.nii.gz
2DIAGNOSTIC,     4, -4.934423406409e-01, 1.797693134862e+308, 0.0000e+00, 0.0000e+00, 
*/mnt/lustre/mathdugre/fast-interpolate/datasets/ds004513/derivatives/flint/antsRegistration/r8-p20/sub-s003/Stage1_level1_Iter0005.nii.gz
2DIAGNOSTIC,     5, -5.054482628778e-01, 1.797693134862e+308, 0.0000e+00, 0.0000e+00, 
*/mnt/lustre/mathdugre/fast-interpolate/datasets/ds004513/derivatives/flint/antsRegistration/r8-p20/sub-s003/Stage1_level1_Iter0006.nii.gz
2DIAGNOSTIC,     6, -5.177439767345e-01, 1.797693134862e+308, 0.0000e+00, 0.0000e+00, 
*/mnt/lustre/mathdugre/fast-interpolate/datasets/ds004513/derivatives/flint/antsRegistration/r8-p20/sub-s003/Stage1_level1_Iter0007.nii.gz
2DIAGNOSTIC,     7, -5.261378895240e-01, 1.797693134862e+308, 0.0000e+00, 0.0000e+00, 
*/mnt/lustre/mathdugre/fast-interpolate/datasets/ds004513/derivatives/flint/antsRegistration/r8-p20/sub-s003/Stage1_level1_Iter0008.nii.gz
2DIAGNOSTIC,     8, -5.544206480204e-01, 1.797693134862e+308, 0.0000e+00, 0.0000e+00, 
*/mnt/lustre/mathdugre/fast-interpolate/datasets/ds004513/derivatives/flint/antsRegistration/r8-p20/sub-s003/Stage1_level1_Iter0009.nii.gz
2DIAGNOSTIC,     9, -5.581656455371e-01, 1.797693134862e+308, 0.0000e+00, 0.0000e+00, 
*/mnt/lustre/mathdugre/fast-interpolate/datasets/ds004513/derivatives/flint/antsRegistration/r8-p20/sub-s003/Stage1_level1_Iter0010.nii.gz
2DIAGNOSTIC,    10, -5.592714070091e-01, 1.164269447327e-02, 0.0000e+00, 0.0000e+00, 
*/mnt/lustre/mathdugre/fast-interpolate/datasets/ds004513/derivatives/flint/antsRegistration/r8-p20/sub-s003/Stage1_level1_Iter0011.nii.gz
2DIAGNOSTIC,    11, -5.605987251063e-01, 1.060289144516e-02, 0.0000e+00, 0.0000e+00, 
*/mnt/lustre/mathdugre/fast-interpolate/datasets/ds004513/derivatives/flint/antsRegistration/r8-p20/sub-s003/Stage1_level1_Iter0012.nii.gz
2DIAGNOSTIC,    12, -5.608098798484e-01, 8.876264095306e-03, 0.0000e+00, 0.0000e+00, 
*/mnt/lustre/mathdugre/fast-interpolate/datasets/ds004513/derivatives/flint/antsRegistration/r8-p20/sub-s003/Stage1_level1_Iter0013.nii.gz
2DIAGNOSTIC,    13, -5.613776410350e-01, 6.748855113983e-03, 0.0000e+00, 0.0000e+00, 
*/mnt/lustre/mathdugre/fast-interpolate/datasets/ds004513/derivatives/flint/antsRegistration/r8-p20/sub-s003/Stage1_level1_Iter0014.nii.gz
2DIAGNOSTIC,    14, -5.640936379919e-01, 4.765868186951e-03, 0.0000e+00, 0.0000e+00, 
*/mnt/lustre/mathdugre/fast-interpolate/datasets/ds004513/derivatives/flint/antsRegistration/r8-p20/sub-s003/Stage1_level1_Iter0015.nii.gz
2DIAGNOSTIC,    15, -5.711452608201e-01, 3.310680389404e-03, 0.0000e+00, 0.0000e+00, 
*/mnt/lustre/mathdugre/fast-interpolate/datasets/ds004513/derivatives/flint/antsRegistration/r8-p20/sub-s003/Stage1_level1_Iter0016.nii.gz
2DIAGNOSTIC,    16, -5.702958567381e-01, 2.127647399902e-03, 0.0000e+00, 0.0000e+00, 
*/mnt/lustre/mathdugre/fast-interpolate/datasets/ds004513/derivatives/flint/antsRegistration/r8-p20/sub-s003/Stage1_level1_Iter0017.nii.gz
2DIAGNOSTIC,    17, -5.727282456847e-01, 1.215994358063e-03, 0.0000e+00, 0.0000e+00, 
*/mnt/lustre/mathdugre/fast-interpolate/datasets/ds004513/derivatives/flint/antsRegistration/r8-p20/sub-s003/Stage1_level1_Iter0018.nii.gz
2DIAGNOSTIC,    18, -5.886400387403e-01, 1.591235399246e-03, 0.0000e+00, 0.0000e+00, 
*/mnt/lustre/mathdugre/fast-interpolate/datasets/ds004513/derivatives/flint/antsRegistration/r8-p20/sub-s003/Stage1_level1_Iter0019.nii.gz
2DIAGNOSTIC,    19, -5.902725245107e-01, 1.910686492920e-03, 0.0000e+00, 0.0000e+00, 
*/mnt/lustre/mathdugre/fast-interpolate/datasets/ds004513/derivatives/flint/antsRegistration/r8-p20/sub-s003/Stage1_level1_Iter0020.nii.gz
2DIAGNOSTIC,    20, -5.903786837259e-01, 2.051234245300e-03, 0.0000e+00, 0.0000e+00, 
*/mnt/lustre/mathdugre/fast-interpolate/datasets/ds004513/derivatives/flint/antsRegistration/r8-p20/sub-s003/Stage1_level1_Iter0021.nii.gz
2DIAGNOSTIC,    21, -5.909236986469e-01, 2.040952444077e-03, 0.0000e+00, 0.0000e+00, 
*/mnt/lustre/mathdugre/fast-interpolate/datasets/ds004513/derivatives/flint/antsRegistration/r8-p20/sub-s003/Stage1_level1_Iter0022.nii.gz
2DIAGNOSTIC,    22, -5.913991032501e-01, 1.859039068222e-03, 0.0000e+00, 0.0000e+00, 
*/mnt/lustre/mathdugre/fast-interpolate/datasets/ds004513/derivatives/flint/antsRegistration/r8-p20/sub-s003/Stage1_level1_Iter0023.nii.gz
2DIAGNOSTIC,    23, -5.917989598784e-01, 1.535981893539e-03, 0.0000e+00, 0.0000e+00, 
*/mnt/lustre/mathdugre/fast-interpolate/datasets/ds004513/derivatives/flint/antsRegistration/r8-p20/sub-s003/Stage1_level1_Iter0024.nii.gz
2DIAGNOSTIC,    24, -5.920177497804e-01, 1.155734062195e-03, 0.0000e+00, 0.0000e+00, 
*/mnt/lustre/mathdugre/fast-interpolate/datasets/ds004513/derivatives/flint/antsRegistration/r8-p20/sub-s003/Stage1_level1_Iter0025.nii.gz
2DIAGNOSTIC,    25, -5.921493378492e-01, 8.536875247955e-04, 0.0000e+00, 0.0000e+00, 
*/mnt/lustre/mathdugre/fast-interpolate/datasets/ds004513/derivatives/flint/antsRegistration/r8-p20/sub-s003/Stage1_level1_Iter0026.nii.gz
2DIAGNOSTIC,    26, -5.929482786556e-01, 4.981756210327e-04, 0.0000e+00, 0.0000e+00, 
*/mnt/lustre/mathdugre/fast-interpolate/datasets/ds004513/derivatives/flint/antsRegistration/r8-p20/sub-s003/Stage1_level1_Iter0027.nii.gz
2DIAGNOSTIC,    27, -5.932634438811e-01, 1.672506332397e-04, 0.0000e+00, 0.0000e+00, 
*/mnt/lustre/mathdugre/fast-interpolate/datasets/ds004513/derivatives/flint/antsRegistration/r8-p20/sub-s003/Stage1_level1_Iter0028.nii.gz
2DIAGNOSTIC,    28, -5.940942626877e-01, 1.493990421295e-04, 0.0000e+00, 0.0000e+00, 
*/mnt/lustre/mathdugre/fast-interpolate/datasets/ds004513/derivatives/flint/antsRegistration/r8-p20/sub-s003/Stage1_level1_Iter0029.nii.gz
2DIAGNOSTIC,    29, -5.941025239535e-01, 1.475512981415e-04, 0.0000e+00, 0.0000e+00, 
*/mnt/lustre/mathdugre/fast-interpolate/datasets/ds004513/derivatives/flint/antsRegistration/r8-p20/sub-s003/Stage1_level1_Iter0030.nii.gz
2DIAGNOSTIC,    30, -5.940341864441e-01, 1.328289508820e-04, 0.0000e+00, 0.0000e+00, 
*/mnt/lustre/mathdugre/fast-interpolate/datasets/ds004513/derivatives/flint/antsRegistration/r8-p20/sub-s003/Stage1_level1_Iter0031.nii.gz
2DIAGNOSTIC,    31, -5.939697447226e-01, 1.144409179688e-04, 0.0000e+00, 0.0000e+00, 
*/mnt/lustre/mathdugre/fast-interpolate/datasets/ds004513/derivatives/flint/antsRegistration/r8-p20/sub-s003/Stage1_level1_Iter0032.nii.gz
2DIAGNOSTIC,    32, -5.938379560962e-01, 9.170174598694e-05, 0.0000e+00, 0.0000e+00, 
*/mnt/lustre/mathdugre/fast-interpolate/datasets/ds004513/derivatives/flint/antsRegistration/r8-p20/sub-s003/Stage1_level1_Iter0033.nii.gz
2DIAGNOSTIC,    33, -5.938585596649e-01, 6.812810897827e-05, 0.0000e+00, 0.0000e+00, 
*/mnt/lustre/mathdugre/fast-interpolate/datasets/ds004513/derivatives/flint/antsRegistration/r8-p20/sub-s003/Stage1_level1_Iter0034.nii.gz
2DIAGNOSTIC,    34, -5.938077310508e-01, 4.228949546814e-05, 0.0000e+00, 0.0000e+00, 
*/mnt/lustre/mathdugre/fast-interpolate/datasets/ds004513/derivatives/flint/antsRegistration/r8-p20/sub-s003/Stage1_level1_Iter0035.nii.gz
2DIAGNOSTIC,    35, -5.937494712916e-01, 1.496076583862e-05, 0.0000e+00, 0.0000e+00, 
DIAGNOSTIC,Iteration,metricValue,convergenceValue,ITERATION_TIME_INDEX,SINCE_LAST
*/mnt/lustre/mathdugre/fast-interpolate/datasets/ds004513/derivatives/flint/antsRegistration/r8-p20/sub-s003/Stage1_level2_Iter0001.nii.gz
2DIAGNOSTIC,     1, -4.787886973020e-01, 1.797693134862e+308, 0.0000e+00, 0.0000e+00, 
*/mnt/lustre/mathdugre/fast-interpolate/datasets/ds004513/derivatives/flint/antsRegistration/r8-p20/sub-s003/Stage1_level2_Iter0002.nii.gz
2DIAGNOSTIC,     2, -4.793900994623e-01, 1.797693134862e+308, 0.0000e+00, 0.0000e+00, 
*/mnt/lustre/mathdugre/fast-interpolate/datasets/ds004513/derivatives/flint/antsRegistration/r8-p20/sub-s003/Stage1_level2_Iter0003.nii.gz
2DIAGNOSTIC,     3, -4.802890893766e-01, 1.797693134862e+308, 0.0000e+00, 0.0000e+00, 
*/mnt/lustre/mathdugre/fast-interpolate/datasets/ds004513/derivatives/flint/antsRegistration/r8-p20/sub-s003/Stage1_level2_Iter0004.nii.gz
2DIAGNOSTIC,     4, -4.815021539597e-01, 1.797693134862e+308, 0.0000e+00, 0.0000e+00, 
*/mnt/lustre/mathdugre/fast-interpolate/datasets/ds004513/derivatives/flint/antsRegistration/r8-p20/sub-s003/Stage1_level2_Iter0005.nii.gz
2DIAGNOSTIC,     5, -4.830893096608e-01, 1.797693134862e+308, 0.0000e+00, 0.0000e+00, 
*/mnt/lustre/mathdugre/fast-interpolate/datasets/ds004513/derivatives/flint/antsRegistration/r8-p20/sub-s003/Stage1_level2_Iter0006.nii.gz
2DIAGNOSTIC,     6, -4.851255920701e-01, 1.797693134862e+308, 0.0000e+00, 0.0000e+00, 
*/mnt/lustre/mathdugre/fast-interpolate/datasets/ds004513/derivatives/flint/antsRegistration/r8-p20/sub-s003/Stage1_level2_Iter0007.nii.gz
2DIAGNOSTIC,     7, -4.885204497578e-01, 1.797693134862e+308, 0.0000e+00, 0.0000e+00, 
*/mnt/lustre/mathdugre/fast-interpolate/datasets/ds004513/derivatives/flint/antsRegistration/r8-p20/sub-s003/Stage1_level2_Iter0008.nii.gz
2DIAGNOSTIC,     8, -4.949436801198e-01, 1.797693134862e+308, 0.0000e+00, 0.0000e+00, 
*/mnt/lustre/mathdugre/fast-interpolate/datasets/ds004513/derivatives/flint/antsRegistration/r8-p20/sub-s003/Stage1_level2_Iter0009.nii.gz
2DIAGNOSTIC,     9, -4.955823211771e-01, 1.797693134862e+308, 0.0000e+00, 0.0000e+00, 
*/mnt/lustre/mathdugre/fast-interpolate/datasets/ds004513/derivatives/flint/antsRegistration/r8-p20/sub-s003/Stage1_level2_Iter0010.nii.gz
2DIAGNOSTIC,    10, -4.992803260629e-01, 2.837896347046e-03, 0.0000e+00, 0.0000e+00, 
*/mnt/lustre/mathdugre/fast-interpolate/datasets/ds004513/derivatives/flint/antsRegistration/r8-p20/sub-s003/Stage1_level2_Iter0011.nii.gz
2DIAGNOSTIC,    11, -5.034280835168e-01, 2.999067306519e-03, 0.0000e+00, 0.0000e+00, 
*/mnt/lustre/mathdugre/fast-interpolate/datasets/ds004513/derivatives/flint/antsRegistration/r8-p20/sub-s003/Stage1_level2_Iter0012.nii.gz
2DIAGNOSTIC,    12, -5.073051074202e-01, 3.072381019592e-03, 0.0000e+00, 0.0000e+00, 
*/mnt/lustre/mathdugre/fast-interpolate/datasets/ds004513/derivatives/flint/antsRegistration/r8-p20/sub-s003/Stage1_level2_Iter0013.nii.gz
2DIAGNOSTIC,    13, -5.092367123201e-01, 2.978205680847e-03, 0.0000e+00, 0.0000e+00, 
*/mnt/lustre/mathdugre/fast-interpolate/datasets/ds004513/derivatives/flint/antsRegistration/r8-p20/sub-s003/Stage1_level2_Iter0014.nii.gz
2DIAGNOSTIC,    14, -5.116404445099e-01, 2.778232097626e-03, 0.0000e+00, 0.0000e+00, 
*/mnt/lustre/mathdugre/fast-interpolate/datasets/ds004513/derivatives/flint/antsRegistration/r8-p20/sub-s003/Stage1_level2_Iter0015.nii.gz
2DIAGNOSTIC,    15, -5.128241926238e-01, 2.459883689880e-03, 0.0000e+00, 0.0000e+00, 
*/mnt/lustre/mathdugre/fast-interpolate/datasets/ds004513/derivatives/flint/antsRegistration/r8-p20/sub-s003/Stage1_level2_Iter0016.nii.gz
2DIAGNOSTIC,    16, -5.144287829282e-01, 2.085089683533e-03, 0.0000e+00, 0.0000e+00, 
*/mnt/lustre/mathdugre/fast-interpolate/datasets/ds004513/derivatives/flint/antsRegistration/r8-p20/sub-s003/Stage1_level2_Iter0017.nii.gz
2DIAGNOSTIC,    17, -5.190531444836e-01, 1.827299594879e-03, 0.0000e+00, 0.0000e+00, 
*/mnt/lustre/mathdugre/fast-interpolate/datasets/ds004513/derivatives/flint/antsRegistration/r8-p20/sub-s003/Stage1_level2_Iter0018.nii.gz
2DIAGNOSTIC,    18, -5.218978628947e-01, 1.722425222397e-03, 0.0000e+00, 0.0000e+00, 
*/mnt/lustre/mathdugre/fast-interpolate/datasets/ds004513/derivatives/flint/antsRegistration/r8-p20/sub-s003/Stage1_level2_Iter0019.nii.gz
2DIAGNOSTIC,    19, -5.369071694230e-01, 1.934558153152e-03, 0.0000e+00, 0.0000e+00, 
*/mnt/lustre/mathdugre/fast-interpolate/datasets/ds004513/derivatives/flint/antsRegistration/r8-p20/sub-s003/Stage1_level2_Iter0020.nii.gz
2DIAGNOSTIC,    20, -5.389988825267e-01, 2.097189426422e-03, 0.0000e+00, 0.0000e+00, 
*/mnt/lustre/mathdugre/fast-interpolate/datasets/ds004513/derivatives/flint/antsRegistration/r8-p20/sub-s003/Stage1_level2_Iter0021.nii.gz
2DIAGNOSTIC,    21, -5.395510417877e-01, 2.176821231842e-03, 0.0000e+00, 0.0000e+00, 
*/mnt/lustre/mathdugre/fast-interpolate/datasets/ds004513/derivatives/flint/antsRegistration/r8-p20/sub-s003/Stage1_level2_Iter0022.nii.gz
2DIAGNOSTIC,    22, -5.401520919080e-01, 2.164334058762e-03, 0.0000e+00, 0.0000e+00, 
*/mnt/lustre/mathdugre/fast-interpolate/datasets/ds004513/derivatives/flint/antsRegistration/r8-p20/sub-s003/Stage1_level2_Iter0023.nii.gz
2DIAGNOSTIC,    23, -5.401654596013e-01, 1.995652914047e-03, 0.0000e+00, 0.0000e+00, 
*/mnt/lustre/mathdugre/fast-interpolate/datasets/ds004513/derivatives/flint/antsRegistration/r8-p20/sub-s003/Stage1_level2_Iter0024.nii.gz
2DIAGNOSTIC,    24, -5.401810497249e-01, 1.707285642624e-03, 0.0000e+00, 0.0000e+00, 
*/mnt/lustre/mathdugre/fast-interpolate/datasets/ds004513/derivatives/flint/antsRegistration/r8-p20/sub-s003/Stage1_level2_Iter0025.nii.gz
2DIAGNOSTIC,    25, -5.401544852652e-01, 1.308739185333e-03, 0.0000e+00, 0.0000e+00, 
*/mnt/lustre/mathdugre/fast-interpolate/datasets/ds004513/derivatives/flint/antsRegistration/r8-p20/sub-s003/Stage1_level2_Iter0026.nii.gz
2DIAGNOSTIC,    26, -5.401779960420e-01, 8.574426174164e-04, 0.0000e+00, 0.0000e+00, 
*/mnt/lustre/mathdugre/fast-interpolate/datasets/ds004513/derivatives/flint/antsRegistration/r8-p20/sub-s003/Stage1_level2_Iter0027.nii.gz
2DIAGNOSTIC,    27, -5.401889808305e-01, 4.588365554810e-04, 0.0000e+00, 0.0000e+00, 
*/mnt/lustre/mathdugre/fast-interpolate/datasets/ds004513/derivatives/flint/antsRegistration/r8-p20/sub-s003/Stage1_level2_Iter0028.nii.gz
2DIAGNOSTIC,    28, -5.401907910907e-01, 9.551644325256e-05, 0.0000e+00, 0.0000e+00, 
*/mnt/lustre/mathdugre/fast-interpolate/datasets/ds004513/derivatives/flint/antsRegistration/r8-p20/sub-s003/Stage1_level2_Iter0029.nii.gz
2DIAGNOSTIC,    29, -5.401877375189e-01, 3.498792648315e-05, 0.0000e+00, 0.0000e+00, 
*/mnt/lustre/mathdugre/fast-interpolate/datasets/ds004513/derivatives/flint/antsRegistration/r8-p20/sub-s003/Stage1_level2_Iter0030.nii.gz
2DIAGNOSTIC,    30, -5.401928571690e-01, 1.391768455505e-05, 0.0000e+00, 0.0000e+00, 
*/mnt/lustre/mathdugre/fast-interpolate/datasets/ds004513/derivatives/flint/antsRegistration/r8-p20/sub-s003/Stage1_level2_Iter0031.nii.gz
2DIAGNOSTIC,    31, -5.402063970656e-01, 2.890825271606e-06, 0.0000e+00, 0.0000e+00, 
*/mnt/lustre/mathdugre/fast-interpolate/datasets/ds004513/derivatives/flint/antsRegistration/r8-p20/sub-s003/Stage1_level2_Iter0032.nii.gz
2DIAGNOSTIC,    32, -5.402174021480e-01, 2.831220626831e-06, 0.0000e+00, 0.0000e+00, 
*/mnt/lustre/mathdugre/fast-interpolate/datasets/ds004513/derivatives/flint/antsRegistration/r8-p20/sub-s003/Stage1_level2_Iter0033.nii.gz
2DIAGNOSTIC,    33, -5.402256409346e-01, 3.010034561157e-06, 0.0000e+00, 0.0000e+00, 
*/mnt/lustre/mathdugre/fast-interpolate/datasets/ds004513/derivatives/flint/antsRegistration/r8-p20/sub-s003/Stage1_level2_Iter0034.nii.gz
2DIAGNOSTIC,    34, -5.402488045104e-01, 3.576278686523e-06, 0.0000e+00, 0.0000e+00, 
*/mnt/lustre/mathdugre/fast-interpolate/datasets/ds004513/derivatives/flint/antsRegistration/r8-p20/sub-s003/Stage1_level2_Iter0035.nii.gz
2DIAGNOSTIC,    35, -5.402467384037e-01, 3.457069396973e-06, 0.0000e+00, 0.0000e+00, 
*/mnt/lustre/mathdugre/fast-interpolate/datasets/ds004513/derivatives/flint/antsRegistration/r8-p20/sub-s003/Stage1_level2_Iter0036.nii.gz
2DIAGNOSTIC,    36, -5.402628437335e-01, 3.680586814880e-06, 0.0000e+00, 0.0000e+00, 
*/mnt/lustre/mathdugre/fast-interpolate/datasets/ds004513/derivatives/flint/antsRegistration/r8-p20/sub-s003/Stage1_level2_Iter0037.nii.gz
2DIAGNOSTIC,    37, -5.402884078886e-01, 4.127621650696e-06, 0.0000e+00, 0.0000e+00, 
*/mnt/lustre/mathdugre/fast-interpolate/datasets/ds004513/derivatives/flint/antsRegistration/r8-p20/sub-s003/Stage1_level2_Iter0038.nii.gz
2DIAGNOSTIC,    38, -5.403494047635e-01, 5.215406417847e-06, 0.0000e+00, 0.0000e+00, 
*/mnt/lustre/mathdugre/fast-interpolate/datasets/ds004513/derivatives/flint/antsRegistration/r8-p20/sub-s003/Stage1_level2_Iter0039.nii.gz
2DIAGNOSTIC,    39, -5.404525259611e-01, 7.152557373047e-06, 0.0000e+00, 0.0000e+00, 
*/mnt/lustre/mathdugre/fast-interpolate/datasets/ds004513/derivatives/flint/antsRegistration/r8-p20/sub-s003/Stage1_level2_Iter0040.nii.gz
2DIAGNOSTIC,    40, -5.405586993057e-01, 9.894371032715e-06, 0.0000e+00, 0.0000e+00, 
*/mnt/lustre/mathdugre/fast-interpolate/datasets/ds004513/derivatives/flint/antsRegistration/r8-p20/sub-s003/Stage1_level2_Iter0041.nii.gz
2DIAGNOSTIC,    41, -5.405643389500e-01, 1.186132431030e-05, 0.0000e+00, 0.0000e+00, 
*/mnt/lustre/mathdugre/fast-interpolate/datasets/ds004513/derivatives/flint/antsRegistration/r8-p20/sub-s003/Stage1_level2_Iter0042.nii.gz
2DIAGNOSTIC,    42, -5.405706704963e-01, 1.291930675507e-05, 0.0000e+00, 0.0000e+00, 
*/mnt/lustre/mathdugre/fast-interpolate/datasets/ds004513/derivatives/flint/antsRegistration/r8-p20/sub-s003/Stage1_level2_Iter0043.nii.gz
2DIAGNOSTIC,    43, -5.405684531661e-01, 1.287460327148e-05, 0.0000e+00, 0.0000e+00, 
*/mnt/lustre/mathdugre/fast-interpolate/datasets/ds004513/derivatives/flint/antsRegistration/r8-p20/sub-s003/Stage1_level2_Iter0044.nii.gz
2DIAGNOSTIC,    44, -5.405447293889e-01, 1.160800457001e-05, 0.0000e+00, 0.0000e+00, 
*/mnt/lustre/mathdugre/fast-interpolate/datasets/ds004513/derivatives/flint/antsRegistration/r8-p20/sub-s003/Stage1_level2_Iter0045.nii.gz
2DIAGNOSTIC,    45, -5.405412078357e-01, 9.298324584961e-06, 0.0000e+00, 0.0000e+00, 
*/mnt/lustre/mathdugre/fast-interpolate/datasets/ds004513/derivatives/flint/antsRegistration/r8-p20/sub-s003/Stage1_level2_Iter0046.nii.gz
2DIAGNOSTIC,    46, -5.405448227934e-01, 6.526708602905e-06, 0.0000e+00, 0.0000e+00, 
*/mnt/lustre/mathdugre/fast-interpolate/datasets/ds004513/derivatives/flint/antsRegistration/r8-p20/sub-s003/Stage1_level2_Iter0047.nii.gz
2DIAGNOSTIC,    47, -5.405385238069e-01, 3.576278686523e-06, 0.0000e+00, 0.0000e+00, 
*/mnt/lustre/mathdugre/fast-interpolate/datasets/ds004513/derivatives/flint/antsRegistration/r8-p20/sub-s003/Stage1_level2_Iter0048.nii.gz
2DIAGNOSTIC,    48, -5.405346614526e-01, 1.043081283569e-06, 0.0000e+00, 0.0000e+00, 
DIAGNOSTIC,Iteration,metricValue,convergenceValue,ITERATION_TIME_INDEX,SINCE_LAST
*/mnt/lustre/mathdugre/fast-interpolate/datasets/ds004513/derivatives/flint/antsRegistration/r8-p20/sub-s003/Stage1_level3_Iter0001.nii.gz
2DIAGNOSTIC,     1, -4.812365150654e-01, 1.797693134862e+308, 0.0000e+00, 0.0000e+00, 
*/mnt/lustre/mathdugre/fast-interpolate/datasets/ds004513/derivatives/flint/antsRegistration/r8-p20/sub-s003/Stage1_level3_Iter0002.nii.gz
2DIAGNOSTIC,     2, -4.814623910265e-01, 1.797693134862e+308, 0.0000e+00, 0.0000e+00, 
*/mnt/lustre/mathdugre/fast-interpolate/datasets/ds004513/derivatives/flint/antsRegistration/r8-p20/sub-s003/Stage1_level3_Iter0003.nii.gz
2DIAGNOSTIC,     3, -4.816507620357e-01, 1.797693134862e+308, 0.0000e+00, 0.0000e+00, 
*/mnt/lustre/mathdugre/fast-interpolate/datasets/ds004513/derivatives/flint/antsRegistration/r8-p20/sub-s003/Stage1_level3_Iter0004.nii.gz
2DIAGNOSTIC,     4, -4.818341405897e-01, 1.797693134862e+308, 0.0000e+00, 0.0000e+00, 
*/mnt/lustre/mathdugre/fast-interpolate/datasets/ds004513/derivatives/flint/antsRegistration/r8-p20/sub-s003/Stage1_level3_Iter0005.nii.gz
2DIAGNOSTIC,     5, -4.818809434868e-01, 1.797693134862e+308, 0.0000e+00, 0.0000e+00, 
*/mnt/lustre/mathdugre/fast-interpolate/datasets/ds004513/derivatives/flint/antsRegistration/r8-p20/sub-s003/Stage1_level3_Iter0006.nii.gz
2DIAGNOSTIC,     6, -4.819008026528e-01, 1.797693134862e+308, 0.0000e+00, 0.0000e+00, 
*/mnt/lustre/mathdugre/fast-interpolate/datasets/ds004513/derivatives/flint/antsRegistration/r8-p20/sub-s003/Stage1_level3_Iter0007.nii.gz
2DIAGNOSTIC,     7, -4.819462183586e-01, 1.797693134862e+308, 0.0000e+00, 0.0000e+00, 
*/mnt/lustre/mathdugre/fast-interpolate/datasets/ds004513/derivatives/flint/antsRegistration/r8-p20/sub-s003/Stage1_level3_Iter0008.nii.gz
2DIAGNOSTIC,     8, -4.820390930534e-01, 1.797693134862e+308, 0.0000e+00, 0.0000e+00, 
*/mnt/lustre/mathdugre/fast-interpolate/datasets/ds004513/derivatives/flint/antsRegistration/r8-p20/sub-s003/Stage1_level3_Iter0009.nii.gz
2DIAGNOSTIC,     9, -4.821198285132e-01, 1.797693134862e+308, 0.0000e+00, 0.0000e+00, 
*/mnt/lustre/mathdugre/fast-interpolate/datasets/ds004513/derivatives/flint/antsRegistration/r8-p20/sub-s003/Stage1_level3_Iter0010.nii.gz
2DIAGNOSTIC,    10, -4.824275645434e-01, 1.265406608582e-04, 0.0000e+00, 0.0000e+00, 
*/mnt/lustre/mathdugre/fast-interpolate/datasets/ds004513/derivatives/flint/antsRegistration/r8-p20/sub-s003/Stage1_level3_Iter0011.nii.gz
2DIAGNOSTIC,    11, -4.824378468572e-01, 1.066923141479e-04, 0.0000e+00, 0.0000e+00, 
*/mnt/lustre/mathdugre/fast-interpolate/datasets/ds004513/derivatives/flint/antsRegistration/r8-p20/sub-s003/Stage1_level3_Iter0012.nii.gz
2DIAGNOSTIC,    12, -4.824370381422e-01, 9.191036224365e-05, 0.0000e+00, 0.0000e+00, 
*/mnt/lustre/mathdugre/fast-interpolate/datasets/ds004513/derivatives/flint/antsRegistration/r8-p20/sub-s003/Stage1_level3_Iter0013.nii.gz
2DIAGNOSTIC,    13, -4.824363297133e-01, 7.963180541992e-05, 0.0000e+00, 0.0000e+00, 
*/mnt/lustre/mathdugre/fast-interpolate/datasets/ds004513/derivatives/flint/antsRegistration/r8-p20/sub-s003/Stage1_level3_Iter0014.nii.gz
2DIAGNOSTIC,    14, -4.824360888400e-01, 6.979703903198e-05, 0.0000e+00, 0.0000e+00, 
*/mnt/lustre/mathdugre/fast-interpolate/datasets/ds004513/derivatives/flint/antsRegistration/r8-p20/sub-s003/Stage1_level3_Iter0015.nii.gz
2DIAGNOSTIC,    15, -4.824354451681e-01, 5.680322647095e-05, 0.0000e+00, 0.0000e+00, 
*/mnt/lustre/mathdugre/fast-interpolate/datasets/ds004513/derivatives/flint/antsRegistration/r8-p20/sub-s003/Stage1_level3_Iter0016.nii.gz
2DIAGNOSTIC,    16, -4.824345864281e-01, 4.100799560547e-05, 0.0000e+00, 0.0000e+00, 
*/mnt/lustre/mathdugre/fast-interpolate/datasets/ds004513/derivatives/flint/antsRegistration/r8-p20/sub-s003/Stage1_level3_Iter0017.nii.gz
2DIAGNOSTIC,    17, -4.824341776450e-01, 2.521276473999e-05, 0.0000e+00, 0.0000e+00, 
*/mnt/lustre/mathdugre/fast-interpolate/datasets/ds004513/derivatives/flint/antsRegistration/r8-p20/sub-s003/Stage1_level3_Iter0018.nii.gz
2DIAGNOSTIC,    18, -4.824347978598e-01, 1.224875450134e-05, 0.0000e+00, 0.0000e+00, 
*/mnt/lustre/mathdugre/fast-interpolate/datasets/ds004513/derivatives/flint/antsRegistration/r8-p20/sub-s003/Stage1_level3_Iter0019.nii.gz
2DIAGNOSTIC,    19, -4.824340554227e-01, 1.639127731323e-06, 0.0000e+00, 0.0000e+00, 
*/mnt/lustre/mathdugre/fast-interpolate/datasets/ds004513/derivatives/flint/antsRegistration/r8-p20/sub-s003/Stage1_level3_Iter0020.nii.gz
2DIAGNOSTIC,    20, -4.824342188566e-01, 1.370906829834e-06, 0.0000e+00, 0.0000e+00, 
*/mnt/lustre/mathdugre/fast-interpolate/datasets/ds004513/derivatives/flint/antsRegistration/r8-p20/sub-s003/Stage1_level3_Iter0021.nii.gz
2DIAGNOSTIC,    21, -4.824325613840e-01, 1.311302185059e-06, 0.0000e+00, 0.0000e+00, 
*/mnt/lustre/mathdugre/fast-interpolate/datasets/ds004513/derivatives/flint/antsRegistration/r8-p20/sub-s003/Stage1_level3_Iter0022.nii.gz
2DIAGNOSTIC,    22, -4.824326334320e-01, 1.192092895508e-06, 0.0000e+00, 0.0000e+00, 
*/mnt/lustre/mathdugre/fast-interpolate/datasets/ds004513/derivatives/flint/antsRegistration/r8-p20/sub-s003/Stage1_level3_Iter0023.nii.gz
2DIAGNOSTIC,    23, -4.824318324014e-01, 1.162290573120e-06, 0.0000e+00, 0.0000e+00, 
*/mnt/lustre/mathdugre/fast-interpolate/datasets/ds004513/derivatives/flint/antsRegistration/r8-p20/sub-s003/Stage1_level3_Iter0024.nii.gz
2DIAGNOSTIC,    24, -4.824318748520e-01, 1.102685928345e-06, 0.0000e+00, 0.0000e+00, 
*/mnt/lustre/mathdugre/fast-interpolate/datasets/ds004513/derivatives/flint/antsRegistration/r8-p20/sub-s003/Stage1_level3_Iter0025.nii.gz
2DIAGNOSTIC,    25, -4.824318305363e-01, 1.072883605957e-06, 0.0000e+00, 0.0000e+00, 
*/mnt/lustre/mathdugre/fast-interpolate/datasets/ds004513/derivatives/flint/antsRegistration/r8-p20/sub-s003/Stage1_level3_Iter0026.nii.gz
2DIAGNOSTIC,    26, -4.824319343285e-01, 1.043081283569e-06, 0.0000e+00, 0.0000e+00, 
*/mnt/lustre/mathdugre/fast-interpolate/datasets/ds004513/derivatives/flint/antsRegistration/r8-p20/sub-s003/Stage1_level3_Iter0027.nii.gz
2DIAGNOSTIC,    27, -4.824319293036e-01, 1.043081283569e-06, 0.0000e+00, 0.0000e+00, 
*/mnt/lustre/mathdugre/fast-interpolate/datasets/ds004513/derivatives/flint/antsRegistration/r8-p20/sub-s003/Stage1_level3_Iter0028.nii.gz
2DIAGNOSTIC,    28, -4.824319292522e-01, 1.013278961182e-06, 0.0000e+00, 0.0000e+00, 
DIAGNOSTIC,Iteration,metricValue,convergenceValue,ITERATION_TIME_INDEX,SINCE_LAST
*/mnt/lustre/mathdugre/fast-interpolate/datasets/ds004513/derivatives/flint/antsRegistration/r8-p20/sub-s003/Stage1_level4_Iter0001.nii.gz
2DIAGNOSTIC,     1, -4.486313549418e-01, 1.797693134862e+308, 0.0000e+00, 0.0000e+00, 
*/mnt/lustre/mathdugre/fast-interpolate/datasets/ds004513/derivatives/flint/antsRegistration/r8-p20/sub-s003/Stage1_level4_Iter0002.nii.gz
2DIAGNOSTIC,     2, -4.487263389005e-01, 1.797693134862e+308, 0.0000e+00, 0.0000e+00, 
*/mnt/lustre/mathdugre/fast-interpolate/datasets/ds004513/derivatives/flint/antsRegistration/r8-p20/sub-s003/Stage1_level4_Iter0003.nii.gz
2DIAGNOSTIC,     3, -4.487295655435e-01, 1.797693134862e+308, 0.0000e+00, 0.0000e+00, 
*/mnt/lustre/mathdugre/fast-interpolate/datasets/ds004513/derivatives/flint/antsRegistration/r8-p20/sub-s003/Stage1_level4_Iter0004.nii.gz
2DIAGNOSTIC,     4, -4.487319774708e-01, 1.797693134862e+308, 0.0000e+00, 0.0000e+00, 
*/mnt/lustre/mathdugre/fast-interpolate/datasets/ds004513/derivatives/flint/antsRegistration/r8-p20/sub-s003/Stage1_level4_Iter0005.nii.gz
2DIAGNOSTIC,     5, -4.487320664059e-01, 1.797693134862e+308, 0.0000e+00, 0.0000e+00, 
*/mnt/lustre/mathdugre/fast-interpolate/datasets/ds004513/derivatives/flint/antsRegistration/r8-p20/sub-s003/Stage1_level4_Iter0006.nii.gz
2DIAGNOSTIC,     6, -4.487317323185e-01, 1.797693134862e+308, 0.0000e+00, 0.0000e+00, 
*/mnt/lustre/mathdugre/fast-interpolate/datasets/ds004513/derivatives/flint/antsRegistration/r8-p20/sub-s003/Stage1_level4_Iter0007.nii.gz
